Local base-pair parameters
     bp        Shear    Stretch   Stagger    Buckle  Propeller  Opening
    1 C-G       1.02     -0.31     -0.24     17.88    -10.72     -1.35
    2 G-C      -0.56     -0.13      0.27     -2.36     -6.33      3.07
    3 C-G      -0.17     -0.38      0.23     -5.10     -7.72      1.70
    4 A-T      -0.55     -0.49      0.02      3.32     -7.98      3.99
    5 T-A      -0.31     -0.33      0.66      6.35     -8.50      4.62
    6 A-T      -1.23      0.01      0.19    -14.03    -18.35     -1.40
    7 T-A      -0.47      0.03      0.37     -3.24    -12.42     15.06
    8 A-T      -0.12     -0.42     -0.11     -8.40    -19.63     -1.71
    9 T-A       0.41     -0.27      0.11     -2.46    -20.99      4.29
   10 G-C      -0.98     -0.55      0.17      1.56     -8.89     -0.21
   11 C-G       0.61     -0.47      0.70      0.04    -23.29     -6.14
   12 G-C       0.34     -0.20     -0.66      7.04     22.73     -5.00
