Local base-pair step parameters
    step       Shift     Slide      Rise      Tilt      Roll     Twist
   1 CG/CG      0.17      0.52      3.90     -0.41      6.64     31.36
   2 GC/GC      0.30      0.41      3.48      2.57     -3.38     37.88
   3 CA/TG      0.27      0.54      3.17      0.95      5.40     33.49
   4 AT/AT      0.43     -0.51      3.30     -2.08     -0.58     33.33
   5 TA/TA     -0.23     -0.77      3.64      7.26     -0.30     35.24
   6 AT/AT      0.96     -0.65      3.00     -0.39      2.36     32.17
   7 TA/TA     -1.06      0.59      3.41      0.72      4.30     44.62
   8 AT/AT     -0.20     -0.07      3.16     -0.80     -7.97     36.32
   9 TG/CA      0.21      1.13      3.36     -3.71      9.68     24.26
  10 GC/GC     -1.34      0.87      3.72     -9.19    -21.00     48.89
  11 CG/CG      0.90      0.35      3.24     10.76    -10.01     34.79
