Local base-pair helical parameters
    step       X-disp    Y-disp   h-Rise     Incl.       Tip   h-Twist
   1 CG/CG     -0.51     -0.41      3.92     12.12      0.75     32.04
   2 GC/GC      1.09     -0.11      3.44     -5.19     -3.94     38.11
   3 CA/TG      0.08     -0.31      3.22      9.29     -1.64     33.93
   4 AT/AT     -0.79     -1.09      3.28     -1.01      3.62     33.40
   5 TA/TA     -1.21      1.52      3.53     -0.48    -11.84     35.96
   6 AT/AT     -1.55     -1.78      2.93      4.24      0.70     32.25
   7 TA/TA      0.37      1.46      3.43      5.65     -0.95     44.82
   8 AT/AT      0.93      0.21      3.11    -12.60      1.26     37.16
   9 TG/CA     -0.35     -1.55      3.48     21.80      8.35     26.35
  10 GC/GC      2.45      0.83      3.31    -23.91     10.47     53.69
  11 CG/CG      1.87      0.02      3.15    -15.88    -17.09     37.68
