Reference frame: Origins (Ox, Oy, Oz) followed by the direction cosines of the
                 X- (Xx, Yx, Zx), Y- (Yx, Yx, Yx), and Z- (Zx, Zx, Zx) axes
*****************************************************************************************
Local base-pair reference frames
                Ox      Oy      Oz     Xx    Xy    Xz   Yx    Yy    Yz    Zx    Zy    Zz
   1 G-C      -1.73   13.65   -0.69  0.62  0.02 -0.79  0.79 -0.00  0.62  0.01 -1.00 -0.02
   2 G-C      -2.75   10.73   -0.55  0.95  0.04 -0.30  0.30  0.08  0.95  0.06 -1.00  0.07
   3 C-G      -2.32    7.25   -0.35  0.90  0.03  0.44 -0.44  0.04  0.90  0.01 -1.00  0.05
   4 A-T      -1.37    4.83   -0.46  0.55  0.14  0.82 -0.82 -0.09  0.57  0.16 -0.99  0.06
   5 A-T      -0.83    1.95   -0.54 -0.05  0.05  1.00 -1.00 -0.06 -0.05  0.05 -1.00  0.06
   6 A-T       0.47   -1.15   -0.01 -0.70  0.01  0.72 -0.71 -0.16 -0.69  0.11 -0.99  0.11
   7 A-T       1.12   -4.40   -0.39 -0.98 -0.18  0.13 -0.11 -0.16 -0.98  0.19 -0.97  0.13
   8 C-G       1.92   -8.25    0.54 -0.78 -0.26 -0.57  0.56  0.13 -0.82  0.29 -0.96  0.04
   9 G-C       2.58  -11.31    0.95 -0.25 -0.33 -0.91  0.92  0.21 -0.32  0.29 -0.92  0.25
  10 G-C       3.07  -15.41    1.63  0.27  0.04 -0.96  0.93  0.24  0.27  0.24 -0.97  0.03
*****************************************************************************************
Local middle reference frames
                Ox      Oy      Oz     Xx    Xy    Xz   Yx    Yy    Yz    Zx    Zy    Zz
   1 GG/CC    -2.24   12.19   -0.62  0.82  0.01 -0.57  0.57  0.04  0.82  0.04 -1.00  0.03
   2 GC/GC    -2.54    8.99   -0.45  1.00  0.04  0.08 -0.08  0.05  1.00  0.03 -1.00  0.06
   3 CA/TG    -1.85    6.04   -0.41  0.75  0.10  0.65 -0.66 -0.01  0.76  0.08 -1.00  0.05
   4 AA/TT    -1.10    3.39   -0.50  0.27  0.09  0.96 -0.96 -0.09  0.27  0.11 -0.99  0.06
   5 AA/TT    -0.18    0.40   -0.28 -0.40  0.05  0.92 -0.91 -0.11 -0.39  0.08 -0.99  0.09
   6 AA/TT     0.80   -2.77   -0.20 -0.89 -0.08  0.45 -0.43 -0.18 -0.88  0.15 -0.98  0.12
   7 AC/GT     1.52   -6.32    0.08 -0.94 -0.25 -0.23  0.25 -0.02 -0.97  0.24 -0.97  0.09
   8 CG/CG     2.25   -9.78    0.74 -0.54 -0.29 -0.79  0.79  0.15 -0.60  0.29 -0.95  0.15
   9 GG/CC     2.82  -13.36    1.29  0.01 -0.14 -0.99  0.96  0.27 -0.03  0.27 -0.95  0.14
*****************************************************************************************
Local middle helical reference frames
                Ox      Oy      Oz     Xx    Xy    Xz   Yx    Yy    Yz    Zx    Zy    Zz
   1 GG/CC    -1.96   12.04   -1.75  0.82 -0.15 -0.56  0.57  0.03  0.82 -0.10 -0.99  0.11
   2 GC/GC    -2.82    8.97   -0.20  1.00  0.06  0.08 -0.08 -0.01  1.00  0.06 -1.00 -0.01
   3 CA/TG    -0.24    6.61    1.00  0.74  0.25  0.62 -0.67  0.21  0.71  0.05 -0.95  0.32
   4 AA/TT    -1.38    3.33   -0.16  0.28 -0.06  0.96 -0.95 -0.13  0.27  0.11 -0.99 -0.09
   5 AA/TT    -0.23    0.66    1.40 -0.40  0.14  0.90 -0.91 -0.07 -0.40  0.01 -0.99  0.15
   6 AA/TT     2.41   -2.49    0.13 -0.90 -0.00  0.44 -0.42 -0.27 -0.87  0.12 -0.96  0.25
   7 AC/GT     1.43   -6.52   -0.69 -0.90 -0.39 -0.21  0.27 -0.11 -0.96  0.35 -0.91  0.20
   8 CG/CG     2.38   -9.61    1.81 -0.57 -0.12 -0.81  0.82 -0.11 -0.56 -0.02 -0.99  0.16
   9 GG/CC     2.26  -13.92   -1.66 -0.03 -0.07 -1.00  0.81  0.58 -0.06  0.58 -0.81  0.04
*****************************************************************************************
Local strand I base reference frames
                Ox      Oy      Oz     Xx    Xy    Xz   Yx    Yy    Yz    Zx    Zy    Zz
   1 G        -1.62   13.60   -0.79  0.64 -0.10 -0.76  0.77  0.03  0.64 -0.04 -0.99  0.10
   2 G        -2.93   10.45   -0.55  0.95  0.01 -0.32  0.32  0.07  0.94  0.03 -1.00  0.07
   3 C        -1.90    6.96   -0.26  0.89  0.01  0.45 -0.45  0.11  0.89 -0.04 -0.99  0.10
   4 A        -1.42    4.59   -0.65  0.54  0.01  0.84 -0.83 -0.18  0.53  0.16 -0.98 -0.09
   5 A        -0.81    1.56   -0.47 -0.07 -0.01  1.00 -0.98 -0.19 -0.07  0.19 -0.98  0.00
   6 A         0.29   -1.24    0.16 -0.70 -0.10  0.71 -0.66 -0.30 -0.69  0.28 -0.95  0.14
   7 A         0.78   -4.52   -0.38 -0.94 -0.31  0.14 -0.05 -0.30 -0.95  0.34 -0.90  0.27
   8 C         1.57   -8.78    0.47 -0.74 -0.39 -0.55  0.52  0.20 -0.83  0.43 -0.90  0.06
   9 G         2.55  -11.27    1.11 -0.30 -0.19 -0.93  0.92  0.18 -0.33  0.24 -0.96  0.12
  10 G         2.93  -15.01    1.68  0.29 -0.08 -0.95  0.88  0.40  0.24  0.36 -0.91  0.19
*****************************************************************************************
Local strand II base reference frames
                Ox      Oy      Oz     Xx    Xy    Xz   Yx    Yy    Yz    Zx    Zy    Zz
   1 C        -1.83   13.71   -0.60  0.58  0.15 -0.80  0.81 -0.03  0.59  0.06 -0.99 -0.14
   2 C        -2.57   11.02   -0.55  0.96  0.07 -0.28  0.27  0.09  0.96  0.09 -0.99  0.07
   3 G        -2.74    7.55   -0.45  0.90  0.04  0.43 -0.43 -0.03  0.90  0.05 -1.00 -0.01
   4 T        -1.32    5.07   -0.27  0.57  0.26  0.78 -0.81  0.00  0.59  0.15 -0.97  0.21
   5 T        -0.84    2.34   -0.60 -0.02  0.11  0.99 -1.00  0.08 -0.03 -0.08 -0.99  0.11
   6 T         0.65   -1.05   -0.19 -0.68  0.11  0.73 -0.73 -0.00 -0.68 -0.07 -0.99  0.08
   7 T         1.45   -4.28   -0.39 -0.99 -0.04  0.15 -0.15  0.00 -0.99  0.04 -1.00 -0.01
   8 G         2.26   -7.71    0.60 -0.80 -0.12 -0.59  0.58  0.07 -0.81  0.14 -0.99  0.02
   9 C         2.61  -11.36    0.79 -0.18 -0.46 -0.87  0.92  0.23 -0.32  0.34 -0.86  0.38
  10 C         3.20  -15.81    1.58  0.26  0.16 -0.95  0.96  0.07  0.28  0.12 -0.98 -0.14
****************************************************************************
Local strand I base step parameters
    step       Shift     Slide      Rise      Tilt      Roll     Twist
   1  G/G      -1.05     -0.75      3.16     -0.80      4.72     31.28
   2  G/C       1.03     -0.08      3.50     -2.36     -3.96     45.61
   3  C/A      -0.02     -0.52      2.39     15.78      0.99     30.70
   4  A/A       0.32      0.00      3.09      0.43      5.47     36.28
   5  A/A       0.22     -0.54      3.02      8.46      4.90     40.38
   6  A/A      -0.03      1.32      3.08      8.43      0.02     38.19
   7  A/C       0.89     -0.35      4.32    -13.00     -2.02     43.03
   8  C/G      -0.37     -0.18      2.72     11.35      4.36     35.58
   9  G/G       0.04     -0.77      3.72     -7.57     -4.46     34.99
          ~~~~~~~~~~~~~~~~~~~~~~~~~~~~~~~~~~~~~~~~~~~~~~~~~~~~~~~~~~~~
      ave.      0.11     -0.21      3.22      2.30      1.11     37.34
      s.d.      0.63      0.64      0.57      9.39      3.95      5.02
****************************************************************************
Local strand I base helical parameters
    step       X-disp    Y-disp   h-Rise     Incl.       Tip   h-Twist
   1  G/G      -2.21      1.79      3.05      8.68      1.46     31.63
   2  G/C       0.26     -1.54      3.44     -5.10      3.04     45.83
   3  C/A      -1.00      1.82      2.11      1.74    -27.63     34.44
   4  A/A      -0.70     -0.45      3.06      8.72     -0.69     36.68
   5  A/A      -1.24      0.53      2.92      6.98    -12.05     41.50
   6  A/A       1.98      1.00      3.01      0.03    -12.70     39.08
   7  A/C      -0.22     -2.68      3.92     -2.68     17.25     44.91
   8  C/G      -0.74      1.79      2.45      6.90    -17.94     37.54
   9  G/G      -0.51     -1.31      3.70     -7.28     12.35     36.05
          ~~~~~~~~~~~~~~~~~~~~~~~~~~~~~~~~~~~~~~~~~~~~~~~~~~~~~~~~~~~~
      ave.     -0.49      0.10      3.07      2.00     -4.10     38.63
      s.d.      1.15      1.67      0.57      6.13     14.59      4.71
****************************************************************************
Local strand II base step parameters
    step       Shift     Slide      Rise      Tilt      Roll     Twist
   1  C/C      -0.85     -0.43      2.62    -10.75     -5.57     37.41
   2  C/G      -0.41      0.04      3.45      4.58     -2.40     41.91
   3  G/T       0.83     -0.80      2.61     -6.16     12.42     27.78
   4  T/T      -0.61     -0.60      2.66    -11.05     -9.26     36.77
   5  T/T      -0.59     -1.66      3.29     -0.27     -1.71     41.31
   6  T/T      -0.91     -0.11      3.21     -1.51     -8.33     38.73
   7  T/G      -0.71     -0.83      3.49      0.18     -5.79     44.23
   8  G/C       0.79     -0.15      3.58      1.68    -24.94     37.13
   9  C/C      -0.21     -0.50      4.53     14.27     30.32     34.14
          ~~~~~~~~~~~~~~~~~~~~~~~~~~~~~~~~~~~~~~~~~~~~~~~~~~~~~~~~~~~~
      ave.     -0.30     -0.56      3.27     -1.00     -1.69     37.71
      s.d.      0.66      0.51      0.61      7.88     15.40      4.83
****************************************************************************
Local strand II base helical parameters
    step       X-disp    Y-disp   h-Rise     Incl.       Tip   h-Twist
   1  C/C      -0.07      0.18      2.78     -8.41     16.25     39.25
   2  C/G       0.31      1.06      3.39     -3.34     -6.37     42.21
   3  G/T      -3.23     -2.42      1.87     24.07     11.94     30.99
   4  T/T       0.06     -0.22      2.79    -14.04     16.75     39.41
   5  T/T      -2.17      0.81      3.36     -2.42      0.38     41.34
   6  T/T       0.81      1.16      3.19    -12.38      2.24     39.61
   7  T/G      -0.51      0.96      3.56     -7.65     -0.23     44.58
   8  G/C       2.40     -0.87      3.12    -34.77     -2.35     44.51
   9  C/C      -3.94      1.82      2.93     41.37    -19.47     47.49
          ~~~~~~~~~~~~~~~~~~~~~~~~~~~~~~~~~~~~~~~~~~~~~~~~~~~~~~~~~~~~
      ave.     -0.71      0.28      3.00     -1.95      2.13     41.04
      s.d.      2.03      1.29      0.50     22.25     11.60      4.70
****************************************************************************
xyz coordinates of C1' atoms

    bp        xI       yI       zI       xII      yII      zII
   1 G-C     1.004   14.108    4.555   -7.679   13.730   -1.952
   2 G-C    -3.515   10.875    5.370   -6.348   10.288   -5.124
   3 C-G    -6.497    7.541    3.500   -2.594    7.456   -6.362
   4 A-T    -7.212    3.691    0.143    1.637    4.345   -5.333
   5 A-T    -5.834    0.307   -3.283    4.614    1.770   -2.835
   6 A-T    -1.481   -2.673   -5.271    6.284   -1.208    1.630
   7 A-T     2.786   -5.372   -5.872    4.696   -4.272    4.592
   8 C-G     6.229   -6.811   -2.691    1.128   -7.881    6.408
   9 G-C     8.248   -9.728    1.625   -1.899  -11.714    4.694
  10 G-C     7.137  -12.893    5.315   -2.675  -16.782    2.297
****************************************************************************
xyz coordinates of RN9/YN1 atoms

    bp        xI       yI       zI       xII      yII      zII
   1 G-C     1.029   13.881    3.116   -6.243   13.680   -2.247
   2 G-C    -2.694   10.768    4.165   -5.020   10.520   -4.549
   3 C-G    -5.076    7.436    3.179   -1.931    7.648   -5.091
   4 A-T    -5.839    3.767    0.656    1.577    4.741   -3.922
   5 A-T    -5.121    0.720   -2.078    3.667    1.848   -1.717
   6 A-T    -1.780   -2.455   -3.853    4.829   -1.185    1.947
   7 A-T     1.784   -5.466   -4.837    3.386   -4.233    3.885
   8 C-G     4.878   -7.405   -2.591    0.658   -7.846    5.034
   9 G-C     7.136  -10.190    0.804   -1.340  -11.827    3.332
  10 G-C     6.582  -13.083    3.990   -1.486  -16.350    1.530
****************************************************************************
xyz coordinates of RC8/YC6 atoms

    bp        xI       yI       zI       xII      yII      zII
   1 G-C     2.178   13.755    2.384   -5.922   13.859   -3.564
   2 G-C    -1.323   10.812    4.125   -3.963   10.546   -5.417
   3 C-G    -4.211    7.512    4.231   -0.576    7.718   -4.917
   4 A-T    -5.460    3.701    1.976    2.765    5.058   -3.287
   5 A-T    -5.611    0.633   -0.805    4.221    1.936   -0.460
   6 A-T    -2.968   -2.714   -3.203    4.391   -1.049    3.260
   7 A-T     0.553   -5.988   -5.059    2.215   -4.292    4.627
   8 C-G     4.227   -7.789   -3.735   -0.640   -8.033    4.624
   9 G-C     7.132  -10.358   -0.562   -2.063  -12.526    2.403
  10 G-C     7.335  -13.025    2.851   -1.668  -16.187    0.184
****************************************************************************
xyz coordinates of O1P atoms w.r.t. the middle frame of each dimer

    step       xI      yI      zI     xII     yII     zII
   1 GG/CC   -4.27    9.62   -1.28   -3.83   10.54    0.24
   2 GC/GC   -3.32   10.17   -0.00   -4.02   10.07   -0.68
   3 CA/TG   -4.24    9.83   -0.07   -4.44    9.91    0.11
   4 AA/TT   -4.49    9.77    0.69   -4.44    9.91   -1.44
   5 AA/TT   -3.93    9.46    1.96   -4.75    9.57   -0.31
   6 AA/TT   -3.07   10.18    0.00   -4.34    9.99   -1.69
   7 AC/GT   -3.36    9.89    0.56   -4.85    9.28   -1.66
   8 CG/CG   -4.17    9.32   -1.55   -3.40    9.90    0.78
   9 GG/CC   -3.87   10.14   -0.15   -3.88   10.32    0.63
****************************************************************************
xyz coordinates of O1P atoms w.r.t. the middle helix frame of each dimer

    step      xIH     yIH     zIH     xIIH    yIIH    zIIH
   1 GG/CC   -5.30   10.38   -0.68   -4.68    9.76   -0.49
   2 GC/GC   -3.04    9.86   -0.78   -3.78   10.28   -1.27
   3 CA/TG   -6.56    9.63    1.45   -6.40    9.60    3.02
   4 AA/TT   -4.62    9.44    0.89   -4.40   10.18   -2.50
   5 AA/TT   -5.68   10.01    1.97   -6.30    8.93    0.52
   6 AA/TT   -1.71   11.16   -1.25   -3.19    8.76   -2.30
   7 AC/GT   -3.62    9.19    0.18   -4.83    9.80   -3.12
   8 CG/CG   -2.67    8.99   -4.65   -2.49    9.32   -1.31
   9 GG/CC   -6.99   10.24    3.00   -6.67    8.83    4.42
****************************************************************************
xyz coordinates of O2P atoms w.r.t. the middle frame of each dimer

    step       xI      yI      zI     xII     yII     zII
   1 GG/CC   -2.55    9.41    0.61   -1.48   10.01    1.15
   2 GC/GC   -1.20    9.23    1.10   -2.17    9.62    1.04
   3 CA/TG   -2.02    9.36    1.14   -2.23    9.37    1.28
   4 AA/TT   -2.33    9.14    1.92   -2.39    9.78    0.10
   5 AA/TT   -1.75    8.49    2.91   -2.42    9.35    0.75
   6 AA/TT   -1.22    9.30    1.54   -2.14    9.38   -0.52
   7 AC/GT   -1.42    8.89    1.90   -3.12    9.26    0.23
   8 CG/CG   -2.36    9.37    0.27   -1.57    8.56    1.97
   9 GG/CC   -1.60    9.36    0.73   -1.55    9.84    1.57
****************************************************************************
xyz coordinates of O2P atoms w.r.t. the middle helix frame of each dimer

    step      xIH     yIH     zIH     xIIH    yIIH    zIIH
   1 GG/CC   -3.30   10.19    0.91   -2.52    9.24    0.79
   2 GC/GC   -0.95    9.01    0.44   -1.89    9.95    0.43
   3 CA/TG   -4.56    8.86    2.87   -4.04    8.85    3.67
   4 AA/TT   -2.30    8.85    1.83   -2.59   10.14   -0.68
   5 AA/TT   -3.59    9.01    3.07   -3.89    8.67    1.35
   6 AA/TT    0.01   10.44    0.51   -0.90    8.25   -1.27
   7 AC/GT   -1.51    8.30    1.31   -3.38    9.96   -1.01
   8 CG/CG   -1.19    9.55   -2.63   -0.44    8.30   -0.13
   9 GG/CC   -4.78    9.17    3.75   -4.27    8.10    4.95
****************************************************************************
xyz coordinates of P atoms w.r.t. the middle frame of each dimer

    step       xI      yI      zI     xII     yII     zII
   1 GG/CC   -3.28    8.81   -0.54   -2.71    9.58    0.43
   2 GC/GC   -2.38    9.04    0.21   -3.13    9.12    0.02
   3 CA/TG   -3.11    8.92    0.23   -3.28    9.00    0.31
   4 AA/TT   -3.44    8.77    1.01   -3.33    9.12   -0.84
   5 AA/TT   -2.86    8.42    1.93   -3.47    8.83   -0.17
   6 AA/TT   -2.33    9.04    0.58   -3.30    8.98   -1.35
   7 AC/GT   -2.43    8.77    0.82   -3.73    8.62   -0.96
   8 CG/CG   -3.18    8.61   -0.71   -2.61    8.66    0.92
   9 GG/CC   -2.84    9.09   -0.03   -2.72    9.40    0.78
****************************************************************************
xyz coordinates of P atoms w.r.t. the middle helix frame of each dimer

    step      xIH     yIH     zIH     xIIH    yIIH    zIIH
   1 GG/CC   -4.20    9.58   -0.10   -3.61    8.81   -0.12
   2 GC/GC   -2.11    8.76   -0.46   -2.87    9.38   -0.53
   3 CA/TG   -5.48    8.66    1.72   -5.24    8.69    2.82
   4 AA/TT   -3.53    8.45    1.10   -3.39    9.43   -1.71
   5 AA/TT   -4.61    8.98    2.00   -5.02    8.19    0.51
   6 AA/TT   -1.02   10.08   -0.50   -2.13    7.78   -1.96
   7 AC/GT   -2.66    8.09    0.40   -3.82    9.21   -2.22
   8 CG/CG   -1.84    8.54   -3.50   -1.65    8.14   -0.98
   9 GG/CC   -5.96    9.19    2.84   -5.52    7.93    4.16
****************************************************************************
xyz coordinates of P atoms

    bp        xI       yI       zI       xII      yII      zII
   1 G-C     ----     ----     ----    -9.924   12.195   -6.971
   2 G-C     0.048   13.045    8.469   -4.929    8.396   -9.775
   3 C-G    -5.612    9.179    8.377    1.564    6.156   -9.368
   4 A-T   -10.008    5.391    4.313    6.840    3.052   -6.146
   5 A-T   -10.314    1.350   -1.339    9.287    1.018    0.050
   6 A-T    -6.565   -2.556   -6.050    7.818   -2.245    6.422
   7 A-T    -0.954   -4.765   -9.169    3.124   -6.086    9.370
   8 C-G     6.157   -6.718   -7.785   -3.406   -9.462    7.852
   9 G-C    10.537   -6.892   -2.020   -6.464  -14.760    4.163
  10 G-C    11.536  -10.481    3.818    ----     ----     ---- 
*******************************************************************************************
Phosphorus-phosphorus distance in Angstroms

            1      2      3      4      5      6      7      8      9     10
            C      C      G      T      T      T      T      G      C      C   
   1 G    ----   ----   ----   ----   ----   ----   ----   ----   ----   ----
   2 G    18.4   19.5   19.2   19.0   17.3   17.3   19.4   22.8   28.9   ----
   3 C    16.2   18.2   19.4   20.1   18.9   17.7   17.6   18.8   24.3   ----
   4 A    13.2   15.3   17.9   20.0   20.2   19.5   18.2   16.6   20.5   ----
   5 A    12.2   12.2   15.1   17.9   19.7   20.0   18.7   15.8   17.5   ----
   6 A    15.2   11.7   12.4   14.5   17.4   19.0   18.6   15.8   15.9   ----
   7 A    19.3   13.8   11.2   11.4   14.9   18.1   19.0   17.8   17.5   ----
   8 C    24.8   18.8   13.8    9.9   11.4   15.0   17.4   18.5   19.1   ----
   9 G    28.4   23.1   17.5   11.4    8.3   10.0   13.6   17.3   19.7   ----
  10 G    33.0   28.5   23.5   17.4   12.3    9.4   11.0   15.5   18.5   ----
****************************************************************************
Strand I helix radius

    step          P        O4'       C1'
   1  G/G      11.85      9.22      8.55
   2  G/C       7.93      4.95      4.46
   3  C/A      11.50      8.32      7.92
   4  A/A       9.13      6.52      5.78
   5  A/A       9.85      7.58      6.94
   6  A/A      10.00      6.83      6.38
   7  A/C       6.94      4.49      3.76
   8  C/G      11.29      8.45      7.88
   9  G/G       8.49      5.69      5.05
****************************************************************************
Strand II helix radius

    step          P        O4'       C1'
   1  C/C       9.71      6.20      5.68
   2  C/G       8.54      5.36      4.85
   3  G/T      12.58     10.19      9.50
   4  T/T       9.51      6.14      5.76
   5  T/T       9.57      7.08      6.51
   6  T/T       8.13      4.78      4.41
   7  T/G       8.64      5.67      5.30
   8  G/C       8.34      5.20      5.25
   9  C/C       7.16      6.65      6.03
****************************************************************************************
Base-pair helix axis

               Ox      Oy      Oz     Xx    Xy    Xz   Yx    Yy    Yz    Zx    Zy    Zz
   1 GG/CC   -1.81   13.53   -1.91  0.61 -0.15 -0.78  0.79 -0.02  0.62 -0.10 -0.99  0.11
             -2.12   10.55   -1.59  0.95 -0.13 -0.29  0.30  0.07  0.95 -0.10 -0.99  0.11
   2 GC/GC   -2.93   10.72   -0.18  0.95  0.06 -0.30  0.30  0.01  0.95  0.06 -1.00 -0.01
             -2.71    7.23   -0.21  0.89  0.05  0.44 -0.44 -0.04  0.90  0.06 -1.00 -0.01
   3 CA/TG   -0.30    7.70    0.63  0.89  0.19  0.41 -0.45  0.27  0.85  0.05 -0.95  0.32
             -0.18    5.52    1.37  0.54  0.30  0.79 -0.84  0.13  0.52  0.05 -0.95  0.32
   4 AA/TT   -1.54    4.78   -0.03  0.57 -0.01  0.82 -0.81 -0.14  0.57  0.11 -0.99 -0.09
             -1.22    1.88   -0.30 -0.04 -0.10  0.99 -0.99 -0.10 -0.05  0.11 -0.99 -0.09
   5 AA/TT   -0.24    2.22    1.16 -0.05  0.15  0.99 -1.00 -0.01 -0.05  0.01 -0.99  0.15
             -0.22   -0.89    1.64 -0.70  0.11  0.70 -0.71 -0.11 -0.69  0.01 -0.99  0.15
   6 AA/TT    2.23   -0.99   -0.26 -0.71  0.09  0.70 -0.70 -0.26 -0.67  0.12 -0.96  0.25
              2.60   -3.99    0.51 -0.99 -0.09  0.12 -0.09 -0.26 -0.96  0.12 -0.96  0.25
   7 AC/GT    0.73   -4.70   -1.09 -0.93 -0.32  0.16 -0.08 -0.24 -0.97  0.35 -0.91  0.20
              2.13   -8.35   -0.29 -0.73 -0.40 -0.55  0.59  0.05 -0.81  0.35 -0.91  0.20
   8 CG/CG    2.41   -8.09    1.56 -0.80 -0.08 -0.59  0.59 -0.15 -0.79 -0.02 -0.99  0.16
              2.34  -11.13    2.06 -0.27 -0.15 -0.95  0.96 -0.07 -0.26 -0.02 -0.99  0.16
   9 GG/CC    1.20  -12.44   -1.74 -0.28 -0.25 -0.93  0.76  0.53 -0.38  0.58 -0.81  0.04
              3.31  -15.39   -1.59  0.23  0.12 -0.96  0.78  0.57  0.26  0.58 -0.81  0.04
****************************************************************************************
Strand I helix axis

               Ox      Oy      Oz     Xx    Xy    Xz   Yx    Yy    Yz    Zx    Zy    Zz
   1  G/G    -1.57   12.98   -3.56  0.64 -0.13 -0.76  0.76  0.18  0.62  0.06 -0.97  0.22
             -1.39   10.01   -2.90  0.95 -0.01 -0.32  0.31  0.22  0.92  0.06 -0.97  0.22
   2  G/C    -2.68   10.43    0.99  0.95 -0.04 -0.32  0.32 -0.02  0.95 -0.05 -1.00 -0.00
             -2.83    7.00    0.99  0.89 -0.04  0.46 -0.46  0.02  0.89 -0.05 -1.00 -0.00
   3  C/A    -0.26    7.18   -1.52  0.81  0.47  0.35 -0.46  0.14  0.88  0.37 -0.87  0.33
              0.51    5.34   -0.83  0.41  0.47  0.78 -0.84 -0.15  0.53  0.37 -0.87  0.33
   4  A/A    -1.43    4.60    0.19  0.54  0.02  0.84 -0.84 -0.03  0.54  0.04 -1.00  0.00
             -1.31    1.54    0.19 -0.07 -0.00  1.00 -1.00 -0.04 -0.07  0.04 -1.00  0.00
   5  A/A    -0.41    1.83    0.78 -0.10  0.19  0.98 -0.99 -0.07 -0.08  0.05 -0.98  0.20
             -0.26   -1.03    1.37 -0.73  0.10  0.68 -0.68 -0.18 -0.71  0.05 -0.98  0.20
   6  A/A     2.42   -1.16   -0.46 -0.74  0.11  0.66 -0.66 -0.30 -0.69  0.12 -0.95  0.29
              2.79   -4.01    0.42 -0.99 -0.10  0.08 -0.05 -0.30 -0.95  0.12 -0.95  0.29
   7  A/C     0.54   -5.55   -2.86 -0.80 -0.56  0.22 -0.02 -0.34 -0.94  0.60 -0.75  0.26
              2.91   -8.50   -1.85 -0.58 -0.64 -0.51  0.55  0.16 -0.82  0.60 -0.75  0.26
   8  C/G     0.09   -9.40    1.55 -0.84 -0.09 -0.53  0.48  0.31 -0.82  0.24 -0.95 -0.21
              0.68  -11.73    1.02 -0.38  0.11 -0.92  0.90  0.30 -0.33  0.24 -0.95 -0.21
   9  G/G     3.67  -11.39    0.26 -0.26 -0.39 -0.88  0.95  0.06 -0.30  0.18 -0.92  0.36
              4.32  -14.78    1.58  0.35 -0.28 -0.89  0.92  0.28  0.27  0.18 -0.92  0.36
****************************************************************************************
Strand II helix axis

               Ox      Oy      Oz     Xx    Xy    Xz   Yx    Yy    Yz    Zx    Zy    Zz
   1  C/C    -1.93   13.73   -0.77  0.56 -0.13 -0.82  0.80 -0.18  0.58 -0.22 -0.97  0.01
             -2.55   11.02   -0.75  0.94 -0.22 -0.27  0.26 -0.05  0.96 -0.22 -0.97  0.01
   2  C/G    -3.17   10.93   -1.49  0.94  0.18 -0.28  0.28  0.04  0.96  0.18 -0.98 -0.02
             -2.56    7.60   -1.54  0.89  0.15  0.44 -0.43 -0.09  0.90  0.18 -0.98 -0.02
   3  G/T    -0.83    7.94    3.10  0.87 -0.16  0.46 -0.38  0.38  0.85 -0.31 -0.91  0.27
             -1.41    6.23    3.60  0.55  0.06  0.83 -0.77  0.40  0.49 -0.31 -0.91  0.27
   4  T/T    -1.53    5.02   -0.19  0.62 -0.03  0.79 -0.77 -0.24  0.59  0.17 -0.97 -0.17
             -1.06    2.32   -0.67 -0.01 -0.18  0.98 -0.99 -0.16 -0.04  0.17 -0.97 -0.17
   5  T/T    -0.09    2.55    1.58 -0.02  0.11  0.99 -1.00  0.04 -0.03 -0.04 -0.99  0.11
             -0.22   -0.79    1.94 -0.68  0.11  0.73 -0.73 -0.04 -0.68 -0.04 -0.99  0.11
   6  T/T     2.05   -0.86   -0.02 -0.68  0.07  0.73 -0.73 -0.22 -0.65  0.11 -0.97  0.20
              2.40   -3.97    0.62 -0.99 -0.08  0.15 -0.13 -0.21 -0.97  0.11 -0.97  0.20
   7  T/G     1.08   -4.18    0.62 -0.99 -0.04  0.15 -0.14 -0.13 -0.98  0.06 -0.99  0.12
              1.28   -7.70    1.07 -0.80 -0.12 -0.59  0.60 -0.07 -0.80  0.06 -0.99  0.12
   8  G/C     4.66   -7.95    1.46 -0.80 -0.08 -0.60  0.55 -0.51 -0.66 -0.25 -0.85  0.46
              3.88  -10.62    2.88 -0.19 -0.42 -0.89  0.95 -0.31 -0.05 -0.25 -0.85  0.46
   9  C/C     0.19  -13.56   -2.07 -0.39 -0.20 -0.90  0.49  0.78 -0.38  0.78 -0.59 -0.21
              2.47  -15.28   -2.67  0.10  0.45 -0.89  0.62  0.67  0.41  0.78 -0.59 -0.21
