  10 # base-pairs
   1 # ***local base-pair & helical parameters***
#        Shear    Stretch   Stagger   Buckle   Prop-Tw   Opening     X-disp    Y-disp    h-Rise    Incl.     Tip     h-Twist
G-C      0.270     0.047     0.117    -3.842   -14.453     4.062     0.000     0.000     0.000     0.000     0.000     0.000
G-C     -0.363    -0.151     0.552     1.205    -2.928    -2.817    -0.917     0.812     3.006    -0.662     9.731    34.917
C-G      0.812    -0.230     0.604    -8.229    -1.810     1.153     0.286    -0.300     3.499    -4.237    -1.482    43.832
A-T     -0.426    -0.088     0.434    10.019   -13.857     4.824    -2.294    -0.045     2.301    13.390    -9.511    30.624
A-T      0.083     0.004     0.792    15.242    -7.147     3.113    -0.259    -0.388     2.922    -2.694     8.707    37.545
A-T      0.500     0.050     0.190    17.276   -12.037     3.280    -1.677     0.683     3.148     2.485    -5.691    41.468
A-T      0.696     0.099     0.096    18.301   -15.555     2.261     1.395     1.100     3.113    -6.022    -4.977    39.408
C-G      0.891    -0.421     0.827    -8.193   -15.544    -1.457    -0.343    -0.789     3.983    -5.329     8.798    43.744
G-C     -0.307    -0.136    -0.014     2.228    17.054    -1.830     1.017     0.538     3.078   -16.280   -10.510    37.799
G-C     -0.137    -0.025    -0.839   -19.375   -14.118    -1.708    -3.166     0.633     3.637    20.967    -4.958    37.197
