  10 # base-pairs
   0 # ***local base-pair & step parameters***
#        Shear    Stretch   Stagger   Buckle   Prop-Tw   Opening     Shift     Slide     Rise      Tilt      Roll      Twist
G-C      0.270     0.047     0.117    -3.842   -14.453     4.062     0.000     0.000     0.000     0.000     0.000     0.000
G-C     -0.363    -0.151     0.552     1.205    -2.928    -2.817    -0.966    -0.583     2.882    -5.813    -0.395    34.442
C-G      0.812    -0.230     0.604    -8.229    -1.810     1.153     0.308    -0.027     3.499     1.105    -3.160    43.710
A-T     -0.426    -0.088     0.434    10.019   -13.857     4.824     0.410    -0.668     2.480     4.959     6.982    29.429
A-T      0.083     0.004     0.792    15.242    -7.147     3.113    -0.172    -0.297     2.917    -5.583    -1.727    37.104
A-T      0.500     0.050     0.190    17.276   -12.037     3.280    -0.187    -1.058     3.225     4.022     1.757    41.245
A-T      0.696     0.099     0.096    18.301   -15.555     2.261    -0.482     0.625     3.241     3.347    -4.049    39.070
C-G      0.891    -0.421     0.827    -8.193   -15.544    -1.457     0.018    -0.601     3.989    -6.525    -3.952    43.106
G-C     -0.307    -0.136    -0.014     2.228    17.054    -1.830     0.200    -0.190     3.155     6.692   -10.366    35.798
G-C     -0.137    -0.025    -0.839   -19.375   -14.118    -1.708    -0.080    -0.652     4.128     3.096    13.091    34.760
