****************************************************************************
CEHS base-pair parameters
     bp        Shear    Stretch   Stagger    Buckle  Propeller  Opening
    1 G-C       0.27      0.05      0.12     -3.83    -14.47      4.03
    2 G-C      -0.36     -0.15      0.55      1.20     -2.93     -2.82
    3 C-G       0.81     -0.23      0.60     -8.23     -1.81      1.15
    4 A-T      -0.43     -0.09      0.43     10.00    -13.90      4.78
    5 A-T       0.08      0.00      0.79     15.23     -7.19      3.09
    6 A-T       0.50      0.05      0.19     17.25    -12.13      3.24
    7 A-T       0.70      0.09      0.10     18.25    -15.69      2.22
    8 C-G       0.89     -0.41      0.83     -8.17    -15.57     -1.44
    9 G-C      -0.31     -0.14     -0.01      2.22     17.06     -1.81
   10 G-C      -0.14     -0.03     -0.84    -19.33    -14.25     -1.68
          ~~~~~~~~~~~~~~~~~~~~~~~~~~~~~~~~~~~~~~~~~~~~~~~~~~~~~~~~~~~~
      ave.      0.20     -0.09      0.28      2.46     -8.09      1.08
      s.d.      0.50      0.15      0.49     12.61     10.23      2.79
****************************************************************************
CEHS base-pair step parameters
    step       Shift     Slide      Rise      Tilt      Roll     Twist
   1 GG/CC     -0.97     -0.59      2.88     -5.55     -0.49     34.56
   2 GC/GC      0.31     -0.03      3.50      1.05     -3.14     43.67
   3 CA/TG      0.41     -0.67      2.48      4.72      6.77     29.77
   4 AA/TT     -0.17     -0.31      2.92     -5.34     -1.82     37.04
   5 AA/TT     -0.19     -1.06      3.22      4.04      1.62     41.46
   6 AA/TT     -0.47      0.62      3.24      3.40     -4.16     39.22
   7 AC/GT      0.02     -0.60      3.99     -6.26     -3.89     42.20
   8 CG/CG      0.20     -0.19      3.15      6.51    -10.32     35.98
   9 GG/CC     -0.08     -0.65      4.13      3.27     13.02     34.24
          ~~~~~~~~~~~~~~~~~~~~~~~~~~~~~~~~~~~~~~~~~~~~~~~~~~~~~~~~~~~~
      ave.     -0.10     -0.39      3.28      0.65     -0.27     37.57
      s.d.      0.42      0.49      0.53      4.99      6.80      4.47
****************************************************************************
CompDNA base-pair parameters
     bp        Shear    Stretch   Stagger    Buckle  Propeller  Opening
    1 G-C       0.27      0.05      0.12     -3.80    -14.46      4.03
    2 G-C      -0.36     -0.15      0.55      1.20     -2.93     -2.82
    3 C-G       0.81     -0.23      0.60     -8.23     -1.81      1.16
    4 A-T      -0.43     -0.09      0.43      9.92    -13.89      4.81
    5 A-T       0.08      0.00      0.79     15.20     -7.19      3.13
    6 A-T       0.50      0.05      0.19     17.15    -12.13      3.30
    7 A-T       0.70      0.09      0.10     18.07    -15.69      2.27
    8 C-G       0.89     -0.42      0.83     -8.09    -15.57     -1.45
    9 G-C      -0.31     -0.14     -0.01      2.20     17.06     -1.81
   10 G-C      -0.14     -0.03     -0.84    -19.18    -14.25     -1.72
          ~~~~~~~~~~~~~~~~~~~~~~~~~~~~~~~~~~~~~~~~~~~~~~~~~~~~~~~~~~~~
      ave.      0.20     -0.09      0.28      2.44     -8.09      1.09
      s.d.      0.50      0.15      0.49     12.53     10.23      2.81
****************************************************************************
CompDNA base-pair step parameters
    step       Shift     Slide      Rise      Tilt      Roll     Twist
   1 GG/CC     -0.97     -0.58      2.88     -5.81     -0.40     34.61
   2 GC/GC      0.31     -0.03      3.50      1.11     -3.16     43.66
   3 CA/TG      0.41     -0.67      2.48      4.96      6.97     29.74
   4 AA/TT     -0.17     -0.30      2.92     -5.59     -1.70     37.08
   5 AA/TT     -0.19     -1.06      3.22      4.03      1.73     41.48
   6 AA/TT     -0.48      0.63      3.24      3.31     -4.08     39.23
   7 AC/GT      0.02     -0.60      3.99     -6.53     -3.93     42.24
   8 CG/CG      0.20     -0.19      3.16      6.69    -10.35     35.91
   9 GG/CC     -0.08     -0.65      4.13      2.99     13.11     34.04
          ~~~~~~~~~~~~~~~~~~~~~~~~~~~~~~~~~~~~~~~~~~~~~~~~~~~~~~~~~~~~
      ave.     -0.11     -0.38      3.28      0.57     -0.20     37.55
      s.d.      0.42      0.49      0.53      5.14      6.85      4.51
****************************************************************************
Curves base-pair parameters (by Xiang-Jun Lu)
     bp        Shear    Stretch   Stagger    Buckle  Propeller  Opening
    1 G-C       0.27      0.05      0.12     -3.89    -14.44      4.06
    2 G-C      -0.36     -0.15      0.55      1.21     -2.93     -2.82
    3 C-G       0.81     -0.23      0.61     -8.23     -1.80      1.15
    4 A-T      -0.43     -0.09      0.44     10.14    -13.79      4.82
    5 A-T       0.08      0.00      0.80     15.29     -7.06      3.11
    6 A-T       0.50      0.05      0.19     17.43    -11.85      3.28
    7 A-T       0.69      0.11      0.10     18.58    -15.29      2.26
    8 C-G       0.89     -0.43      0.84     -8.32    -15.49     -1.46
    9 G-C      -0.31     -0.14     -0.01      2.27     17.05     -1.83
   10 G-C      -0.14     -0.02     -0.86    -19.62    -13.85     -1.71
          ~~~~~~~~~~~~~~~~~~~~~~~~~~~~~~~~~~~~~~~~~~~~~~~~~~~~~~~~~~~~
      ave.      0.20     -0.08      0.28      2.49     -7.95      1.09
      s.d.      0.50      0.16      0.50     12.77     10.14      2.81
****************************************************************************
Curves base-pair step parameters
    step       Shift     Slide      Rise      Tilt      Roll     Twist
   1 GG/CC     -0.97     -0.58      2.89     -5.81     -0.39     34.31
   2 GC/GC      0.31     -0.03      3.50      1.11     -3.16     43.75
   3 CA/TG      0.41     -0.67      2.49      4.96      6.99     29.09
   4 AA/TT     -0.17     -0.30      2.92     -5.58     -1.75     37.17
   5 AA/TT     -0.18     -1.06      3.23      4.01      1.78     41.03
   6 AA/TT     -0.49      0.62      3.24      3.39     -4.02     38.90
   7 AC/GT      0.02     -0.60      4.00     -6.52     -3.96     44.01
   8 CG/CG      0.20     -0.19      3.17      6.70    -10.36     35.60
   9 GG/CC     -0.09     -0.65      4.16      3.21     13.07     35.28
          ~~~~~~~~~~~~~~~~~~~~~~~~~~~~~~~~~~~~~~~~~~~~~~~~~~~~~~~~~~~~
      ave.     -0.11     -0.38      3.29      0.61     -0.20     37.68
      s.d.      0.42      0.48      0.53      5.16      6.84      4.81
****************************************************************************
FreeHelix base-pair parameters (by Xiang-Jun Lu)
     bp        Shear    Stretch   Stagger    Buckle  Propeller  Opening
    1 G-C       0.27      0.05      0.12     -3.83    -14.47      4.03
    2 G-C      -0.36     -0.15      0.55      1.20     -2.93     -2.82
    3 C-G       0.81     -0.23      0.60     -8.23     -1.82      1.16
    4 A-T      -0.43     -0.09      0.43      9.99    -13.94      4.81
    5 A-T       0.08      0.00      0.79     15.23     -7.25      3.13
    6 A-T       0.50      0.05      0.19     17.24    -12.27      3.30
    7 A-T       0.70      0.09      0.10     18.24    -15.89      2.27
    8 C-G       0.89     -0.42      0.83     -8.17    -15.61     -1.45
    9 G-C      -0.31     -0.14     -0.01      2.22     17.06     -1.81
   10 G-C      -0.14     -0.03     -0.84    -19.33    -14.46     -1.72
          ~~~~~~~~~~~~~~~~~~~~~~~~~~~~~~~~~~~~~~~~~~~~~~~~~~~~~~~~~~~~
      ave.      0.20     -0.09      0.28      2.46     -8.16      1.09
      s.d.      0.50      0.15      0.49     12.61     10.27      2.81
****************************************************************************
FreeHelix base-pair step parameters
    step       Shift     Slide      Rise      Tilt      Roll     Twist
   1 GG/CC     -0.97     -0.58      2.88     -5.81     -0.40     34.61
   2 GC/GC      0.31     -0.03      3.50      1.11     -3.16     43.66
   3 CA/TG      0.41     -0.67      2.48      4.97      6.98     29.74
   4 AA/TT     -0.17     -0.30      2.92     -5.59     -1.70     37.08
   5 AA/TT     -0.19     -1.06      3.22      4.03      1.73     41.48
   6 AA/TT     -0.48      0.63      3.24      3.31     -4.08     39.23
   7 AC/GT      0.02     -0.60      3.99     -6.54     -3.94     42.24
   8 CG/CG      0.20     -0.19      3.16      6.72    -10.37     35.91
   9 GG/CC     -0.08     -0.65      4.13      3.01     13.12     34.04
          ~~~~~~~~~~~~~~~~~~~~~~~~~~~~~~~~~~~~~~~~~~~~~~~~~~~~~~~~~~~~
      ave.     -0.11     -0.38      3.28      0.58     -0.20     37.55
      s.d.      0.42      0.49      0.53      5.15      6.86      4.51
****************************************************************************
NGEOM base-pair parameters
     bp        Shear    Stretch   Stagger    Buckle  Propeller  Opening
    1 G-C       0.27      0.05      0.12     -3.84    -14.45      4.06
    2 G-C      -0.36     -0.15      0.55      1.20     -2.93     -2.82
    3 C-G       0.81     -0.23      0.60     -8.23     -1.81      1.15
    4 A-T      -0.43     -0.09      0.43     10.02    -13.86      4.82
    5 A-T       0.08      0.00      0.79     15.24     -7.15      3.11
    6 A-T       0.50      0.05      0.19     17.28    -12.04      3.28
    7 A-T       0.70      0.10      0.10     18.30    -15.55      2.26
    8 C-G       0.89     -0.42      0.83     -8.19    -15.54     -1.46
    9 G-C      -0.31     -0.14     -0.01      2.23     17.05     -1.83
   10 G-C      -0.14     -0.03     -0.84    -19.38    -14.12     -1.71
          ~~~~~~~~~~~~~~~~~~~~~~~~~~~~~~~~~~~~~~~~~~~~~~~~~~~~~~~~~~~~
      ave.      0.20     -0.09      0.28      2.46     -8.04      1.09
      s.d.      0.50      0.16      0.49     12.64     10.20      2.81
****************************************************************************
NGEOM base-pair step parameters
    step       Shift     Slide      Rise      Tilt      Roll     Twist
   1 GG/CC     -0.99     -0.58      2.87     -5.81     -0.40     34.44
   2 GC/GC      0.31     -0.05      3.50      1.11     -3.16     43.71
   3 CA/TG      0.42     -0.65      2.48      4.96      6.98     29.43
   4 AA/TT     -0.19     -0.30      2.91     -5.58     -1.73     37.10
   5 AA/TT     -0.17     -1.05      3.23      4.02      1.76     41.24
   6 AA/TT     -0.47      0.61      3.25      3.35     -4.05     39.07
   7 AC/GT     -0.03     -0.63      3.99     -6.52     -3.95     43.11
   8 CG/CG      0.23     -0.23      3.15      6.69    -10.37     35.80
   9 GG/CC     -0.06     -0.58      4.14      3.10     13.09     34.76
          ~~~~~~~~~~~~~~~~~~~~~~~~~~~~~~~~~~~~~~~~~~~~~~~~~~~~~~~~~~~~
      ave.     -0.10     -0.39      3.28      0.59     -0.20     37.63
      s.d.      0.43      0.47      0.53      5.15      6.85      4.63
****************************************************************************
NUPARM base-pair parameters
     bp        Shear    Stretch   Stagger    Buckle  Propeller  Opening
    1 G-C       0.27      0.05      0.12     -3.83    -14.46      4.03
    2 G-C      -0.36     -0.15      0.55      1.21     -2.93     -2.82
    3 C-G       0.81     -0.23      0.60     -8.23     -1.81      1.15
    4 A-T      -0.42     -0.09      0.44     10.00    -13.85      4.77
    5 A-T       0.09      0.00      0.79     15.24     -7.13      3.08
    6 A-T       0.50      0.05      0.19     17.25    -12.00      3.22
    7 A-T       0.69      0.09      0.09     18.25    -15.49      2.21
    8 C-G       0.89     -0.41      0.83     -8.17    -15.53     -1.44
    9 G-C      -0.31     -0.14     -0.01      2.22     17.06     -1.81
   10 G-C      -0.14     -0.03     -0.84    -19.33    -14.05     -1.67
          ~~~~~~~~~~~~~~~~~~~~~~~~~~~~~~~~~~~~~~~~~~~~~~~~~~~~~~~~~~~~
      ave.      0.20     -0.09      0.28      2.46     -8.02      1.07
      s.d.      0.50      0.15      0.49     12.61     10.19      2.78
****************************************************************************
NUPARM base-pair step parameters
    step       Shift     Slide      Rise      Tilt      Roll     Twist
   1 GG/CC     -1.01     -0.59      2.86     -5.82     -0.53     34.52
   2 GC/GC      0.32     -0.06      3.50      1.12     -3.37     43.65
   3 CA/TG      0.44     -0.64      2.48      4.90      6.90     29.69
   4 AA/TT     -0.21     -0.32      2.91     -5.56     -1.97     37.00
   5 AA/TT     -0.13     -1.05      3.23      4.40      1.76     41.42
   6 AA/TT     -0.44      0.58      3.26      3.68     -4.31     39.17
   7 AC/GT     -0.06     -0.66      3.98     -6.70     -4.15     42.11
   8 CG/CG      0.26     -0.28      3.14      6.83    -10.85     35.77
   9 GG/CC     -0.04     -0.51      4.15      3.44     13.50     34.00
          ~~~~~~~~~~~~~~~~~~~~~~~~~~~~~~~~~~~~~~~~~~~~~~~~~~~~~~~~~~~~
      ave.     -0.10     -0.39      3.28      0.70     -0.33     37.48
      s.d.      0.44      0.46      0.53      5.27      7.08      4.51
****************************************************************************
NUPARM base-pair helical parameters
    step       X-disp    Y-disp   h-Rise     Incl.       Tip   h-Twist
   1 GG/CC     -0.92      0.87      3.00     -0.86      9.28     35.00
   2 GC/GC      0.28     -0.31      3.50     -4.19     -1.40     43.79
   3 CA/TG     -2.34     -0.14      2.32     12.87     -8.88     30.88
   4 AA/TT     -0.27     -0.37      2.92     -2.83      8.21     37.45
   5 AA/TT     -1.67      0.66      3.15      2.27     -5.77     41.68
   6 AA/TT      1.40      1.11      3.11     -6.16     -5.24     39.57
   7 AC/GT     -0.39     -0.80      3.98     -5.05      8.52     42.79
   8 CG/CG      1.06      0.50      3.10    -16.18     -9.94     37.95
   9 GG/CC     -3.39      0.71      3.69     20.45     -5.47     36.54
          ~~~~~~~~~~~~~~~~~~~~~~~~~~~~~~~~~~~~~~~~~~~~~~~~~~~~~~~~~~~~
      ave.     -0.69      0.25      3.20      0.04     -1.19     38.41
      s.d.      1.57      0.66      0.48     10.84      7.78      4.08
****************************************************************************
RNA base-pair parameters
     bp        Shear    Stretch   Stagger    Buckle  Propeller  Opening
    1 G-C       0.28      0.04      0.11     -3.84    -14.46      4.04
    2 G-C      -0.36     -0.15      0.55      1.20     -2.93     -2.82
    3 C-G       0.81     -0.24      0.60     -8.23     -1.81      1.15
    4 A-T      -0.44     -0.11      0.43     10.02    -13.86      4.79
    5 A-T       0.07     -0.03      0.79     15.24     -7.15      3.09
    6 A-T       0.47      0.01      0.18     17.28    -12.04      3.24
    7 A-T       0.66      0.05      0.09     18.30    -15.56      2.23
    8 C-G       0.91     -0.43      0.83     -8.19    -15.54     -1.45
    9 G-C      -0.30     -0.14     -0.02      2.23     17.05     -1.82
   10 G-C      -0.10     -0.08     -0.84    -19.38    -14.12     -1.68
          ~~~~~~~~~~~~~~~~~~~~~~~~~~~~~~~~~~~~~~~~~~~~~~~~~~~~~~~~~~~~
      ave.      0.20     -0.11      0.27      2.46     -8.04      1.08
      s.d.      0.50      0.15      0.49     12.64     10.20      2.79
****************************************************************************
RNA base-pair step parameters
    step       Shift     Slide      Rise      Tilt      Roll     Twist
   1 GG/CC     -0.89     -0.59      2.95     -5.77     -0.46     34.41
   2 GC/GC      0.26     -0.03      3.35      1.10     -3.22     43.70
   3 CA/TG      0.37     -0.67      2.77      4.90      6.90     29.38
   4 AA/TT     -0.17     -0.33      2.99     -5.52     -1.82     37.08
   5 AA/TT     -0.15     -1.11      3.26      4.16      1.73     41.22
   6 AA/TT     -0.46      0.56      3.26      3.49     -4.15     39.03
   7 AC/GT      0.03     -0.62      3.57     -6.52     -4.00     43.05
   8 CG/CG      0.24     -0.22      3.32      6.69    -10.51     35.65
   9 GG/CC     -0.10     -0.56      3.80      3.28     13.21     34.60
          ~~~~~~~~~~~~~~~~~~~~~~~~~~~~~~~~~~~~~~~~~~~~~~~~~~~~~~~~~~~~
      ave.     -0.10     -0.40      3.25      0.65     -0.26     37.57
      s.d.      0.40      0.47      0.32      5.16      6.91      4.65
****************************************************************************
RNA base-pair helical parameters
    step       X-disp    Y-disp   h-Rise     Incl.       Tip   h-Twist
   1 GG/CC     -0.92      0.64      3.07     -0.76      9.52     34.89
   2 GC/GC      0.28     -0.23      3.35     -4.21     -1.44     43.83
   3 CA/TG     -2.45      0.12      2.57     13.10     -9.30     30.57
   4 AA/TT     -0.29     -0.42      3.00     -2.79      8.46     37.53
   5 AA/TT     -1.75      0.68      3.18      2.39     -5.75     41.46
   6 AA/TT      1.33      1.11      3.13     -6.06     -5.10     39.41
   7 AC/GT     -0.39     -0.76      3.57     -5.26      8.58     43.72
   8 CG/CG      1.11      0.54      3.24    -16.25    -10.35     37.77
   9 GG/CC     -2.94      0.66      3.32     20.84     -5.17     37.18
          ~~~~~~~~~~~~~~~~~~~~~~~~~~~~~~~~~~~~~~~~~~~~~~~~~~~~~~~~~~~~
      ave.     -0.67      0.26      3.16      0.11     -1.17     38.48
      s.d.      1.49      0.62      0.28     10.99      7.95      4.25
****************************************************************************
Strand I base step parameters
    step       Shift     Slide      Rise      Tilt      Roll     Twist
   1  G/G      -2.03     -0.73      3.14     -0.81      4.78     31.26
   2  G/C      -0.38     -0.11      3.43     -2.43     -4.07     45.58
   3  C/A      -0.92     -0.52      2.88     15.97      1.01     30.50
   4  A/A      -0.80      0.03      3.10      0.44      5.56     36.25
   5  A/A      -0.99     -0.52      3.29      8.64      5.00     40.28
   6  A/A      -1.17      1.32      3.34      8.59      0.02     38.12
   7  A/C      -0.52     -0.36      3.93    -13.31     -2.07     42.84
   8  C/G      -1.43     -0.16      3.08     11.53      4.43     35.45
   9  G/G      -1.08     -0.79      3.48     -7.69     -4.53     34.92
          ~~~~~~~~~~~~~~~~~~~~~~~~~~~~~~~~~~~~~~~~~~~~~~~~~~~~~~~~~~~~
      ave.     -1.04     -0.20      3.30      2.33      1.13     37.24
      s.d.      0.49      0.64      0.30      9.56      4.02      5.02
****************************************************************************
Strand I base helical parameters
    step       X-disp    Y-disp   h-Rise     Incl.       Tip   h-Twist
   1  G/G      -2.21      1.77      3.05      8.68      1.46     31.63
   2  G/C       0.25     -1.55      3.44     -5.10      3.04     45.83
   3  C/A      -1.01      1.82      2.11      1.74    -27.63     34.44
   4  A/A      -0.70     -0.47      3.06      8.72     -0.69     36.68
   5  A/A      -1.26      0.51      2.92      6.98    -12.05     41.50
   6  A/A       1.98      1.00      3.01      0.03    -12.70     39.08
   7  A/C      -0.23     -2.69      3.92     -2.68     17.25     44.91
   8  C/G      -0.77      1.77      2.45      6.90    -17.94     37.54
   9  G/G      -0.54     -1.32      3.70     -7.28     12.35     36.05
          ~~~~~~~~~~~~~~~~~~~~~~~~~~~~~~~~~~~~~~~~~~~~~~~~~~~~~~~~~~~~
      ave.     -0.50      0.09      3.07      2.00     -4.10     38.63
      s.d.      1.15      1.67      0.57      6.13     14.59      4.71
****************************************************************************
Strand II base step parameters
    step       Shift     Slide      Rise      Tilt      Roll     Twist
   1  C/C       0.26     -0.45      2.94    -10.95     -5.67     37.27
   2  C/G       0.91      0.03      3.31      4.68     -2.46     41.88
   3  G/T       1.68     -0.76      2.82     -6.22     12.54     27.64
   4  T/T       0.48     -0.63      2.99    -11.24     -9.42     36.57
   5  T/T       0.68     -1.67      3.29     -0.28     -1.75     41.30
   6  T/T       0.28     -0.15      3.25     -1.54     -8.49     38.66
   7  T/G       0.65     -0.86      3.47      0.18     -5.94     44.19
   8  G/C       1.92     -0.28      3.52      1.71    -25.37     36.53
   9  C/C       0.89     -0.32      4.10     14.48     30.76     33.15
          ~~~~~~~~~~~~~~~~~~~~~~~~~~~~~~~~~~~~~~~~~~~~~~~~~~~~~~~~~~~~
      ave.      0.86     -0.57      3.30     -1.02     -1.75     37.47
      s.d.      0.58      0.50      0.38      8.00     15.64      4.97
****************************************************************************
Strand II base helical parameters
    step       X-disp    Y-disp   h-Rise     Incl.       Tip   h-Twist
   1  C/C      -0.04      0.20      2.78     -8.41     16.25     39.25
   2  C/G       0.31      1.07      3.39     -3.34     -6.37     42.21
   3  G/T      -3.31     -2.27      1.87     24.07     11.94     30.99
   4  T/T       0.13     -0.16      2.79    -14.04     16.75     39.41
   5  T/T      -2.17      0.81      3.36     -2.42      0.38     41.34
   6  T/T       0.81      1.20      3.19    -12.38      2.24     39.61
   7  T/G      -0.51      0.97      3.56     -7.65     -0.23     44.58
   8  G/C       2.38     -0.55      3.12    -34.77     -2.35     44.51
   9  C/C      -3.73      2.27      2.93     41.37    -19.47     47.49
          ~~~~~~~~~~~~~~~~~~~~~~~~~~~~~~~~~~~~~~~~~~~~~~~~~~~~~~~~~~~~
      ave.     -0.68      0.39      3.00     -1.95      2.13     41.04
      s.d.      2.00      1.30      0.50     22.25     11.60      4.70
