Reference frame: Origins (Ox, Oy, Oz) followed by the direction cosines of the
                 X- (Xx, Yx, Zx), Y- (Yx, Yx, Yx), and Z- (Zx, Zx, Zx) axes
*****************************************************************************************
Local base-pair reference frames
                Ox      Oy      Oz     Xx    Xy    Xz   Yx    Yy    Yz    Zx    Zy    Zz
   1 G-C      -1.39   14.07   -0.35  0.78 -0.29 -0.55  0.58 -0.01  0.82 -0.24 -0.96  0.16
   2 G-C      -2.84   11.11   -0.39  0.99 -0.06 -0.16  0.16  0.14  0.98 -0.03 -0.99  0.15
   3 C-G      -2.40    7.68   -0.31  0.88  0.05  0.48 -0.48  0.09  0.87  0.00 -0.99  0.11
   4 A-T      -1.47    4.95   -0.52  0.54  0.15  0.83 -0.83 -0.05  0.55  0.12 -0.99  0.10
   5 A-T      -0.81    2.09   -0.40 -0.02  0.08  1.00 -1.00 -0.02 -0.02  0.02 -1.00  0.08
   6 A-T       0.61   -1.29    0.43 -0.67  0.03  0.74 -0.74 -0.13 -0.66  0.08 -0.99  0.11
   7 A-T       1.34   -4.68   -0.09 -0.96 -0.20  0.17 -0.15 -0.10 -0.98  0.22 -0.97  0.07
   8 C-G       2.12   -8.45    0.60 -0.82 -0.24 -0.52  0.50  0.12 -0.85  0.27 -0.96  0.02
   9 G-C       2.15  -11.97    0.51 -0.40 -0.00 -0.92  0.92  0.08 -0.39  0.08 -1.00 -0.03
  10 G-C       2.88  -15.20    0.86  0.29  0.11 -0.95  0.94  0.15  0.30  0.17 -0.98 -0.06
*****************************************************************************************
Local middle reference frames
                Ox      Oy      Oz     Xx    Xy    Xz   Yx    Yy    Yz    Zx    Zy    Zz
   1 GG/CC    -2.12   12.59   -0.37  0.91 -0.19 -0.36  0.38  0.09  0.92 -0.14 -0.98  0.15
   2 GC/GC    -2.62    9.40   -0.35  0.99  0.01  0.17 -0.17  0.13  0.98 -0.02 -0.99  0.13
   3 CA/TG    -1.93    6.32   -0.41  0.73  0.11  0.67 -0.68  0.03  0.73  0.06 -0.99  0.10
   4 AA/TT    -1.14    3.52   -0.46  0.27  0.10  0.96 -0.96 -0.04  0.28  0.07 -0.99  0.09
   5 AA/TT    -0.10    0.40    0.01 -0.37  0.07  0.93 -0.93 -0.08 -0.36  0.05 -0.99  0.10
   6 AA/TT     0.98   -2.98    0.17 -0.87 -0.09  0.49 -0.47 -0.15 -0.87  0.15 -0.98  0.09
   7 AC/GT     1.73   -6.57    0.26 -0.95 -0.25 -0.19  0.19  0.00 -0.98  0.24 -0.97  0.04
   8 CG/CG     2.14  -10.21    0.56 -0.65 -0.11 -0.76  0.74  0.14 -0.66  0.17 -0.98 -0.01
   9 GG/CC     2.52  -13.59    0.68 -0.06  0.04 -1.00  0.99  0.13 -0.05  0.13 -0.99 -0.05
*****************************************************************************************
Local middle helical reference frames
                Ox      Oy      Oz     Xx    Xy    Xz   Yx    Yy    Yz    Zx    Zy    Zz
   1 GG/CC     0.96   11.10   -2.06  0.89 -0.32 -0.31  0.43  0.45  0.78 -0.11 -0.84  0.54
   2 GC/GC    -1.84    9.51    0.04  0.98  0.08  0.16 -0.17  0.17  0.97  0.05 -0.98  0.18
   3 CA/TG     0.15    6.94    0.88  0.72  0.28  0.64 -0.69  0.18  0.70  0.08 -0.94  0.32
   4 AA/TT    -1.63    3.43    0.15  0.28 -0.04  0.96 -0.95 -0.11  0.28  0.09 -0.99 -0.07
   5 AA/TT    -0.40    0.72    1.84 -0.37  0.16  0.91 -0.93 -0.08 -0.36  0.01 -0.98  0.18
   6 AA/TT     2.92   -2.56    0.17 -0.88 -0.05  0.48 -0.44 -0.34 -0.83  0.20 -0.94  0.27
   7 AC/GT     1.42   -6.73   -0.29 -0.93 -0.32 -0.18  0.21 -0.05 -0.98  0.30 -0.95  0.11
   8 CG/CG     0.74  -10.19   -0.63 -0.68  0.06 -0.73  0.69  0.37 -0.62  0.23 -0.93 -0.29
   9 GG/CC     2.43  -13.58    0.93 -0.04 -0.09 -1.00  0.99  0.16 -0.05  0.17 -0.98  0.09
*****************************************************************************************
Local strand I base reference frames
                Ox      Oy      Oz     Xx    Xy    Xz   Yx    Yy    Yz    Zx    Zy    Zz
   1 G        -1.25   13.94   -0.46  0.80 -0.22 -0.56  0.58  0.06  0.81 -0.15 -0.97  0.18
   2 G        -2.96   10.87   -0.38  0.98  0.01 -0.18  0.18  0.11  0.98  0.03 -0.99  0.10
   3 C        -2.16    7.48   -0.19  0.86  0.07  0.51 -0.51  0.09  0.85  0.01 -0.99  0.11
   4 A        -1.54    4.83   -0.64  0.50  0.02  0.87 -0.85 -0.16  0.50  0.14 -0.99 -0.06
   5 A        -0.86    1.78   -0.36 -0.06  0.01  1.00 -0.98 -0.20 -0.06  0.20 -0.98  0.02
   6 A         0.38   -1.28    0.63 -0.69 -0.05  0.72 -0.68 -0.27 -0.68  0.22 -0.96  0.15
   7 A         0.96   -4.84   -0.08 -0.92 -0.35  0.15 -0.08 -0.21 -0.98  0.38 -0.91  0.16
   8 C         1.72   -8.82    0.47 -0.79 -0.31 -0.53  0.49  0.21 -0.85  0.37 -0.93 -0.01
   9 G         2.20  -11.66    1.09 -0.36 -0.12 -0.93  0.89  0.27 -0.37  0.29 -0.96  0.01
  10 G         2.83  -15.10    0.96  0.27  0.07 -0.96  0.89  0.35  0.27  0.36 -0.93  0.03
*****************************************************************************************
Local strand II base reference frames
                Ox      Oy      Oz     Xx    Xy    Xz   Yx    Yy    Yz    Zx    Zy    Zz
   1 C        -1.53   14.20   -0.24  0.76 -0.35 -0.55  0.56 -0.09  0.82 -0.34 -0.93  0.13
   2 C        -2.73   11.36   -0.40  0.98 -0.13 -0.13  0.15  0.18  0.97 -0.10 -0.98  0.20
   3 G        -2.65    7.88   -0.43  0.89  0.04  0.45 -0.45  0.09  0.89 -0.00 -1.00  0.10
   4 T        -1.39    5.07   -0.40  0.58  0.26  0.77 -0.81  0.08  0.58  0.09 -0.96  0.25
   5 T        -0.77    2.39   -0.44  0.03  0.14  0.99 -0.99  0.16  0.00 -0.16 -0.98  0.14
   6 T         0.84   -1.30    0.23 -0.63  0.09  0.77 -0.77  0.01 -0.63 -0.06 -1.00  0.07
   7 T         1.72   -4.53   -0.11 -0.98 -0.05  0.20 -0.20  0.02 -0.98  0.05 -1.00 -0.03
   8 G         2.53   -8.09    0.74 -0.85 -0.16 -0.51  0.51  0.04 -0.86  0.16 -0.99  0.05
   9 C         2.10  -12.28   -0.07 -0.41  0.12 -0.90  0.90 -0.10 -0.42 -0.14 -0.99 -0.07
  10 C         2.93  -15.30    0.75  0.31  0.14 -0.94  0.95 -0.07  0.31 -0.02 -0.99 -0.15
****************************************************************************
Local strand I base step parameters
    step       Shift     Slide      Rise      Tilt      Roll     Twist
   1  G/G      -1.28     -0.92      3.15     -0.02     11.29     25.36
   2  G/C       0.69     -0.31      3.40     -0.87     -1.19     41.21
   3  C/A      -0.07     -0.65      2.68     12.71     -1.87     29.59
   4  A/A       0.37     -0.07      3.12      2.01      5.33     33.26
   5  A/A       0.42     -0.80      3.32      4.51      6.48     40.07
   6  A/A      -0.11      1.36      3.41      4.68     -8.09     39.04
   7  A/C       0.73     -0.41      4.00     -9.44      2.74     41.13
   8  C/G      -0.16     -0.77      2.84      4.32      2.26     35.87
   9  G/G       0.22     -0.51      3.46     -3.98     -1.81     37.87
          ~~~~~~~~~~~~~~~~~~~~~~~~~~~~~~~~~~~~~~~~~~~~~~~~~~~~~~~~~~~~
      ave.      0.09     -0.34      3.26      1.55      1.68     35.93
      s.d.      0.61      0.69      0.38      6.23      5.69      5.53
****************************************************************************
Local strand I base helical parameters
    step       X-disp    Y-disp   h-Rise     Incl.       Tip   h-Twist
   1  G/G      -4.40      2.66      2.52     24.25      0.05     27.72
   2  G/C      -0.31     -1.07      3.39     -1.69      1.23     41.23
   3  C/A      -0.90      2.00      2.47     -3.46    -23.54     32.21
   4  A/A      -0.94     -0.33      3.09      9.23     -3.49     33.73
   5  A/A      -1.86     -0.11      3.19      9.34     -6.51     40.81
   6  A/A       2.91      0.69      3.05    -11.90     -6.89     40.10
   7  A/C      -0.90     -2.17      3.72      3.83     13.21     42.24
   8  C/G      -1.52      0.78      2.75      3.64     -6.98     36.19
   9  G/G      -0.53     -0.87      3.44     -2.78      6.11     38.12
          ~~~~~~~~~~~~~~~~~~~~~~~~~~~~~~~~~~~~~~~~~~~~~~~~~~~~~~~~~~~~
      ave.     -0.94      0.18      3.07      3.39     -2.98     36.93
      s.d.      1.89      1.53      0.42     10.30     10.24      4.89
****************************************************************************
Local strand II base step parameters
    step       Shift     Slide      Rise      Tilt      Roll     Twist
   1  C/C      -0.27     -0.80      2.97     -8.37     11.51     28.96
   2  C/G       0.17     -0.59      3.43      6.45      4.48     35.18
   3  G/T       0.56     -1.09      2.82     -3.33     10.02     26.84
   4  T/T      -0.32     -0.86      2.60    -11.33    -10.66     34.02
   5  T/T      -0.38     -1.99      3.54      3.72     -6.00     40.15
   6  T/T      -0.99     -0.12      3.21     -1.36     -8.04     39.18
   7  T/G      -0.56     -0.73      3.64      2.99     -7.25     42.14
   8  G/C       0.88      0.16      4.20      8.60     16.38     34.68
   9  C/C      -1.20      1.00      2.83     -7.21      4.58     42.43
          ~~~~~~~~~~~~~~~~~~~~~~~~~~~~~~~~~~~~~~~~~~~~~~~~~~~~~~~~~~~~
      ave.     -0.23     -0.56      3.25     -1.09      1.67     35.95
      s.d.      0.68      0.84      0.50      6.99      9.90      5.55
****************************************************************************
Local strand II base helical parameters
    step       X-disp    Y-disp   h-Rise     Incl.       Tip   h-Twist
   1  C/C      -3.25     -0.83      2.47     21.46     15.61     32.20
   2  C/G      -1.61      0.68      3.31      7.30    -10.51     36.02
   3  G/T      -3.97     -1.72      2.19     20.60      6.85     28.80
   4  T/T      -0.14     -0.77      2.71    -17.15     18.24     37.31
   5  T/T      -2.12      1.00      3.74     -8.66     -5.37     40.74
   6  T/T       0.74      1.29      3.21    -11.83      2.00     39.99
   7  T/G      -0.19      1.11      3.66     -9.98     -4.11     42.83
   8  G/C      -2.38      0.06      3.98     25.37    -13.32     39.18
   9  C/C       0.94      0.99      3.07      6.26      9.85     43.24
          ~~~~~~~~~~~~~~~~~~~~~~~~~~~~~~~~~~~~~~~~~~~~~~~~~~~~~~~~~~~~
      ave.     -1.33      0.20      3.15      3.71      2.13     37.81
      s.d.      1.75      1.07      0.60     16.22     11.27      4.82
****************************************************************************
xyz coordinates of C1' atoms

    bp        xI       yI       zI       xII      yII      zII
   1 G-C     0.038   14.768    5.351   -6.249   15.848   -3.544
   2 G-C    -4.396   11.382    5.396   -5.874   10.843   -5.466
   3 C-G    -7.000    7.921    3.263   -2.396    7.226   -6.314
   4 A-T    -7.390    4.055   -0.081    1.533    3.912   -5.393
   5 A-T    -5.889    0.460   -3.124    4.529    1.300   -2.876
   6 A-T    -1.521   -2.561   -4.785    6.578   -1.478    1.678
   7 A-T     2.729   -5.078   -5.698    5.244   -4.573    4.682
   8 C-G     6.282   -6.853   -2.840    1.891   -8.144    6.631
   9 G-C     7.914   -9.971    1.336   -1.720  -11.899    4.449
  10 G-C     7.135  -13.490    4.765   -3.030  -15.554    1.240
****************************************************************************
xyz coordinates of RN9/YN1 atoms

    bp        xI       yI       zI       xII      yII      zII
   1 G-C     0.379   14.500    3.955   -5.040   15.057   -3.260
   2 G-C    -3.411   11.337    4.314   -4.647   10.706   -4.654
   3 C-G    -5.561    7.824    3.039   -1.736    7.415   -5.039
   4 A-T    -6.031    4.109    0.482    1.494    4.396   -4.010
   5 A-T    -5.171    0.873   -1.920    3.639    1.504   -1.726
   6 A-T    -1.788   -2.411   -3.351    5.146   -1.438    2.088
   7 A-T     1.768   -5.302   -4.645    3.898   -4.535    4.046
   8 C-G     4.953   -7.489   -2.691    1.326   -8.078    5.296
   9 G-C     6.699  -10.297    0.585   -1.461  -11.976    2.997
  10 G-C     6.560  -13.575    3.439   -1.780  -15.176    0.542
****************************************************************************
xyz coordinates of RC8/YC6 atoms

    bp        xI       yI       zI       xII      yII      zII
   1 G-C     1.656   14.226    3.543   -4.388   14.637   -4.391
   2 G-C    -2.049   11.399    4.468   -3.483   10.443   -5.335
   3 C-G    -4.774    7.958    4.142   -0.385    7.427   -4.844
   4 A-T    -5.709    4.063    1.818    2.699    4.670   -3.388
   5 A-T    -5.652    0.803   -0.642    4.249    1.579   -0.497
   6 A-T    -2.989   -2.584   -2.693    4.794   -1.331    3.426
   7 A-T     0.547   -5.842   -4.865    2.774   -4.613    4.853
   8 C-G     4.223   -7.768   -3.816    0.010   -8.305    5.009
   9 G-C     6.589  -10.336   -0.787   -2.467  -11.773    2.079
  10 G-C     7.284  -13.348    2.302   -1.886  -14.960   -0.801
****************************************************************************
xyz coordinates of O1P atoms w.r.t. the middle frame of each dimer

    step       xI      yI      zI     xII     yII     zII
   1 GG/CC   -4.29    9.87   -0.30   -3.94   10.51    1.44
   2 GC/GC   -3.70   10.25    0.71   -4.72    9.84   -0.74
   3 CA/TG   -4.67    9.85    0.23   -4.96    9.81   -0.32
   4 AA/TT   -4.98    9.66    0.69   -4.87    9.65   -2.13
   5 AA/TT   -4.27    9.34    2.11   -5.11    9.35   -0.44
   6 AA/TT   -3.28   10.13   -0.53   -4.64    9.91   -1.50
   7 AC/GT   -3.70    9.91   -0.14   -5.05    9.40   -1.34
   8 CG/CG   -4.64    9.17   -2.25   -3.65    9.67    0.63
   9 GG/CC   -3.73   10.13   -1.69   -3.97    9.60   -0.45
****************************************************************************
xyz coordinates of O1P atoms w.r.t. the middle helix frame of each dimer

    step      xIH     yIH     zIH     xIIH    yIIH    zIIH
   1 GG/CC   -7.78    9.78    4.06   -8.16    8.64    4.75
   2 GC/GC   -4.60    9.96    0.87   -5.58   10.13   -0.01
   3 CA/TG   -7.26   10.19    0.93   -7.31    9.26    2.01
   4 AA/TT   -5.32    9.07    0.77   -4.92   10.12   -3.42
   5 AA/TT   -6.28    9.74    1.78   -6.96    8.94    0.08
   6 AA/TT   -1.49   10.81   -2.58   -3.01    8.47   -3.19
   7 AC/GT   -4.16    9.42   -0.40   -5.35    9.77   -2.26
   8 CG/CG   -6.19    9.76   -0.73   -5.11    8.93    3.56
   9 GG/CC   -3.66   10.27   -0.83   -3.66    9.52   -0.64
****************************************************************************
xyz coordinates of O2P atoms w.r.t. the middle frame of each dimer

    step       xI      yI      zI     xII     yII     zII
   1 GG/CC   -2.20    9.69    1.18   -1.42   10.18    1.77
   2 GC/GC   -1.50    9.37    1.71   -2.70    9.89    0.84
   3 CA/TG   -2.43    9.50    1.43   -2.69    9.56    0.84
   4 AA/TT   -2.75    9.24    1.90   -2.90    9.88   -0.49
   5 AA/TT   -1.98    8.50    2.92   -2.81    9.25    0.69
   6 AA/TT   -1.50    9.43    1.19   -2.42    9.32   -0.36
   7 AC/GT   -1.78    9.03    1.33   -3.22    9.29    0.45
   8 CG/CG   -2.78    9.21   -0.48   -1.72    8.69    1.99
   9 GG/CC   -1.59    9.27   -0.56   -2.04    9.75    1.22
****************************************************************************
xyz coordinates of O2P atoms w.r.t. the middle helix frame of each dimer

    step      xIH     yIH     zIH     xIIH    yIIH    zIIH
   1 GG/CC   -5.51    9.11    5.05   -5.70    8.13    5.27
   2 GC/GC   -2.47    9.03    1.98   -3.46   10.11    1.43
   3 CA/TG   -5.25    9.62    2.43   -4.88    8.86    2.73
   4 AA/TT   -2.95    8.72    1.67   -3.20   10.46   -1.54
   5 AA/TT   -4.08    8.90    2.79   -4.57    8.83    1.00
   6 AA/TT    0.21   10.47   -0.69   -0.74    8.10   -2.05
   7 AC/GT   -2.14    8.62    0.96   -3.67    9.76   -0.32
   8 CG/CG   -4.67    9.33    1.29   -2.99    7.69    4.29
   9 GG/CC   -1.39    9.39   -0.03   -1.96    9.60    1.27
****************************************************************************
xyz coordinates of P atoms w.r.t. the middle frame of each dimer

    step       xI      yI      zI     xII     yII     zII
   1 GG/CC   -3.17    9.07    0.25   -2.75    9.64    1.38
   2 GC/GC   -2.71    9.16    0.89   -3.65    9.13   -0.00
   3 CA/TG   -3.48    9.02    0.50   -3.72    9.03   -0.09
   4 AA/TT   -3.84    8.77    1.01   -3.73    9.05   -1.40
   5 AA/TT   -3.13    8.40    1.99   -3.78    8.70   -0.30
   6 AA/TT   -2.53    9.06    0.19   -3.57    8.92   -1.21
   7 AC/GT   -2.76    8.82    0.23   -3.89    8.70   -0.74
   8 CG/CG   -3.53    8.49   -1.54   -2.80    8.52    0.99
   9 GG/CC   -2.79    9.02   -1.41   -2.86    8.95    0.28
****************************************************************************
xyz coordinates of P atoms w.r.t. the middle helix frame of each dimer

    step      xIH     yIH     zIH     xIIH    yIIH    zIIH
   1 GG/CC   -6.62    8.86    4.10   -6.94    7.82    4.52
   2 GC/GC   -3.63    8.85    1.06   -4.47    9.38    0.63
   3 CA/TG   -6.12    9.30    1.27   -6.06    8.47    1.91
   4 AA/TT   -4.15    8.19    0.97   -3.90    9.57   -2.50
   5 AA/TT   -5.14    8.80    1.76   -5.63    8.29    0.10
   6 AA/TT   -0.78    9.91   -1.65   -1.92    7.55   -2.76
   7 AC/GT   -3.20    8.35   -0.05   -4.24    9.11   -1.53
   8 CG/CG   -5.21    8.90   -0.02   -4.23    7.74    3.48
   9 GG/CC   -2.68    9.16   -0.72   -2.64    8.84    0.20
****************************************************************************
xyz coordinates of P atoms

    bp        xI       yI       zI       xII      yII      zII
   1 G-C     ----     ----     ----    -8.142   13.591   -8.432
   2 G-C    -1.557   13.752    9.155   -4.670    8.191   -9.887
   3 C-G    -6.868    9.683    8.249    1.505    5.504   -9.524
   4 A-T   -10.581    5.724    3.893    6.633    2.130   -6.412
   5 A-T   -10.525    1.740   -1.616    9.385    0.566   -0.291
   6 A-T    -6.630   -2.501   -5.752    8.463   -2.527    6.303
   7 A-T    -1.055   -4.303   -8.922    3.957   -6.373    9.551
   8 C-G     6.093   -6.072   -7.880   -2.555  -10.085    8.259
   9 G-C    10.459   -7.166   -2.328   -6.222  -14.568    3.994
  10 G-C    11.430  -11.143    3.073    ----     ----     ---- 
*******************************************************************************************
Phosphorus-phosphorus distance in Angstroms

            1      2      3      4      5      6      7      8      9     10
            C      C      G      T      T      T      T      G      C      C   
   1 G    ----   ----   ----   ----   ----   ----   ----   ----   ----   ----
   2 G    18.8   20.1   20.6   21.1   19.6   19.3   20.9   23.9   29.2   ----
   3 C    17.2   18.3   20.1   21.3   20.5   19.7   19.4   20.2   24.6   ----
   4 A    14.8   15.2   18.1   20.4   21.0   20.9   19.7   18.3   20.8   ----
   5 A    13.9   12.0   14.9   17.8   20.0   21.0   20.0   17.3   17.8   ----
   6 A    16.4   11.6   12.0   14.1   17.2   19.3   19.0   16.4   15.5   ----
   7 A    19.3   13.0   10.2   10.3   14.4   18.0   19.3   18.2   17.3   ----
   8 C    24.3   18.0   12.6    8.3   10.6   14.8   17.6   18.7   19.1   ----
   9 G    28.5   22.8   17.1   10.9    8.1   10.0   13.6   17.0   19.3   ----
  10 G    33.6   28.3   23.1   17.0   12.4    9.7   11.0   15.0   18.0   ----
****************************************************************************
Strand I helix radius

    step          P        O4'       C1'
   1  G/G      13.29     11.13     10.24
   2  G/C       8.71      5.71      5.16
   3  C/A      11.66      8.32      7.98
   4  A/A       9.51      6.74      6.04
   5  A/A       9.55      7.43      6.77
   6  A/A       9.39      6.12      5.93
   7  A/C       7.69      5.26      4.56
   8  C/G      10.82      7.95      7.38
   9  G/G       8.76      6.13      5.45
****************************************************************************
Strand II helix radius

    step          P        O4'       C1'
   1  C/C      11.70      9.15      8.37
   2  C/G       9.72      6.91      6.11
   3  G/T      12.58     10.12      9.44
   4  T/T       9.93      6.55      6.22
   5  T/T       9.39      6.87      6.34
   6  T/T       8.04      4.71      4.33
   7  T/G       8.41      5.32      4.99
   8  G/C       9.00      7.48      6.52
   9  C/C       8.35      5.30      4.70
****************************************************************************************
Base-pair helix axis

               Ox      Oy      Oz     Xx    Xy    Xz   Yx    Yy    Yz    Zx    Zy    Zz
   1 GG/CC    1.11   12.19   -2.76  0.75 -0.42 -0.50  0.65  0.35  0.68 -0.11 -0.84  0.54
              0.82   10.01   -1.36  0.98 -0.19 -0.10  0.19  0.51  0.84 -0.11 -0.84  0.54
   2 GC/GC   -1.92   11.18   -0.26  0.99  0.02 -0.17  0.16  0.19  0.97  0.05 -0.98  0.18
             -1.76    7.83    0.35  0.87  0.13  0.47 -0.48  0.13  0.86  0.05 -0.98  0.18
   3 CA/TG    0.05    8.15    0.46  0.87  0.22  0.44 -0.49  0.25  0.84  0.08 -0.94  0.32
              0.25    5.72    1.30  0.52  0.32  0.79 -0.85  0.11  0.52  0.08 -0.94  0.32
   4 AA/TT   -1.76    4.88    0.25  0.56 -0.00  0.83 -0.83 -0.11  0.55  0.09 -0.99 -0.07
             -1.49    1.99    0.05 -0.02 -0.07  1.00 -1.00 -0.09 -0.02  0.09 -0.99 -0.07
   5 AA/TT   -0.42    2.44    1.54 -0.03  0.18  0.98 -1.00 -0.02 -0.02  0.01 -0.98  0.18
             -0.38   -0.99    2.15 -0.67  0.12  0.73 -0.74 -0.13 -0.66  0.01 -0.98  0.18
   6 AA/TT    2.60   -1.06   -0.27 -0.67  0.07  0.74 -0.71 -0.33 -0.62  0.20 -0.94  0.27
              3.25   -4.07    0.60 -0.97 -0.16  0.16 -0.11 -0.30 -0.95  0.20 -0.94  0.27
   7 AC/GT    0.82   -4.90   -0.50 -0.94 -0.28  0.18 -0.14 -0.16 -0.98  0.30 -0.95  0.11
              2.01   -8.57   -0.07 -0.80 -0.32 -0.51  0.52  0.07 -0.85  0.30 -0.95  0.11
   8 CG/CG    0.35   -8.66   -0.15 -0.87 -0.06 -0.49  0.44  0.37 -0.82  0.23 -0.93 -0.29
              1.13  -11.72   -1.11 -0.42  0.17 -0.89  0.87  0.33 -0.35  0.23 -0.93 -0.29
   9 GG/CC    2.15  -11.95    0.79 -0.38 -0.14 -0.91  0.91  0.12 -0.40  0.17 -0.98  0.09
              2.70  -15.21    1.07  0.31 -0.03 -0.95  0.94  0.18  0.30  0.17 -0.98  0.09
****************************************************************************************
Strand I helix axis

               Ox      Oy      Oz     Xx    Xy    Xz   Yx    Yy    Yz    Zx    Zy    Zz
   1  G/G     0.71   11.75   -4.68  0.80 -0.22 -0.56  0.59  0.45  0.67  0.10 -0.86  0.50
              0.97    9.58   -3.43  0.98  0.01 -0.18  0.15  0.51  0.85  0.10 -0.86  0.50
   2  G/C    -2.46   10.95    0.62  0.98 -0.01 -0.18  0.18  0.08  0.98  0.01 -1.00  0.08
             -2.44    7.57    0.88  0.86  0.05  0.51 -0.51  0.06  0.86  0.01 -1.00  0.08
   3  C/A    -0.46    7.83   -1.53  0.78  0.46  0.43 -0.50  0.04  0.86  0.38 -0.89  0.26
              0.49    5.63   -0.89  0.39  0.41  0.83 -0.84 -0.21  0.50  0.38 -0.89  0.26
   4  A/A    -1.36    4.91    0.34  0.49  0.08  0.87 -0.87  0.00  0.50  0.04 -1.00  0.07
             -1.25    1.83    0.55 -0.07  0.07  1.00 -1.00 -0.04 -0.07  0.04 -1.00  0.07
   5  A/A    -1.10    2.00    1.48 -0.08  0.12  0.99 -1.00 -0.04 -0.07  0.03 -0.99  0.12
             -1.01   -1.17    1.86 -0.71  0.06  0.70 -0.70 -0.11 -0.70  0.03 -0.99  0.12
   6  A/A     2.93   -1.14   -0.93 -0.72  0.06  0.69 -0.63 -0.46 -0.62  0.27 -0.89  0.37
              3.77   -3.85    0.21 -0.96 -0.25  0.12 -0.02 -0.39 -0.92  0.27 -0.89  0.37
   7  A/C    -0.02   -5.66   -2.05 -0.81 -0.56  0.18 -0.12 -0.15 -0.98  0.57 -0.82  0.05
              2.10   -8.70   -1.85 -0.68 -0.51 -0.53  0.46  0.26 -0.85  0.57 -0.82  0.05
   8  C/G     0.09   -9.32    0.34 -0.83 -0.19 -0.52  0.47  0.27 -0.84  0.30 -0.94 -0.13
              0.92  -11.92   -0.02 -0.39  0.00 -0.92  0.87  0.33 -0.37  0.30 -0.94 -0.13
   9  G/G     2.81  -11.59    0.27 -0.32 -0.22 -0.92  0.90  0.22 -0.37  0.28 -0.95  0.12
              3.78  -14.85    0.70  0.30 -0.03 -0.95  0.91  0.31  0.28  0.28 -0.95  0.12
****************************************************************************************
Strand II helix axis

               Ox      Oy      Oz     Xx    Xy    Xz   Yx    Yy    Yz    Zx    Zy    Zz
   1  C/C     1.21   12.50   -1.16  0.67 -0.59 -0.46  0.68  0.24  0.69 -0.29 -0.77  0.56
              0.48   10.59    0.22  0.93 -0.37 -0.02  0.22  0.51  0.83 -0.29 -0.77  0.56
   2  C/G    -1.24   11.24   -1.31  0.98  0.05 -0.17  0.15  0.30  0.94  0.10 -0.95  0.29
             -0.91    8.09   -0.35  0.88  0.22  0.42 -0.46  0.22  0.86  0.10 -0.95  0.29
   3  G/T     0.13    8.33    2.85  0.87 -0.07  0.48 -0.40  0.44  0.80 -0.27 -0.90  0.35
             -0.46    6.37    3.62  0.57  0.15  0.81 -0.78  0.42  0.47 -0.27 -0.90  0.35
   4  T/T    -1.90    4.90    0.18  0.62 -0.06  0.78 -0.77 -0.22  0.60  0.14 -0.97 -0.18
             -1.53    2.26   -0.30  0.02 -0.18  0.98 -0.99 -0.14 -0.00  0.14 -0.97 -0.18
   5  T/T     0.30    2.87    1.58  0.03  0.23  0.97 -1.00  0.01  0.03 -0.00 -0.97  0.23
              0.29   -0.77    2.45 -0.63  0.18  0.76 -0.78 -0.14 -0.61 -0.00 -0.97  0.23
   6  T/T     2.29   -1.08    0.45 -0.63  0.06  0.78 -0.77 -0.20 -0.61  0.12 -0.98  0.17
              2.68   -4.22    0.98 -0.98 -0.09  0.20 -0.19 -0.19 -0.96  0.12 -0.98  0.17
   7  T/G     1.76   -4.35    0.99 -0.98  0.02  0.20 -0.20 -0.16 -0.97  0.01 -0.99  0.16
              1.79   -7.96    1.57 -0.85 -0.09 -0.51  0.52 -0.13 -0.84  0.01 -0.99  0.16
   8  G/C     0.40   -7.97   -0.31 -0.89  0.06 -0.46  0.43  0.47 -0.77  0.17 -0.88 -0.44
              1.07  -11.49   -2.06 -0.41  0.34 -0.84  0.89  0.32 -0.31  0.17 -0.88 -0.44
   9  C/C     1.61  -12.24    1.20 -0.42 -0.05 -0.91  0.91  0.01 -0.42  0.03 -1.00  0.04
              1.70  -15.31    1.33  0.32 -0.03 -0.95  0.95  0.04  0.31  0.03 -1.00  0.04
