  10 # base-pairs
   1 # ***local base-pair & helical parameters***
#        Shear    Stretch   Stagger   Buckle   Prop-Tw   Opening     X-disp    Y-disp    h-Rise    Incl.     Tip     h-Twist
G-C      0.426    -0.014     0.148    -8.421     7.541     1.306     0.000     0.000     0.000     0.000     0.000     0.000
G-C     -0.205    -0.087     0.498     4.105     8.393    -2.061    -3.892     0.677     2.612    22.975     8.479    29.546
C-G      0.522    -0.063     0.418    -0.367     1.139     3.858    -0.892    -0.281     3.406     2.463    -4.292    38.352
A-T     -0.311     0.002     0.197    12.591   -13.704     7.617    -2.575     0.436     2.579     9.046   -10.066    28.948
A-T      0.038     0.099     0.615    20.287    -7.650     5.439    -0.471    -0.675     2.903    -3.898     8.604    34.860
A-T      0.598     0.073    -0.014    15.644    -7.164     5.955    -1.960     0.439     3.483     0.403    -5.477    40.770
A-T      0.803     0.112     0.141    13.972   -17.615     3.969     1.838     1.052     3.198   -11.728    -2.371    40.095
C-G      0.979    -0.276     0.478    -9.200    -8.920     1.957    -0.476    -0.505     3.884    -3.422     4.804    41.406
G-C     -1.099    -0.321    -0.644   -21.297   -13.744     2.357    -1.919     0.238     3.296    14.762   -10.432    37.295
G-C     -0.214    -0.001    -0.220   -24.269    -3.725    -3.633     0.261     0.109     3.322     2.080     8.095    40.934
