  10 # base-pairs
   0 # ***local base-pair & step parameters***
#        Shear    Stretch   Stagger   Buckle   Prop-Tw   Opening     Shift     Slide     Rise      Tilt      Roll      Twist
G-C      0.426    -0.014     0.148    -8.421     7.541     1.306     0.000     0.000     0.000     0.000     0.000     0.000
G-C     -0.205    -0.087     0.498     4.105     8.393    -2.061    -0.761    -0.858     3.093    -4.201    11.385    26.989
C-G      0.522    -0.063     0.418    -0.367     1.139     3.858     0.426    -0.447     3.406     2.817     1.616    38.219
A-T     -0.311     0.002     0.197    12.591   -13.704     7.617     0.237    -0.878     2.743     4.988     4.483    28.177
A-T      0.038     0.099     0.615    20.287    -7.650     5.439    -0.013    -0.471     2.906    -5.133    -2.326    34.415
A-T      0.598     0.073    -0.014    15.644    -7.164     5.955     0.007    -1.343     3.505     3.810     0.280    40.599
A-T      0.803     0.112     0.141    13.972   -17.615     3.969    -0.592     0.622     3.405     1.615    -7.989    39.291
C-G      0.979    -0.276     0.478    -9.200    -8.920     1.957     0.052    -0.553     3.875    -3.392    -2.416    41.205
G-C     -1.099    -0.321    -0.644   -21.297   -13.744     2.357     0.438    -0.392     3.471     6.572     9.299    35.573
G-C     -0.214    -0.001    -0.220   -24.269    -3.725    -3.633    -0.514     0.295     3.275    -5.643     1.450    40.535
