****************************************************************************
CEHS base-pair parameters
     bp        Shear    Stretch   Stagger    Buckle  Propeller  Opening
    1 G-C       0.43     -0.01      0.15     -8.42      7.56      1.30
    2 G-C      -0.20     -0.09      0.50      4.10      8.40     -2.05
    3 C-G       0.52     -0.06      0.42     -0.37      1.14      3.86
    4 A-T      -0.31      0.00      0.20     12.57    -13.79      7.53
    5 A-T       0.04      0.10      0.61     20.28     -7.74      5.37
    6 A-T       0.60      0.07     -0.02     15.64     -7.22      5.91
    7 A-T       0.80      0.10      0.14     13.92    -17.71      3.90
    8 C-G       0.98     -0.27      0.48     -9.19     -8.94      1.95
    9 G-C      -1.09     -0.33     -0.65    -21.25    -13.91      2.31
   10 G-C      -0.21     -0.00     -0.22    -24.27     -3.78     -3.58
          ~~~~~~~~~~~~~~~~~~~~~~~~~~~~~~~~~~~~~~~~~~~~~~~~~~~~~~~~~~~~
      ave.      0.15     -0.05      0.16      0.30     -5.60      2.65
      s.d.      0.63      0.15      0.38     15.70      8.94      3.47
****************************************************************************
CEHS base-pair step parameters
    step       Shift     Slide      Rise      Tilt      Roll     Twist
   1 GG/CC     -0.76     -0.86      3.09     -4.32     11.37     26.78
   2 GC/GC      0.42     -0.45      3.41      2.90      1.59     38.30
   3 CA/TG      0.24     -0.89      2.74      4.59      4.15     28.56
   4 AA/TT     -0.01     -0.49      2.90     -4.75     -2.51     34.38
   5 AA/TT      0.01     -1.35      3.50      3.96      0.17     40.49
   6 AA/TT     -0.58      0.61      3.41      1.56     -8.09     39.54
   7 AC/GT      0.05     -0.57      3.87     -3.16     -2.39     40.48
   8 CG/CG      0.44     -0.40      3.47      6.40      9.35     35.13
   9 GG/CC     -0.52      0.29      3.27     -5.43      1.10     40.98
          ~~~~~~~~~~~~~~~~~~~~~~~~~~~~~~~~~~~~~~~~~~~~~~~~~~~~~~~~~~~~
      ave.     -0.08     -0.45      3.30      0.19      1.64     36.07
      s.d.      0.44      0.60      0.34      4.60      6.03      5.32
****************************************************************************
CompDNA base-pair parameters
     bp        Shear    Stretch   Stagger    Buckle  Propeller  Opening
    1 G-C       0.43     -0.01      0.15     -8.40      7.56      1.31
    2 G-C      -0.20     -0.09      0.50      4.09      8.40     -2.06
    3 C-G       0.52     -0.06      0.42     -0.37      1.14      3.86
    4 A-T      -0.31      0.00      0.20     12.47    -13.76      7.61
    5 A-T       0.04      0.10      0.61     20.23     -7.73      5.51
    6 A-T       0.60      0.07     -0.01     15.60     -7.21      6.00
    7 A-T       0.80      0.10      0.14     13.75    -17.70      3.95
    8 C-G       0.98     -0.27      0.48     -9.16     -8.94      1.96
    9 G-C      -1.10     -0.33     -0.64    -21.09    -13.90      2.38
   10 G-C      -0.21     -0.00     -0.22    -24.25     -3.78     -3.71
          ~~~~~~~~~~~~~~~~~~~~~~~~~~~~~~~~~~~~~~~~~~~~~~~~~~~~~~~~~~~~
      ave.      0.15     -0.05      0.16      0.29     -5.59      2.68
      s.d.      0.63      0.15      0.38     15.64      8.93      3.53
****************************************************************************
CompDNA base-pair step parameters
    step       Shift     Slide      Rise      Tilt      Roll     Twist
   1 GG/CC     -0.76     -0.86      3.09     -4.17     11.39     26.67
   2 GC/GC      0.43     -0.45      3.41      2.82      1.62     38.30
   3 CA/TG      0.23     -0.88      2.74      5.00      4.47     28.56
   4 AA/TT     -0.02     -0.47      2.91     -5.15     -2.29     34.41
   5 AA/TT      0.00     -1.34      3.51      3.81      0.26     40.52
   6 AA/TT     -0.59      0.63      3.41      1.56     -8.00     39.50
   7 AC/GT      0.05     -0.55      3.87     -3.40     -2.41     40.50
   8 CG/CG      0.44     -0.39      3.47      6.48      9.35     35.05
   9 GG/CC     -0.52      0.29      3.27     -5.65      1.41     41.02
          ~~~~~~~~~~~~~~~~~~~~~~~~~~~~~~~~~~~~~~~~~~~~~~~~~~~~~~~~~~~~
      ave.     -0.08     -0.45      3.30      0.14      1.76     36.06
      s.d.      0.44      0.60      0.34      4.73      6.01      5.36
****************************************************************************
Curves base-pair parameters (by Xiang-Jun Lu)
     bp        Shear    Stretch   Stagger    Buckle  Propeller  Opening
    1 G-C       0.43     -0.01      0.15     -8.45      7.51      1.31
    2 G-C      -0.21     -0.09      0.50      4.12      8.39     -2.06
    3 C-G       0.52     -0.06      0.42     -0.37      1.14      3.86
    4 A-T      -0.31     -0.00      0.20     12.74    -13.59      7.62
    5 A-T       0.04      0.10      0.63     20.36     -7.49      5.44
    6 A-T       0.60      0.08     -0.01     15.69     -7.07      5.96
    7 A-T       0.80      0.12      0.14     14.25    -17.44      3.97
    8 C-G       0.98     -0.28      0.48     -9.25     -8.88      1.96
    9 G-C      -1.10     -0.31     -0.66    -21.55    -13.43      2.36
   10 G-C      -0.21      0.00     -0.23    -24.29     -3.61     -3.63
          ~~~~~~~~~~~~~~~~~~~~~~~~~~~~~~~~~~~~~~~~~~~~~~~~~~~~~~~~~~~~
      ave.      0.15     -0.05      0.16      0.33     -5.45      2.68
      s.d.      0.63      0.15      0.39     15.82      8.81      3.51
****************************************************************************
Curves base-pair step parameters
    step       Shift     Slide      Rise      Tilt      Roll     Twist
   1 GG/CC     -0.76     -0.86      3.11     -4.24     11.37     27.20
   2 GC/GC      0.43     -0.45      3.41      2.82      1.61     38.14
   3 CA/TG      0.24     -0.88      2.75      4.98      4.49     27.80
   4 AA/TT     -0.01     -0.47      2.91     -5.12     -2.35     34.46
   5 AA/TT      0.01     -1.34      3.51      3.81      0.30     40.69
   6 AA/TT     -0.60      0.62      3.41      1.68     -7.98     38.99
   7 AC/GT      0.05     -0.55      3.88     -3.39     -2.43     41.93
   8 CG/CG      0.43     -0.40      3.49      6.67      9.23     36.03
   9 GG/CC     -0.51      0.30      3.28     -5.63      1.49     40.09
          ~~~~~~~~~~~~~~~~~~~~~~~~~~~~~~~~~~~~~~~~~~~~~~~~~~~~~~~~~~~~
      ave.     -0.08     -0.45      3.30      0.18      1.75     36.15
      s.d.      0.44      0.60      0.34      4.77      5.99      5.41
****************************************************************************
FreeHelix base-pair parameters (by Xiang-Jun Lu)
     bp        Shear    Stretch   Stagger    Buckle  Propeller  Opening
    1 G-C       0.43     -0.01      0.15     -8.42      7.58      1.31
    2 G-C      -0.20     -0.09      0.50      4.10      8.40     -2.06
    3 C-G       0.52     -0.06      0.42     -0.37      1.14      3.86
    4 A-T      -0.31      0.00      0.20     12.56    -13.84      7.61
    5 A-T       0.04      0.10      0.61     20.27     -7.85      5.51
    6 A-T       0.60      0.07     -0.01     15.63     -7.28      6.00
    7 A-T       0.80      0.10      0.14     13.92    -17.83      3.95
    8 C-G       0.98     -0.27      0.48     -9.19     -8.97      1.96
    9 G-C      -1.10     -0.33     -0.64    -21.24    -14.14      2.38
   10 G-C      -0.21     -0.00     -0.22    -24.26     -3.87     -3.71
          ~~~~~~~~~~~~~~~~~~~~~~~~~~~~~~~~~~~~~~~~~~~~~~~~~~~~~~~~~~~~
      ave.      0.15     -0.05      0.16      0.30     -5.67      2.68
      s.d.      0.63      0.15      0.38     15.70      8.99      3.53
****************************************************************************
FreeHelix base-pair step parameters
    step       Shift     Slide      Rise      Tilt      Roll     Twist
   1 GG/CC     -0.76     -0.86      3.09     -4.19     11.40     26.66
   2 GC/GC      0.43     -0.45      3.41      2.82      1.62     38.30
   3 CA/TG      0.23     -0.88      2.74      5.00      4.47     28.56
   4 AA/TT     -0.02     -0.47      2.91     -5.15     -2.30     34.41
   5 AA/TT      0.00     -1.34      3.51      3.81      0.26     40.52
   6 AA/TT     -0.59      0.63      3.41      1.56     -8.00     39.50
   7 AC/GT      0.05     -0.55      3.87     -3.40     -2.41     40.50
   8 CG/CG      0.44     -0.39      3.47      6.50      9.37     35.05
   9 GG/CC     -0.52      0.29      3.27     -5.65      1.41     41.02
          ~~~~~~~~~~~~~~~~~~~~~~~~~~~~~~~~~~~~~~~~~~~~~~~~~~~~~~~~~~~~
      ave.     -0.08     -0.45      3.30      0.14      1.76     36.06
      s.d.      0.44      0.60      0.34      4.74      6.02      5.35
****************************************************************************
NGEOM base-pair parameters
     bp        Shear    Stretch   Stagger    Buckle  Propeller  Opening
    1 G-C       0.43     -0.01      0.15     -8.42      7.54      1.31
    2 G-C      -0.21     -0.09      0.50      4.11      8.39     -2.06
    3 C-G       0.52     -0.06      0.42     -0.37      1.14      3.86
    4 A-T      -0.31      0.00      0.20     12.59    -13.70      7.62
    5 A-T       0.04      0.10      0.61     20.29     -7.65      5.44
    6 A-T       0.60      0.07     -0.02     15.64     -7.16      5.96
    7 A-T       0.80      0.11      0.14     13.97    -17.61      3.97
    8 C-G       0.98     -0.28      0.48     -9.20     -8.92      1.96
    9 G-C      -1.10     -0.32     -0.65    -21.30    -13.74      2.36
   10 G-C      -0.21     -0.00     -0.22    -24.27     -3.73     -3.63
          ~~~~~~~~~~~~~~~~~~~~~~~~~~~~~~~~~~~~~~~~~~~~~~~~~~~~~~~~~~~~
      ave.      0.15     -0.05      0.16      0.30     -5.54      2.68
      s.d.      0.63      0.15      0.38     15.72      8.89      3.51
****************************************************************************
NGEOM base-pair step parameters
    step       Shift     Slide      Rise      Tilt      Roll     Twist
   1 GG/CC     -0.77     -0.82      3.10     -4.20     11.38     26.99
   2 GC/GC      0.44     -0.44      3.40      2.82      1.62     38.22
   3 CA/TG      0.25     -0.86      2.75      4.99      4.48     28.18
   4 AA/TT     -0.03     -0.48      2.90     -5.13     -2.33     34.42
   5 AA/TT      0.03     -1.34      3.51      3.81      0.28     40.60
   6 AA/TT     -0.58      0.58      3.41      1.61     -7.99     39.29
   7 AC/GT      0.03     -0.57      3.87     -3.39     -2.42     41.21
   8 CG/CG      0.47     -0.35      3.47      6.57      9.30     35.57
   9 GG/CC     -0.54      0.30      3.27     -5.64      1.45     40.53
          ~~~~~~~~~~~~~~~~~~~~~~~~~~~~~~~~~~~~~~~~~~~~~~~~~~~~~~~~~~~~
      ave.     -0.08     -0.44      3.30      0.16      1.75     36.11
      s.d.      0.46      0.59      0.34      4.75      6.00      5.36
****************************************************************************
NUPARM base-pair parameters
     bp        Shear    Stretch   Stagger    Buckle  Propeller  Opening
    1 G-C       0.43     -0.01      0.15     -8.42      7.54      1.30
    2 G-C      -0.21     -0.09      0.50      4.10      8.39     -2.05
    3 C-G       0.52     -0.06      0.42     -0.37      1.14      3.86
    4 A-T      -0.31      0.00      0.20     12.59    -13.71      7.52
    5 A-T       0.04      0.10      0.61     20.29     -7.62      5.34
    6 A-T       0.60      0.07     -0.02     15.65     -7.15      5.89
    7 A-T       0.80      0.10      0.14     13.93    -17.58      3.89
    8 C-G       0.98     -0.27      0.48     -9.19     -8.91      1.95
    9 G-C      -1.10     -0.33     -0.65    -21.25    -13.67      2.30
   10 G-C      -0.22     -0.00     -0.22    -24.28     -3.70     -3.55
          ~~~~~~~~~~~~~~~~~~~~~~~~~~~~~~~~~~~~~~~~~~~~~~~~~~~~~~~~~~~~
      ave.      0.15     -0.05      0.16      0.31     -5.53      2.64
      s.d.      0.63      0.15      0.38     15.71      8.88      3.46
****************************************************************************
NUPARM base-pair step parameters
    step       Shift     Slide      Rise      Tilt      Roll     Twist
   1 GG/CC     -0.79     -0.78      3.10     -4.45     11.68     26.62
   2 GC/GC      0.45     -0.43      3.40      3.06      1.66     38.28
   3 CA/TG      0.28     -0.86      2.74      4.78      4.11     28.51
   4 AA/TT     -0.03     -0.51      2.90     -4.84     -2.72     34.36
   5 AA/TT      0.09     -1.35      3.50      4.39      0.26     40.45
   6 AA/TT     -0.56      0.53      3.43      1.76     -8.48     39.43
   7 AC/GT      0.02     -0.60      3.87     -3.35     -2.41     40.45
   8 CG/CG      0.49     -0.31      3.47      6.67      9.77     34.96
   9 GG/CC     -0.57      0.30      3.26     -5.75      0.96     40.94
          ~~~~~~~~~~~~~~~~~~~~~~~~~~~~~~~~~~~~~~~~~~~~~~~~~~~~~~~~~~~~
      ave.     -0.07     -0.45      3.30      0.25      1.65     36.00
      s.d.      0.47      0.58      0.34      4.82      6.26      5.35
****************************************************************************
NUPARM base-pair helical parameters
    step       X-disp    Y-disp   h-Rise     Incl.       Tip   h-Twist
   1 GG/CC     -4.31      0.85      2.64     22.68      8.60     29.29
   2 GC/GC     -0.89     -0.27      3.41      2.40     -4.40     38.43
   3 CA/TG     -2.54      0.31      2.60      8.07     -9.19     29.19
   4 AA/TT     -0.48     -0.65      2.90     -4.25      7.70     34.79
   5 AA/TT     -1.98      0.43      3.48      0.29     -5.92     40.67
   6 AA/TT      1.86      1.06      3.21    -11.85     -2.57     40.37
   7 AC/GT     -0.54     -0.49      3.88     -3.12      4.49     40.65
   8 CG/CG     -2.04      0.22      3.31     14.67    -10.31     36.81
   9 GG/CC      0.33      0.14      3.31      1.19      7.66     41.33
          ~~~~~~~~~~~~~~~~~~~~~~~~~~~~~~~~~~~~~~~~~~~~~~~~~~~~~~~~~~~~
      ave.     -1.18      0.18      3.19      3.34     -0.44     36.84
      s.d.      1.79      0.58      0.41     10.43      7.60      4.80
****************************************************************************
RNA base-pair parameters
     bp        Shear    Stretch   Stagger    Buckle  Propeller  Opening
    1 G-C       0.42     -0.02      0.15     -8.42      7.54      1.30
    2 G-C      -0.20     -0.09      0.50      4.11      8.39     -2.06
    3 C-G       0.52     -0.07      0.42     -0.37      1.14      3.86
    4 A-T      -0.33     -0.03      0.18     12.60    -13.71      7.55
    5 A-T       0.02      0.04      0.61     20.29     -7.65      5.37
    6 A-T       0.58      0.03     -0.02     15.65     -7.17      5.91
    7 A-T       0.77      0.08      0.13     13.98    -17.62      3.92
    8 C-G       0.99     -0.29      0.48     -9.20     -8.92      1.95
    9 G-C      -1.06     -0.38     -0.65    -21.30    -13.74      2.32
   10 G-C      -0.20     -0.08     -0.22    -24.27     -3.73     -3.58
          ~~~~~~~~~~~~~~~~~~~~~~~~~~~~~~~~~~~~~~~~~~~~~~~~~~~~~~~~~~~~
      ave.      0.15     -0.08      0.16      0.31     -5.55      2.65
      s.d.      0.62      0.15      0.38     15.72      8.89      3.47
****************************************************************************
RNA base-pair step parameters
    step       Shift     Slide      Rise      Tilt      Roll     Twist
   1 GG/CC     -0.73     -0.82      3.29     -4.31     11.48     26.89
   2 GC/GC      0.35     -0.45      3.33      2.91      1.62     38.21
   3 CA/TG      0.21     -0.92      2.95      4.86      4.27     28.14
   4 AA/TT     -0.00     -0.53      3.02     -4.94     -2.49     34.40
   5 AA/TT      0.03     -1.43      3.43      4.05      0.26     40.57
   6 AA/TT     -0.58      0.51      3.38      1.70     -8.15     39.20
   7 AC/GT      0.06     -0.60      3.51     -3.33     -2.38     41.18
   8 CG/CG      0.42     -0.35      3.29      6.60      9.48     35.47
   9 GG/CC     -0.46      0.28      3.22     -5.64      1.18     40.50
          ~~~~~~~~~~~~~~~~~~~~~~~~~~~~~~~~~~~~~~~~~~~~~~~~~~~~~~~~~~~~
      ave.     -0.08     -0.48      3.27      0.21      1.70     36.06
      s.d.      0.41      0.59      0.18      4.75      6.09      5.37
****************************************************************************
RNA base-pair helical parameters
    step       X-disp    Y-disp   h-Rise     Incl.       Tip   h-Twist
   1 GG/CC     -4.03      0.53      2.78     22.95      8.61     29.55
   2 GC/GC     -0.90     -0.15      3.33      2.43     -4.35     38.35
   3 CA/TG     -2.71      0.56      2.78      8.54     -9.72     28.88
   4 AA/TT     -0.52     -0.72      3.02     -4.11      8.16     34.84
   5 AA/TT     -2.08      0.44      3.41      0.36     -5.70     40.77
   6 AA/TT      1.74      1.05      3.18    -11.74     -2.45     40.08
   7 AC/GT     -0.57     -0.49      3.52     -3.31      4.61     41.39
   8 CG/CG     -1.85      0.25      3.11     14.81    -10.31     37.31
   9 GG/CC      0.26      0.02      3.26      1.65      7.92     40.91
          ~~~~~~~~~~~~~~~~~~~~~~~~~~~~~~~~~~~~~~~~~~~~~~~~~~~~~~~~~~~~
      ave.     -1.18      0.16      3.15      3.51     -0.36     36.90
      s.d.      1.70      0.56      0.26     10.50      7.76      4.82
****************************************************************************
Strand I base step parameters
    step       Shift     Slide      Rise      Tilt      Roll     Twist
   1  G/G      -2.07     -0.89      3.16     -0.02     11.38     25.27
   2  G/C      -0.59     -0.32      3.37     -0.89     -1.22     41.20
   3  C/A      -0.95     -0.66      3.08     12.85     -1.89     29.47
   4  A/A      -0.65     -0.04      3.18      2.04      5.41     33.23
   5  A/A      -0.79     -0.77      3.47      4.60      6.61     40.01
   6  A/A      -1.29      1.32      3.58      4.78     -8.25     38.95
   7  A/C      -0.59     -0.39      3.72     -9.65      2.79     41.03
   8  C/G      -1.26     -0.76      2.98      4.40      2.29     35.85
   9  G/G      -0.97     -0.51      3.33     -4.06     -1.84     37.85
          ~~~~~~~~~~~~~~~~~~~~~~~~~~~~~~~~~~~~~~~~~~~~~~~~~~~~~~~~~~~~
      ave.     -1.02     -0.34      3.32      1.56      1.70     35.88
      s.d.      0.47      0.67      0.24      6.34      5.77      5.54
****************************************************************************
Strand I base helical parameters
    step       X-disp    Y-disp   h-Rise     Incl.       Tip   h-Twist
   1  G/G      -4.40      2.50      2.52     24.25      0.05     27.72
   2  G/C      -0.31     -1.07      3.39     -1.69      1.23     41.23
   3  C/A      -0.88      1.99      2.47     -3.46    -23.54     32.21
   4  A/A      -0.95     -0.36      3.09      9.23     -3.49     33.73
   5  A/A      -1.88     -0.13      3.19      9.34     -6.51     40.81
   6  A/A       2.93      0.66      3.05    -11.90     -6.89     40.10
   7  A/C      -0.89     -2.18      3.72      3.83     13.21     42.24
   8  C/G      -1.52      0.78      2.75      3.64     -6.98     36.19
   9  G/G      -0.54     -0.87      3.44     -2.78      6.11     38.12
          ~~~~~~~~~~~~~~~~~~~~~~~~~~~~~~~~~~~~~~~~~~~~~~~~~~~~~~~~~~~~
      ave.     -0.94      0.15      3.07      3.39     -2.98     36.93
      s.d.      1.90      1.49      0.42     10.30     10.24      4.89
****************************************************************************
Strand II base step parameters
    step       Shift     Slide      Rise      Tilt      Roll     Twist
   1  C/C       0.60     -0.77      3.24     -8.46     11.63     28.81
   2  C/G       1.29     -0.57      3.23      6.56      4.55     35.13
   3  G/T       1.39     -1.06      2.93     -3.36     10.11     26.76
   4  T/T       0.69     -0.90      2.94    -11.50    -10.82     33.81
   5  T/T       0.88     -2.02      3.41      3.80     -6.12     40.10
   6  T/T       0.21     -0.16      3.25     -1.38     -8.20     39.11
   7  T/G       0.75     -0.77      3.54      3.05     -7.41     42.07
   8  G/C       1.99      0.25      3.91      8.73     16.63     34.38
   9  C/C       0.07      1.02      3.04     -7.38      4.69     42.35
          ~~~~~~~~~~~~~~~~~~~~~~~~~~~~~~~~~~~~~~~~~~~~~~~~~~~~~~~~~~~~
      ave.      0.88     -0.55      3.28     -1.10      1.67     35.84
      s.d.      0.60      0.86      0.31      7.10     10.05      5.58
****************************************************************************
Strand II base helical parameters
    step       X-disp    Y-disp   h-Rise     Incl.       Tip   h-Twist
   1  C/C      -3.34     -0.71      2.47     21.46     15.61     32.20
   2  C/G      -1.59      0.70      3.31      7.30    -10.51     36.02
   3  G/T      -4.00     -1.61      2.19     20.60      6.85     28.80
   4  T/T      -0.06     -0.70      2.71    -17.15     18.24     37.31
   5  T/T      -2.13      1.02      3.74     -8.66     -5.37     40.74
   6  T/T       0.74      1.33      3.21    -11.83      2.00     39.99
   7  T/G      -0.20      1.13      3.66     -9.98     -4.11     42.83
   8  G/C      -2.29      0.23      3.98     25.37    -13.32     39.18
   9  C/C       0.93      1.00      3.07      6.26      9.85     43.24
          ~~~~~~~~~~~~~~~~~~~~~~~~~~~~~~~~~~~~~~~~~~~~~~~~~~~~~~~~~~~~
      ave.     -1.33      0.27      3.15      3.71      2.13     37.81
      s.d.      1.77      1.03      0.60     16.22     11.27      4.82
