Reference frame: Origins (Ox, Oy, Oz) followed by the direction cosines of the
                 X- (Xx, Yx, Zx), Y- (Yx, Yx, Yx), and Z- (Zx, Zx, Zx) axes
*****************************************************************************************
Local base-pair reference frames
                Ox      Oy      Oz     Xx    Xy    Xz   Yx    Yy    Yz    Zx    Zy    Zz
   1 G-C      -2.50   13.83   -0.16  0.64  0.07 -0.77  0.76  0.05  0.64  0.09 -1.00 -0.02
   2 G-C      -2.74   10.91   -0.36  0.98  0.06 -0.19  0.19  0.05  0.98  0.06 -1.00  0.04
   3 C-G      -2.60    7.47   -0.38  0.87  0.01  0.49 -0.49  0.03  0.87 -0.00 -1.00  0.03
   4 A-T      -1.60    4.92   -0.63  0.52  0.11  0.85 -0.84 -0.09  0.53  0.14 -0.99  0.05
   5 A-T      -0.86    2.05   -0.57 -0.04  0.02  1.00 -1.00 -0.04 -0.04  0.04 -1.00  0.02
   6 A-T       0.68   -1.31    0.27 -0.66 -0.00  0.75 -0.75 -0.12 -0.66  0.09 -0.99  0.07
   7 A-T       1.33   -4.64   -0.22 -0.97 -0.19  0.16 -0.14 -0.09 -0.99  0.20 -0.98  0.06
   8 C-G       1.98   -8.31    0.88 -0.86 -0.18 -0.48  0.47  0.10 -0.88  0.21 -0.98 -0.00
   9 G-C       1.92  -11.76    0.96 -0.40  0.04 -0.92  0.91  0.10 -0.39  0.08 -0.99 -0.07
  10 G-C       2.88  -15.07    0.87  0.33  0.13 -0.94  0.93  0.15  0.34  0.18 -0.98 -0.07
*****************************************************************************************
Local middle reference frames
                Ox      Oy      Oz     Xx    Xy    Xz   Yx    Yy    Yz    Zx    Zy    Zz
   1 GG/CC    -2.62   12.37   -0.26  0.86  0.06 -0.51  0.51  0.04  0.86  0.08 -1.00  0.01
   2 GC/GC    -2.67    9.19   -0.37  0.99  0.04  0.16 -0.16  0.03  0.99  0.03 -1.00  0.03
   3 CA/TG    -2.10    6.19   -0.51  0.72  0.07  0.69 -0.69 -0.02  0.72  0.07 -1.00  0.04
   4 AA/TT    -1.23    3.48   -0.60  0.26  0.06  0.97 -0.96 -0.07  0.26  0.09 -1.00  0.03
   5 AA/TT    -0.09    0.37   -0.15 -0.37  0.02  0.93 -0.93 -0.08 -0.37  0.06 -1.00  0.05
   6 AA/TT     1.01   -2.98    0.03 -0.87 -0.10  0.48 -0.47 -0.13 -0.87  0.15 -0.99  0.06
   7 AC/GT     1.66   -6.47    0.33 -0.96 -0.21 -0.17  0.17  0.01 -0.98  0.20 -0.98  0.03
   8 CG/CG     1.95  -10.03    0.92 -0.67 -0.07 -0.74  0.73  0.13 -0.67  0.14 -0.99 -0.04
   9 GG/CC     2.40  -13.42    0.91 -0.03  0.07 -1.00  0.99  0.13 -0.03  0.13 -0.99 -0.07
*****************************************************************************************
Local middle helical reference frames
                Ox      Oy      Oz     Xx    Xy    Xz   Yx    Yy    Yz    Zx    Zy    Zz
   1 GG/CC    -2.43   12.38   -0.57  0.86  0.01 -0.51  0.51 -0.02  0.86 -0.01 -1.00 -0.02
   2 GC/GC    -2.92    9.18   -0.36  0.99  0.03  0.16 -0.16 -0.06  0.99  0.04 -1.00 -0.06
   3 CA/TG    -0.17    6.78    1.13  0.71  0.24  0.66 -0.70  0.19  0.68  0.03 -0.95  0.30
   4 AA/TT    -1.91    3.32   -0.00  0.27 -0.09  0.96 -0.95 -0.15  0.26  0.12 -0.98 -0.13
   5 AA/TT    -0.69    0.64    2.02 -0.37  0.12  0.92 -0.93 -0.04 -0.37 -0.01 -0.99  0.12
   6 AA/TT     2.61   -2.68    0.13 -0.88 -0.04  0.48 -0.45 -0.27 -0.85  0.17 -0.96  0.22
   7 AC/GT     0.30   -6.90   -0.28 -0.94 -0.29 -0.17  0.17  0.02 -0.99  0.29 -0.96  0.03
   8 CG/CG     0.79  -10.04   -0.30 -0.68  0.00 -0.73  0.69  0.32 -0.64  0.24 -0.95 -0.22
   9 GG/CC     2.78  -13.33    1.56 -0.02 -0.06 -1.00  0.99  0.13 -0.03  0.13 -0.99  0.06
*****************************************************************************************
Local strand I base reference frames
                Ox      Oy      Oz     Xx    Xy    Xz   Yx    Yy    Yz    Zx    Zy    Zz
   1 G        -2.75   13.84    0.02  0.64 -0.03 -0.77  0.77  0.14  0.63  0.08 -0.99  0.11
   2 G        -2.54   10.69   -0.39  0.98  0.05 -0.17  0.17  0.01  0.98  0.05 -1.00 -0.00
   3 C        -2.23    7.18   -0.28  0.86 -0.02  0.51 -0.50  0.06  0.86 -0.05 -1.00  0.04
   4 A        -1.68    4.77   -0.81  0.49 -0.00  0.87 -0.85 -0.20  0.48  0.17 -0.98 -0.10
   5 A        -0.89    1.72   -0.58 -0.08 -0.04  1.00 -0.98 -0.21 -0.08  0.21 -0.98 -0.02
   6 A         0.50   -1.33    0.43 -0.68 -0.10  0.72 -0.69 -0.24 -0.69  0.24 -0.97  0.09
   7 A         0.91   -4.76   -0.18 -0.93 -0.36  0.12 -0.06 -0.18 -0.98  0.37 -0.92  0.15
   8 C         1.79   -8.51    0.79 -0.82 -0.26 -0.51  0.47  0.20 -0.86  0.33 -0.94 -0.04
   9 G         1.99  -11.66    1.38 -0.37 -0.06 -0.93  0.89  0.28 -0.37  0.28 -0.96 -0.05
  10 G         2.97  -15.23    0.62  0.37  0.12 -0.92  0.85  0.37  0.38  0.39 -0.92  0.03
*****************************************************************************************
Local strand II base reference frames
                Ox      Oy      Oz     Xx    Xy    Xz   Yx    Yy    Yz    Zx    Zy    Zz
   1 C        -2.25   13.81   -0.34  0.64  0.18 -0.75  0.76 -0.03  0.65  0.09 -0.98 -0.16
   2 C        -2.93   11.14   -0.33  0.98  0.06 -0.21  0.20  0.09  0.98  0.08 -0.99  0.08
   3 G        -2.96    7.75   -0.48  0.87  0.05  0.48 -0.48 -0.01  0.87  0.05 -1.00  0.02
   4 T        -1.52    5.06   -0.45  0.55  0.21  0.80 -0.83  0.02  0.56  0.10 -0.98  0.19
   5 T        -0.83    2.37   -0.56  0.01  0.07  1.00 -0.99  0.14  0.00 -0.14 -0.99  0.07
   6 T         0.87   -1.30    0.12 -0.62  0.08  0.78 -0.78  0.02 -0.62 -0.07 -1.00  0.05
   7 T         1.76   -4.53   -0.25 -0.98 -0.03  0.21 -0.21  0.03 -0.98  0.02 -1.00 -0.04
   8 G         2.18   -8.10    0.98 -0.88 -0.09 -0.46  0.46  0.00 -0.89  0.08 -1.00  0.04
   9 C         1.85  -11.86    0.55 -0.40  0.13 -0.91  0.91 -0.08 -0.41 -0.13 -0.99 -0.09
  10 C         2.78  -14.92    1.12  0.29  0.16 -0.94  0.96 -0.08  0.28 -0.03 -0.98 -0.17
****************************************************************************
Local strand I base step parameters
    step       Shift     Slide      Rise      Tilt      Roll     Twist
   1  G/G       0.28     -0.51      3.13      6.66      1.69     40.74
   2  G/C       0.32     -0.02      3.50     -3.67     -5.36     40.32
   3  C/A      -0.05     -0.61      2.46     14.87      3.18     30.07
   4  A/A       0.45     -0.11      3.12      1.20      4.70     33.81
   5  A/A       0.55     -0.97      3.32      4.74      5.21     38.86
   6  A/A       0.14      1.21      3.29      6.32     -5.54     40.23
   7  A/C       0.33     -0.85      3.88    -10.10      5.09     37.39
   8  C/G      -0.06     -1.05      3.03      1.75      2.42     37.90
   9  G/G       0.71     -0.27      3.70     -6.69     -4.78     44.43
          ~~~~~~~~~~~~~~~~~~~~~~~~~~~~~~~~~~~~~~~~~~~~~~~~~~~~~~~~~~~~
      ave.      0.30     -0.35      3.27      1.68      0.73     38.19
      s.d.      0.26      0.69      0.41      7.64      4.63      4.19
****************************************************************************
Local strand I base helical parameters
    step       X-disp    Y-disp   h-Rise     Incl.       Tip   h-Twist
   1  G/G      -0.89      0.29      3.12      2.40     -9.49     41.30
   2  G/C       0.60     -0.89      3.44     -7.71      5.29     40.82
   3  C/A      -1.45      1.89      2.13      5.70    -26.62     33.62
   4  A/A      -0.89     -0.59      3.09      8.03     -2.06     34.14
   5  A/A      -2.05     -0.25      3.21      7.76     -7.05     39.47
   6  A/A       2.33      0.47      3.09     -7.95     -9.06     41.06
   7  A/C      -1.98     -1.90      3.53      7.73     15.33     39.00
   8  C/G      -1.90      0.30      2.96      3.72     -2.70     38.01
   9  G/G       0.12     -1.60      3.57     -6.26      8.76     45.14
          ~~~~~~~~~~~~~~~~~~~~~~~~~~~~~~~~~~~~~~~~~~~~~~~~~~~~~~~~~~~~
      ave.     -0.68     -0.25      3.13      1.49     -3.07     39.17
      s.d.      1.46      1.16      0.43      6.88     12.23      3.61
****************************************************************************
Local strand II base step parameters
    step       Shift     Slide      Rise      Tilt      Roll     Twist
   1  C/C      -0.83     -0.37      2.60    -11.12     -7.28     37.11
   2  C/G      -0.29     -0.26      3.37      3.03     -2.43     40.90
   3  G/T       0.74     -1.03      2.77     -5.23      9.12     26.46
   4  T/T      -0.22     -0.85      2.64    -10.86    -10.88     32.92
   5  T/T      -0.22     -2.11      3.51      3.49     -2.29     38.83
   6  T/T      -1.01     -0.17      3.21     -1.56     -7.08     39.75
   7  T/G      -0.40     -1.19      3.59      3.89     -3.85     39.29
   8  G/C       0.41      0.05      3.77      3.79     13.56     38.37
   9  C/C      -1.03      1.11      2.88     -5.75      4.49     40.36
          ~~~~~~~~~~~~~~~~~~~~~~~~~~~~~~~~~~~~~~~~~~~~~~~~~~~~~~~~~~~~
      ave.     -0.32     -0.53      3.15     -2.26     -0.74     37.11
      s.d.      0.61      0.90      0.44      6.22      8.14      4.64
****************************************************************************
Local strand II base helical parameters
    step       X-disp    Y-disp   h-Rise     Incl.       Tip   h-Twist
   1  C/C       0.19      0.13      2.75    -11.01     16.83     39.34
   2  C/G      -0.10      0.75      3.35     -3.47     -4.33     41.08
   3  G/T      -3.72     -2.44      2.13     19.00     10.90     28.44
   4  T/T      -0.05     -0.96      2.71    -18.03     17.99     36.24
   5  T/T      -2.85      0.79      3.60     -3.43     -5.23     39.04
   6  T/T       0.54      1.30      3.23    -10.31      2.27     40.38
   7  T/G      -1.25      1.09      3.63     -5.69     -5.75     39.66
   8  G/C      -1.67     -0.10      3.61     19.83     -5.55     40.78
   9  C/C       1.13      0.90      3.09      6.45      8.26     40.99
          ~~~~~~~~~~~~~~~~~~~~~~~~~~~~~~~~~~~~~~~~~~~~~~~~~~~~~~~~~~~~
      ave.     -0.87      0.16      3.12     -0.74      3.93     38.44
      s.d.      1.63      1.20      0.51     13.23      9.81      4.03
****************************************************************************
xyz coordinates of C1' atoms

    bp        xI       yI       zI       xII      yII      zII
   1 G-C    -0.130   14.659    5.321   -7.980   13.781   -2.140
   2 G-C    -4.000   10.725    5.422   -6.369   10.410   -5.177
   3 C-G    -7.034    7.588    3.233   -2.496    7.591   -6.379
   4 A-T    -7.514    3.860   -0.315    1.572    4.331   -5.428
   5 A-T    -5.872    0.472   -3.470    4.512    1.556   -3.003
   6 A-T    -1.414   -2.419   -5.005    6.629   -1.526    1.461
   7 A-T     2.853   -4.908   -5.711    5.305   -4.680    4.514
   8 C-G     6.331   -6.760   -2.670    1.876   -8.089    6.888
   9 G-C     7.731  -10.056    1.642   -2.027  -11.567    5.027
  10 G-C     6.764  -13.656    4.935   -3.158  -15.202    1.760
****************************************************************************
xyz coordinates of RN9/YN1 atoms

    bp        xI       yI       zI       xII      yII      zII
   1 G-C    -0.074   14.504    3.871   -6.523   13.749   -2.323
   2 G-C    -3.023   10.650    4.328   -5.088   10.650   -4.498
   3 C-G    -5.595    7.505    2.991   -1.894    7.720   -5.070
   4 A-T    -6.158    3.891    0.252    1.484    4.681   -4.008
   5 A-T    -5.175    0.851   -2.242    3.610    1.678   -1.852
   6 A-T    -1.701   -2.272   -3.578    5.206   -1.496    1.900
   7 A-T     1.830   -5.119   -4.725    3.954   -4.632    3.892
   8 C-G     4.954   -7.275   -2.480    1.232   -8.004    5.591
   9 G-C     6.506  -10.330    0.885   -1.756  -11.655    3.579
  10 G-C     6.344  -13.711    3.553   -1.939  -14.751    1.047
****************************************************************************
xyz coordinates of RC8/YC6 atoms

    bp        xI       yI       zI       xII      yII      zII
   1 G-C     1.071   14.515    3.120   -6.108   13.962   -3.606
   2 G-C    -1.660   10.717    4.486   -3.968   10.675   -5.284
   3 C-G    -4.794    7.512    4.096   -0.549    7.784   -4.826
   4 A-T    -5.842    3.804    1.588    2.663    4.932   -3.330
   5 A-T    -5.671    0.720   -0.974    4.207    1.673   -0.614
   6 A-T    -2.891   -2.508   -2.925    4.875   -1.410    3.247
   7 A-T     0.615   -5.650   -5.001    2.835   -4.694    4.708
   8 C-G     4.169   -7.500   -3.579   -0.113   -8.119    5.385
   9 G-C     6.379  -10.286   -0.483   -2.759  -11.445    2.659
  10 G-C     7.175  -13.407    2.515   -2.079  -14.505   -0.289
****************************************************************************
xyz coordinates of O1P atoms w.r.t. the middle frame of each dimer

    step       xI      yI      zI     xII     yII     zII
   1 GG/CC   -4.17    9.73   -0.73   -3.80   10.69    0.25
   2 GC/GC   -3.23   10.22    0.14   -4.48    9.97   -0.78
   3 CA/TG   -4.42    9.82   -0.01   -4.48    9.98    0.23
   4 AA/TT   -5.00    9.67    0.65   -4.84    9.62   -2.17
   5 AA/TT   -4.48    9.21    2.24   -5.20    9.31   -0.64
   6 AA/TT   -3.47   10.03   -0.16   -4.80    9.78   -1.48
   7 AC/GT   -4.29    9.76   -0.46   -5.28    9.18   -1.29
   8 CG/CG   -4.67    9.40   -1.75   -3.70    9.69    1.06
   9 GG/CC   -3.83    9.87   -1.53   -4.18    9.99    0.85
****************************************************************************
xyz coordinates of O1P atoms w.r.t. the middle helix frame of each dimer

    step      xIH     yIH     zIH     xIIH    yIIH    zIIH
   1 GG/CC   -4.54    9.84   -1.16   -4.11   10.50   -0.69
   2 GC/GC   -2.99   10.14   -0.78   -4.22    9.90   -1.73
   3 CA/TG   -7.12    9.80    1.37   -6.80    9.50    3.09
   4 AA/TT   -5.31    8.89    0.61   -4.82   10.22   -3.61
   5 AA/TT   -6.95    9.39    2.15   -7.48    9.06    0.21
   6 AA/TT   -2.05   10.77   -1.78   -3.54    8.60   -2.61
   7 AC/GT   -5.81    9.39   -0.01   -6.67    9.56   -1.64
   8 CG/CG   -6.29    9.61   -0.19   -5.24    9.24    3.20
   9 GG/CC   -3.35    9.50   -1.02   -3.60   10.37    0.26
****************************************************************************
xyz coordinates of O2P atoms w.r.t. the middle frame of each dimer

    step       xI      yI      zI     xII     yII     zII
   1 GG/CC   -2.03    9.24    0.61   -1.43   10.23    1.12
   2 GC/GC   -1.17    9.23    1.30   -2.62    9.55    0.95
   3 CA/TG   -2.21    9.47    1.26   -2.20    9.37    1.21
   4 AA/TT   -2.77    9.32    1.86   -2.87    9.98   -0.56
   5 AA/TT   -2.12    8.51    2.98   -2.95    9.37    0.58
   6 AA/TT   -1.64    9.18    1.43   -2.58    9.24   -0.31
   7 AC/GT   -2.41    9.24    1.22   -3.46    9.23    0.51
   8 CG/CG   -2.76    9.30   -0.04   -1.76    8.65    2.37
   9 GG/CC   -1.82    9.16   -0.11   -1.96    9.44    2.01
****************************************************************************
xyz coordinates of O2P atoms w.r.t. the middle helix frame of each dimer

    step      xIH     yIH     zIH     xIIH    yIIH    zIIH
   1 GG/CC   -2.33    9.44    0.09   -1.79   10.10    0.34
   2 GC/GC   -0.92    9.26    0.45   -2.38    9.65    0.04
   3 CA/TG   -5.15    9.14    2.88   -4.39    8.73    3.53
   4 AA/TT   -2.92    8.62    1.50   -3.11   10.72   -1.76
   5 AA/TT   -4.67    8.65    3.08   -5.12    9.08    1.21
   6 AA/TT   -0.31   10.16    0.00   -1.26    8.23   -1.49
   7 AC/GT   -3.80    8.86    1.50   -5.00    9.60    0.30
   8 CG/CG   -4.50    9.17    1.60   -3.22    7.98    4.13
   9 GG/CC   -1.16    8.79    0.11   -1.56    9.82    1.71
****************************************************************************
xyz coordinates of P atoms w.r.t. the middle frame of each dimer

    step       xI      yI      zI     xII     yII     zII
   1 GG/CC   -3.06    8.81   -0.38   -2.67    9.76    0.45
   2 GC/GC   -2.33    9.07    0.39   -3.54    9.04   -0.10
   3 CA/TG   -3.25    8.97    0.32   -3.33    9.05    0.31
   4 AA/TT   -3.85    8.80    0.99   -3.70    9.07   -1.40
   5 AA/TT   -3.28    8.35    2.07   -3.86    8.72   -0.39
   6 AA/TT   -2.70    8.90    0.42   -3.70    8.83   -1.18
   7 AC/GT   -3.29    8.81    0.11   -4.06    8.60   -0.69
   8 CG/CG   -3.56    8.65   -1.10   -2.82    8.53    1.34
   9 GG/CC   -2.87    8.82   -1.10   -3.09    9.03    1.13
****************************************************************************
xyz coordinates of P atoms w.r.t. the middle helix frame of each dimer

    step      xIH     yIH     zIH     xIIH    yIIH    zIIH
   1 GG/CC   -3.41    8.95   -0.81   -2.99    9.58   -0.36
   2 GC/GC   -2.09    9.02   -0.44   -3.29    9.04   -0.96
   3 CA/TG   -6.01    8.88    1.70   -5.67    8.59    2.78
   4 AA/TT   -4.12    8.04    0.84   -3.80    9.74   -2.65
   5 AA/TT   -5.74    8.54    2.06   -6.12    8.46    0.31
   6 AA/TT   -1.31    9.74   -1.01   -2.43    7.70   -2.24
   7 AC/GT   -4.78    8.44    0.46   -5.50    8.97   -0.95
   8 CG/CG   -5.22    8.75    0.37   -4.35    8.06    3.18
   9 GG/CC   -2.34    8.45   -0.72   -2.55    9.41    0.68
****************************************************************************
xyz coordinates of P atoms

    bp        xI       yI       zI       xII      yII      zII
   1 G-C     ----     ----     ----    -9.880   12.219   -7.311
   2 G-C    -0.812   12.953    8.881   -4.683    8.713   -9.857
   3 C-G    -6.431    8.975    8.211    1.745    6.417   -9.355
   4 A-T   -10.624    5.463    3.738    6.683    2.560   -6.477
   5 A-T   -10.602    1.629   -1.997    9.450    0.563   -0.514
   6 A-T    -6.486   -2.403   -6.170    8.563   -2.669    6.014
   7 A-T    -0.784   -4.254   -9.019    4.224   -6.390    9.513
   8 C-G     6.375   -5.825   -7.781   -2.584   -9.628    8.779
   9 G-C    10.496   -7.577   -2.197   -6.593  -13.703    4.301
  10 G-C    11.099  -11.367    3.639    ----     ----     ---- 
*******************************************************************************************
Phosphorus-phosphorus distance in Angstroms

            1      2      3      4      5      6      7      8      9     10
            C      C      G      T      T      T      T      G      C      C   
   1 G    ----   ----   ----   ----   ----   ----   ----   ----   ----   ----
   2 G    18.6   19.6   19.5   20.0   18.6   18.4   20.0   22.7   27.7   ----
   3 C    16.2   18.2   19.5   20.7   20.0   19.1   18.7   19.0   23.0   ----
   4 A    13.0   15.2   18.0   20.3   21.1   21.0   19.9   17.8   19.6   ----
   5 A    11.9   12.1   15.1   17.9   20.1   21.2   20.4   17.5   17.1   ----
   6 A    15.1   11.8   12.5   14.1   17.2   19.4   19.4   17.1   15.4   ----
   7 A    18.9   13.6   11.0   10.4   14.2   17.8   19.3   18.7   17.3   ----
   8 C    24.3   18.4   13.2    8.5   10.2   14.3   17.4   19.2   19.4   ----
   9 G    28.9   23.5   18.0   11.6    8.4    9.8   13.3   17.2   19.3   ----
  10 G    33.4   28.9   23.9   17.8   12.7    9.4   10.3   14.7   17.9   ----
****************************************************************************
Strand I helix radius

    step          P        O4'       C1'
   1  G/G       9.82      7.05      6.63
   2  G/C       8.47      5.32      4.89
   3  C/A      11.83      8.66      8.23
   4  A/A       9.32      6.49      5.80
   5  A/A       9.59      7.46      6.80
   6  A/A       9.27      6.04      5.72
   7  A/C       8.43      6.23      5.43
   8  C/G      10.54      7.90      7.20
   9  G/G       7.79      5.20      4.48
****************************************************************************
Strand II helix radius

    step          P        O4'       C1'
   1  C/C       9.65      6.08      5.58
   2  C/G       9.00      5.86      5.32
   3  G/T      13.03     10.57      9.88
   4  T/T      10.02      6.66      6.34
   5  T/T      10.01      7.60      7.02
   6  T/T       8.07      4.85      4.44
   7  T/G       9.01      6.11      5.69
   8  G/C       9.22      7.42      6.52
   9  C/C       8.47      5.40      4.71
****************************************************************************************
Base-pair helix axis

               Ox      Oy      Oz     Xx    Xy    Xz   Yx    Yy    Yz    Zx    Zy    Zz
   1 GG/CC   -2.42   13.83   -0.54  0.64  0.01 -0.77  0.77 -0.02  0.64 -0.01 -1.00 -0.02
             -2.44   10.92   -0.61  0.98 -0.00 -0.19  0.19 -0.02  0.98 -0.01 -1.00 -0.02
   2 GC/GC   -2.98   10.90   -0.26  0.98  0.05 -0.19  0.19 -0.05  0.98  0.04 -1.00 -0.06
             -2.85    7.46   -0.46  0.87  0.00  0.49 -0.49 -0.07  0.87  0.04 -1.00 -0.06
   3 CA/TG   -0.21    7.92    0.76  0.87  0.18  0.47 -0.50  0.25  0.83  0.03 -0.95  0.30
             -0.13    5.65    1.49  0.51  0.28  0.82 -0.86  0.13  0.49  0.03 -0.95  0.30
   4 AA/TT   -2.09    4.75    0.19  0.54 -0.04  0.84 -0.83 -0.17  0.53  0.12 -0.98 -0.13
             -1.73    1.89   -0.19 -0.02 -0.13  0.99 -0.99 -0.12 -0.04  0.12 -0.98 -0.13
   5 AA/TT   -0.67    2.34    1.81 -0.04  0.12  0.99 -1.00  0.00 -0.04 -0.01 -0.99  0.12
             -0.70   -1.06    2.23 -0.66  0.10  0.74 -0.75 -0.08 -0.66 -0.01 -0.99  0.12
   6 AA/TT    2.34   -1.14   -0.22 -0.67  0.05  0.74 -0.73 -0.27 -0.63  0.17 -0.96  0.22
              2.87   -4.22    0.47 -0.98 -0.13  0.15 -0.11 -0.24 -0.97  0.17 -0.96  0.22
   7 AC/GT   -0.23   -5.11   -0.34 -0.95 -0.28  0.16 -0.15 -0.08 -0.99  0.29 -0.96  0.03
              0.83   -8.69   -0.22 -0.84 -0.27 -0.48  0.47  0.11 -0.88  0.29 -0.96  0.03
   8 CG/CG    0.40   -8.51    0.06 -0.87 -0.11 -0.47  0.42  0.30 -0.85  0.24 -0.95 -0.22
              1.17  -11.57   -0.65 -0.41  0.11 -0.91  0.88  0.30 -0.36  0.24 -0.95 -0.22
   9 GG/CC    2.56  -11.65    1.45 -0.38 -0.11 -0.92  0.92  0.10 -0.39  0.13 -0.99  0.06
              3.00  -15.01    1.66  0.35 -0.01 -0.94  0.93  0.14  0.34  0.13 -0.99  0.06
****************************************************************************************
Strand I helix axis

               Ox      Oy      Oz     Xx    Xy    Xz   Yx    Yy    Yz    Zx    Zy    Zz
   1  G/G    -2.42   13.91   -0.85  0.61  0.13 -0.78  0.76  0.18  0.62  0.22 -0.98  0.01
             -1.73   10.87   -0.82  0.96  0.21 -0.17  0.17  0.05  0.98  0.22 -0.98  0.01
   2  G/C    -2.98   10.60    0.60  0.98 -0.04 -0.18  0.17 -0.13  0.98 -0.06 -0.99 -0.12
             -3.20    7.19    0.19  0.86 -0.12  0.50 -0.51 -0.07  0.86 -0.06 -0.99 -0.12
   3  C/A    -0.09    7.50   -1.27  0.81  0.42  0.41 -0.52  0.16  0.84  0.29 -0.89  0.35
              0.53    5.60   -0.53  0.39  0.44  0.81 -0.88 -0.10  0.47  0.29 -0.89  0.35
   4  A/A    -1.75    4.77    0.26  0.49  0.03  0.87 -0.87 -0.06  0.49  0.07 -1.00  0.00
             -1.54    1.68    0.26 -0.08 -0.00  1.00 -0.99 -0.07 -0.08  0.07 -1.00  0.00
   5  A/A    -1.33    1.87    1.43 -0.09  0.08  0.99 -0.99 -0.07 -0.09  0.06 -0.99  0.09
             -1.13   -1.32    1.71 -0.70  0.02  0.71 -0.71 -0.11 -0.70  0.06 -0.99  0.09
   6  A/A     2.48   -1.26   -0.86 -0.72  0.05  0.69 -0.65 -0.37 -0.66  0.23 -0.93  0.30
              3.18   -4.12    0.06 -0.97 -0.21  0.09 -0.02 -0.31 -0.95  0.23 -0.93  0.30
   7  A/C    -0.92   -6.05   -1.79 -0.80 -0.59  0.14 -0.13 -0.07 -0.99  0.59 -0.81 -0.02
              1.17   -8.90   -1.86 -0.70 -0.50 -0.51  0.40  0.32 -0.86  0.59 -0.81 -0.02
   8  C/G     0.07   -9.01    0.09 -0.84 -0.22 -0.50  0.45  0.26 -0.86  0.32 -0.94 -0.12
              1.00  -11.79   -0.27 -0.39 -0.01 -0.92  0.87  0.34 -0.37  0.32 -0.94 -0.12
   9  G/G     3.50  -11.36    0.90 -0.33 -0.20 -0.92  0.91  0.17 -0.37  0.23 -0.96  0.13
              4.33  -14.80    1.36  0.41 -0.02 -0.91  0.88  0.27  0.39  0.23 -0.96  0.13
****************************************************************************************
Strand II helix axis

               Ox      Oy      Oz     Xx    Xy    Xz   Yx    Yy    Yz    Zx    Zy    Zz
   1  C/C    -2.46   13.86   -0.27  0.62 -0.11 -0.78  0.75 -0.22  0.63 -0.24 -0.97 -0.05
             -3.13   11.19   -0.42  0.95 -0.23 -0.20  0.19 -0.10  0.98 -0.24 -0.97 -0.05
   2  C/G    -2.99   11.13   -1.09  0.97  0.14 -0.21  0.21  0.03  0.98  0.14 -0.99  0.00
             -2.52    7.81   -1.08  0.87  0.12  0.48 -0.48 -0.07  0.88  0.14 -0.99  0.00
   3  G/T    -0.89    8.01    3.45  0.85 -0.14  0.51 -0.45  0.32  0.84 -0.28 -0.94  0.21
             -1.48    6.02    3.89  0.54  0.03  0.84 -0.80  0.35  0.50 -0.28 -0.94  0.21
   4  T/T    -2.25    4.78    0.12  0.60 -0.09  0.80 -0.78 -0.28  0.55  0.17 -0.95 -0.24
             -1.78    2.20   -0.54  0.02 -0.24  0.97 -0.98 -0.17 -0.02  0.17 -0.95 -0.24
   5  T/T     0.03    2.76    2.24  0.02  0.16  0.99 -1.00  0.08  0.01 -0.08 -0.98  0.16
             -0.24   -0.78    2.81 -0.61  0.17  0.77 -0.79 -0.04 -0.61 -0.08 -0.98  0.16
   6  T/T     2.22   -1.12    0.48 -0.62  0.04  0.79 -0.78 -0.16 -0.60  0.10 -0.99  0.13
              2.54   -4.30    0.89 -0.98 -0.07  0.21 -0.20 -0.15 -0.97  0.10 -0.99  0.13
   7  T/G     0.76   -4.37    1.06 -0.98  0.07  0.20 -0.21 -0.07 -0.98 -0.05 -1.00  0.08
              0.57   -7.98    1.35 -0.89  0.01 -0.47  0.46 -0.09 -0.88 -0.05 -1.00  0.08
   8  G/C     0.72   -8.06    0.15 -0.89  0.00 -0.45  0.42  0.34 -0.84  0.15 -0.94 -0.31
              1.26  -11.45   -0.97 -0.40  0.23 -0.89  0.90  0.26 -0.34  0.15 -0.94 -0.31
   9  C/C     1.49  -11.87    1.95 -0.41 -0.01 -0.91  0.91  0.03 -0.41  0.03 -1.00 -0.00
              1.59  -14.96    1.94  0.29  0.01 -0.96  0.96  0.03  0.29  0.03 -1.00 -0.00
