  10 # base-pairs
   1 # ***local base-pair & helical parameters***
#        Shear    Stretch   Stagger   Buckle   Prop-Tw   Opening     X-disp    Y-disp    h-Rise    Incl.     Tip     h-Twist
G-C     -0.593    -0.144    -0.087    -9.596   -11.970    -1.731     0.000     0.000     0.000     0.000     0.000     0.000
G-C      0.363    -0.001     0.472     4.777    -0.764     1.963    -0.339     0.185     2.917    -4.162     3.340    39.144
C-G      0.733    -0.207     0.569    -4.076    -4.152     1.297     0.261    -0.054     3.444    -5.669     0.432    40.736
A-T     -0.418    -0.033     0.252    12.177   -12.029     5.967    -2.680     0.127     2.385    12.830    -9.760    29.573
A-T     -0.032     0.084     0.646    19.629    -5.925     5.457    -0.425    -0.871     2.906    -4.790     8.850    34.544
A-T      0.484     0.079     0.016    15.189    -9.866     6.498    -2.397     0.275     3.429     2.274    -5.846    39.377
A-T      0.880     0.073     0.055    13.885   -18.589     5.909     1.463     0.940     3.205    -8.811    -3.313    40.808
C-G      0.499    -0.061     0.326   -10.931   -10.414     2.977    -1.594    -0.387     3.733     0.541     5.105    37.935
G-C     -0.810    -0.170    -0.240   -20.842   -11.059     1.005    -1.794     0.026     3.237    11.998    -4.236    39.332
G-C      0.491    -0.037     0.378   -27.170    -2.564     4.327     0.705    -0.399     3.398    -0.159     8.326    43.293
