  10 # base-pairs
   0 # ***local base-pair & step parameters***
#        Shear    Stretch   Stagger   Buckle   Prop-Tw   Opening     Shift     Slide     Rise      Tilt      Roll      Twist
G-C     -0.593    -0.144    -0.087    -9.596   -11.970    -1.731     0.000     0.000     0.000     0.000     0.000     0.000
G-C      0.363    -0.001     0.472     4.777    -0.764     1.963    -0.283    -0.426     2.884    -2.235    -2.785    38.987
C-G      0.733    -0.207     0.569    -4.076    -4.152     1.297     0.013    -0.138     3.446    -0.300    -3.940    40.552
A-T     -0.418    -0.033     0.252    12.177   -12.029     5.967     0.349    -0.824     2.600     4.921     6.469    28.459
A-T     -0.032     0.084     0.646    19.629    -5.925     5.457     0.086    -0.486     2.921    -5.231    -2.831    34.043
A-T      0.484     0.079     0.016    15.189    -9.866     6.498     0.147    -1.486     3.489     3.932     1.529    39.159
A-T      0.880     0.073     0.055    13.885   -18.589     5.909    -0.478     0.546     3.349     2.301    -6.120    40.303
C-G      0.499    -0.061     0.326   -10.931   -10.414     2.977    -0.064    -1.003     3.750    -3.315     0.351    37.794
G-C     -0.810    -0.170    -0.240   -20.842   -11.059     1.005     0.215    -0.549     3.404     2.830     8.017    38.438
G-C      0.491    -0.037     0.378   -27.170    -2.564     4.327    -0.166     0.511     3.408    -6.124    -0.117    42.878
