****************************************************************************
CEHS base-pair parameters
     bp        Shear    Stretch   Stagger    Buckle  Propeller  Opening
    1 G-C      -0.59     -0.15     -0.09     -9.58    -12.00     -1.72
    2 G-C       0.36     -0.00      0.47      4.78     -0.76      1.96
    3 C-G       0.73     -0.21      0.57     -4.08     -4.15      1.30
    4 A-T      -0.42     -0.03      0.25     12.16    -12.09      5.91
    5 A-T      -0.03      0.08      0.65     19.63     -5.99      5.40
    6 A-T       0.48      0.08      0.01     15.18     -9.94      6.44
    7 A-T       0.88      0.06      0.05     13.83    -18.70      5.80
    8 C-G       0.50     -0.06      0.33    -10.92    -10.45      2.96
    9 G-C      -0.81     -0.18     -0.24    -20.81    -11.18      0.99
   10 G-C       0.49     -0.04      0.38    -27.17     -2.61      4.24
          ~~~~~~~~~~~~~~~~~~~~~~~~~~~~~~~~~~~~~~~~~~~~~~~~~~~~~~~~~~~~
      ave.      0.16     -0.04      0.24     -0.70     -8.79      3.33
      s.d.      0.59      0.10      0.29     16.23      5.39      2.68
****************************************************************************
CEHS base-pair step parameters
    step       Shift     Slide      Rise      Tilt      Roll     Twist
   1 GG/CC     -0.28     -0.42      2.88     -2.30     -2.75     39.25
   2 GC/GC      0.01     -0.14      3.45     -0.31     -3.92     40.51
   3 CA/TG      0.35     -0.83      2.60      4.69      6.21     28.82
   4 AA/TT      0.09     -0.50      2.92     -4.97     -3.01     33.98
   5 AA/TT      0.15     -1.50      3.48      3.96      1.39     39.22
   6 AA/TT     -0.46      0.53      3.35      2.20     -6.36     40.49
   7 AC/GT     -0.07     -1.02      3.74     -2.95      0.40     36.98
   8 CG/CG      0.21     -0.55      3.40      2.82      7.95     38.19
   9 GG/CC     -0.18      0.51      3.41     -6.24      0.01     43.22
          ~~~~~~~~~~~~~~~~~~~~~~~~~~~~~~~~~~~~~~~~~~~~~~~~~~~~~~~~~~~~
      ave.     -0.02     -0.44      3.25     -0.34     -0.01     37.85
      s.d.      0.26      0.67      0.37      3.99      4.69      4.24
****************************************************************************
CompDNA base-pair parameters
     bp        Shear    Stretch   Stagger    Buckle  Propeller  Opening
    1 G-C      -0.59     -0.15     -0.09     -9.53    -12.00     -1.73
    2 G-C       0.36     -0.00      0.47      4.78     -0.76      1.96
    3 C-G       0.73     -0.21      0.57     -4.07     -4.15      1.30
    4 A-T      -0.42     -0.03      0.25     12.09    -12.07      5.97
    5 A-T      -0.03      0.08      0.65     19.59     -5.98      5.53
    6 A-T       0.48      0.08      0.02     15.11     -9.92      6.53
    7 A-T       0.88      0.06      0.05     13.64    -18.68      5.87
    8 C-G       0.50     -0.06      0.33    -10.87    -10.45      2.98
    9 G-C      -0.81     -0.18     -0.24    -20.71    -11.18      1.02
   10 G-C       0.49     -0.04      0.38    -27.16     -2.61      4.45
          ~~~~~~~~~~~~~~~~~~~~~~~~~~~~~~~~~~~~~~~~~~~~~~~~~~~~~~~~~~~~
      ave.      0.16     -0.04      0.24     -0.71     -8.78      3.39
      s.d.      0.59      0.11      0.29     16.17      5.38      2.72
****************************************************************************
CompDNA base-pair step parameters
    step       Shift     Slide      Rise      Tilt      Roll     Twist
   1 GG/CC     -0.28     -0.43      2.88     -2.23     -2.79     39.24
   2 GC/GC      0.01     -0.14      3.45     -0.30     -3.94     40.49
   3 CA/TG      0.35     -0.82      2.60      4.93      6.46     28.80
   4 AA/TT      0.08     -0.49      2.92     -5.24     -2.81     34.00
   5 AA/TT      0.14     -1.49      3.49      3.94      1.51     39.25
   6 AA/TT     -0.47      0.55      3.35      2.25     -6.14     40.49
   7 AC/GT     -0.07     -1.00      3.75     -3.31      0.36     37.00
   8 CG/CG      0.22     -0.55      3.40      2.77      8.04     38.10
   9 GG/CC     -0.17      0.51      3.41     -6.12     -0.15     43.29
          ~~~~~~~~~~~~~~~~~~~~~~~~~~~~~~~~~~~~~~~~~~~~~~~~~~~~~~~~~~~~
      ave.     -0.02     -0.43      3.25     -0.37      0.06     37.85
      s.d.      0.26      0.67      0.37      4.07      4.71      4.26
****************************************************************************
Curves base-pair parameters (by Xiang-Jun Lu)
     bp        Shear    Stretch   Stagger    Buckle  Propeller  Opening
    1 G-C      -0.59     -0.14     -0.09     -9.68    -11.91     -1.73
    2 G-C       0.36     -0.00      0.47      4.78     -0.76      1.96
    3 C-G       0.73     -0.21      0.57     -4.08     -4.15      1.30
    4 A-T      -0.42     -0.04      0.26     12.29    -11.94      5.97
    5 A-T      -0.03      0.08      0.66     19.67     -5.81      5.46
    6 A-T       0.48      0.08      0.02     15.28     -9.75      6.50
    7 A-T       0.88      0.08      0.06     14.19    -18.40      5.91
    8 C-G       0.50     -0.06      0.33    -11.01    -10.35      2.98
    9 G-C      -0.81     -0.16     -0.25    -21.00    -10.81      1.01
   10 G-C       0.49     -0.04      0.39    -27.18     -2.47      4.33
          ~~~~~~~~~~~~~~~~~~~~~~~~~~~~~~~~~~~~~~~~~~~~~~~~~~~~~~~~~~~~
      ave.      0.16     -0.04      0.24     -0.67     -8.64      3.37
      s.d.      0.59      0.11      0.30     16.34      5.31      2.71
****************************************************************************
Curves base-pair step parameters
    step       Shift     Slide      Rise      Tilt      Roll     Twist
   1 GG/CC     -0.28     -0.42      2.89     -2.24     -2.78     38.73
   2 GC/GC      0.01     -0.14      3.45     -0.30     -3.94     40.60
   3 CA/TG      0.35     -0.82      2.61      4.92      6.47     28.10
   4 AA/TT      0.09     -0.49      2.92     -5.22     -2.85     34.11
   5 AA/TT      0.15     -1.48      3.49      3.93      1.55     39.08
   6 AA/TT     -0.48      0.54      3.35      2.35     -6.10     40.06
   7 AC/GT     -0.06     -1.00      3.75     -3.32      0.34     38.61
   8 CG/CG      0.21     -0.55      3.41      2.89      7.99     38.69
   9 GG/CC     -0.16      0.51      3.41     -6.12     -0.08     42.53
          ~~~~~~~~~~~~~~~~~~~~~~~~~~~~~~~~~~~~~~~~~~~~~~~~~~~~~~~~~~~~
      ave.     -0.02     -0.43      3.25     -0.35      0.07     37.83
      s.d.      0.26      0.66      0.37      4.08      4.70      4.29
****************************************************************************
FreeHelix base-pair parameters (by Xiang-Jun Lu)
     bp        Shear    Stretch   Stagger    Buckle  Propeller  Opening
    1 G-C      -0.59     -0.15     -0.09     -9.58    -12.04     -1.73
    2 G-C       0.36     -0.00      0.47      4.78     -0.76      1.96
    3 C-G       0.73     -0.21      0.57     -4.08     -4.16      1.30
    4 A-T      -0.42     -0.03      0.25     12.15    -12.14      5.97
    5 A-T      -0.03      0.08      0.65     19.62     -6.07      5.53
    6 A-T       0.48      0.08      0.02     15.17    -10.01      6.53
    7 A-T       0.88      0.06      0.05     13.82    -18.81      5.87
    8 C-G       0.50     -0.06      0.33    -10.92    -10.49      2.98
    9 G-C      -0.81     -0.18     -0.24    -20.81    -11.37      1.02
   10 G-C       0.49     -0.04      0.38    -27.17     -2.69      4.45
          ~~~~~~~~~~~~~~~~~~~~~~~~~~~~~~~~~~~~~~~~~~~~~~~~~~~~~~~~~~~~
      ave.      0.16     -0.04      0.24     -0.70     -8.86      3.39
      s.d.      0.59      0.11      0.29     16.23      5.41      2.72
****************************************************************************
FreeHelix base-pair step parameters
    step       Shift     Slide      Rise      Tilt      Roll     Twist
   1 GG/CC     -0.28     -0.43      2.88     -2.23     -2.79     39.24
   2 GC/GC      0.01     -0.14      3.45     -0.30     -3.94     40.49
   3 CA/TG      0.35     -0.82      2.60      4.93      6.47     28.80
   4 AA/TT      0.08     -0.49      2.92     -5.24     -2.81     34.00
   5 AA/TT      0.14     -1.49      3.49      3.94      1.51     39.25
   6 AA/TT     -0.47      0.55      3.35      2.25     -6.14     40.49
   7 AC/GT     -0.07     -1.00      3.75     -3.31      0.36     36.99
   8 CG/CG      0.22     -0.55      3.40      2.77      8.04     38.10
   9 GG/CC     -0.17      0.51      3.41     -6.12     -0.15     43.29
          ~~~~~~~~~~~~~~~~~~~~~~~~~~~~~~~~~~~~~~~~~~~~~~~~~~~~~~~~~~~~
      ave.     -0.02     -0.43      3.25     -0.37      0.06     37.85
      s.d.      0.26      0.67      0.37      4.07      4.71      4.26
****************************************************************************
NGEOM base-pair parameters
     bp        Shear    Stretch   Stagger    Buckle  Propeller  Opening
    1 G-C      -0.59     -0.14     -0.09     -9.60    -11.97     -1.73
    2 G-C       0.36     -0.00      0.47      4.78     -0.76      1.96
    3 C-G       0.73     -0.21      0.57     -4.08     -4.15      1.30
    4 A-T      -0.42     -0.03      0.25     12.18    -12.03      5.97
    5 A-T      -0.03      0.08      0.65     19.63     -5.92      5.46
    6 A-T       0.48      0.08      0.01     15.19     -9.87      6.50
    7 A-T       0.88      0.07      0.05     13.88    -18.59      5.91
    8 C-G       0.50     -0.06      0.33    -10.93    -10.41      2.98
    9 G-C      -0.81     -0.17     -0.24    -20.84    -11.06      1.01
   10 G-C       0.49     -0.04      0.38    -27.17     -2.56      4.33
          ~~~~~~~~~~~~~~~~~~~~~~~~~~~~~~~~~~~~~~~~~~~~~~~~~~~~~~~~~~~~
      ave.      0.16     -0.04      0.24     -0.70     -8.73      3.37
      s.d.      0.59      0.11      0.29     16.25      5.36      2.71
****************************************************************************
NGEOM base-pair step parameters
    step       Shift     Slide      Rise      Tilt      Roll     Twist
   1 GG/CC     -0.29     -0.44      2.88     -2.23     -2.78     38.99
   2 GC/GC      0.01     -0.16      3.45     -0.30     -3.94     40.55
   3 CA/TG      0.36     -0.81      2.60      4.92      6.47     28.46
   4 AA/TT      0.07     -0.50      2.92     -5.23     -2.83     34.04
   5 AA/TT      0.17     -1.48      3.49      3.93      1.53     39.16
   6 AA/TT     -0.47      0.51      3.36      2.30     -6.12     40.30
   7 AC/GT     -0.08     -1.00      3.75     -3.31      0.35     37.79
   8 CG/CG      0.23     -0.51      3.41      2.83      8.02     38.44
   9 GG/CC     -0.20      0.51      3.41     -6.12     -0.12     42.88
          ~~~~~~~~~~~~~~~~~~~~~~~~~~~~~~~~~~~~~~~~~~~~~~~~~~~~~~~~~~~~
      ave.     -0.02     -0.43      3.25     -0.36      0.06     37.85
      s.d.      0.27      0.65      0.37      4.07      4.71      4.25
****************************************************************************
NUPARM base-pair parameters
     bp        Shear    Stretch   Stagger    Buckle  Propeller  Opening
    1 G-C      -0.59     -0.15     -0.09     -9.58    -11.96     -1.72
    2 G-C       0.36     -0.00      0.47      4.78     -0.76      1.96
    3 C-G       0.73     -0.21      0.57     -4.08     -4.15      1.30
    4 A-T      -0.42     -0.03      0.25     12.17    -12.02      5.90
    5 A-T      -0.03      0.08      0.65     19.64     -5.90      5.37
    6 A-T       0.48      0.08      0.01     15.19     -9.85      6.42
    7 A-T       0.88      0.06      0.05     13.84    -18.57      5.79
    8 C-G       0.50     -0.06      0.33    -10.92    -10.40      2.95
    9 G-C      -0.81     -0.18     -0.24    -20.81    -11.00      0.98
   10 G-C       0.49     -0.04      0.38    -27.19     -2.54      4.21
          ~~~~~~~~~~~~~~~~~~~~~~~~~~~~~~~~~~~~~~~~~~~~~~~~~~~~~~~~~~~~
      ave.      0.16     -0.04      0.24     -0.69     -8.72      3.32
      s.d.      0.59      0.10      0.29     16.24      5.35      2.67
****************************************************************************
NUPARM base-pair step parameters
    step       Shift     Slide      Rise      Tilt      Roll     Twist
   1 GG/CC     -0.30     -0.45      2.88     -2.42     -2.89     39.23
   2 GC/GC      0.01     -0.18      3.44     -0.33     -4.15     40.48
   3 CA/TG      0.38     -0.79      2.60      4.87      6.26     28.75
   4 AA/TT      0.07     -0.52      2.92     -5.08     -3.27     33.96
   5 AA/TT      0.23     -1.48      3.49      4.36      1.53     39.18
   6 AA/TT     -0.43      0.46      3.37      2.48     -6.70     40.41
   7 AC/GT     -0.09     -1.02      3.75     -3.09      0.65     36.97
   8 CG/CG      0.23     -0.47      3.41      2.95      8.35     38.09
   9 GG/CC     -0.25      0.51      3.40     -6.81      0.29     43.13
          ~~~~~~~~~~~~~~~~~~~~~~~~~~~~~~~~~~~~~~~~~~~~~~~~~~~~~~~~~~~~
      ave.     -0.02     -0.44      3.25     -0.34      0.01     37.80
      s.d.      0.28      0.64      0.37      4.24      4.91      4.24
****************************************************************************
NUPARM base-pair helical parameters
    step       X-disp    Y-disp   h-Rise     Incl.       Tip   h-Twist
   1 GG/CC     -0.34      0.18      2.92     -4.11      3.40     39.41
   2 GC/GC      0.25     -0.06      3.45     -5.59      0.45     40.68
   3 CA/TG     -2.71      0.02      2.41     12.12     -9.16     29.83
   4 AA/TT     -0.42     -0.86      2.91     -5.19      8.16     34.47
   5 AA/TT     -2.41      0.24      3.43      2.08     -6.08     39.44
   6 AA/TT      1.47      0.93      3.21     -9.17     -3.48     41.03
   7 AC/GT     -1.71     -0.35      3.72      0.95      4.60     37.10
   8 CG/CG     -1.83      0.04      3.25     11.78     -4.32     39.05
   9 GG/CC      0.66     -0.40      3.40      0.27      8.56     43.64
          ~~~~~~~~~~~~~~~~~~~~~~~~~~~~~~~~~~~~~~~~~~~~~~~~~~~~~~~~~~~~
      ave.     -0.78     -0.03      3.19      0.35      0.24     38.29
      s.d.      1.46      0.50      0.39      7.49      6.36      4.07
****************************************************************************
RNA base-pair parameters
     bp        Shear    Stretch   Stagger    Buckle  Propeller  Opening
    1 G-C      -0.58     -0.16     -0.08     -9.60    -11.97     -1.72
    2 G-C       0.36     -0.00      0.47      4.78     -0.76      1.96
    3 C-G       0.74     -0.21      0.57     -4.08     -4.15      1.30
    4 A-T      -0.44     -0.06      0.24     12.18    -12.03      5.92
    5 A-T      -0.05      0.03      0.64     19.64     -5.93      5.40
    6 A-T       0.46      0.04      0.01     15.20     -9.87      6.44
    7 A-T       0.84      0.04      0.04     13.89    -18.60      5.83
    8 C-G       0.51     -0.08      0.32    -10.93    -10.41      2.96
    9 G-C      -0.78     -0.23     -0.24    -20.84    -11.06      0.99
   10 G-C       0.50     -0.14      0.38    -27.18     -2.56      4.25
          ~~~~~~~~~~~~~~~~~~~~~~~~~~~~~~~~~~~~~~~~~~~~~~~~~~~~~~~~~~~~
      ave.      0.16     -0.08      0.23     -0.69     -8.74      3.33
      s.d.      0.58      0.10      0.29     16.25      5.36      2.69
****************************************************************************
RNA base-pair step parameters
    step       Shift     Slide      Rise      Tilt      Roll     Twist
   1 GG/CC     -0.35     -0.44      3.11     -2.31     -2.81     38.98
   2 GC/GC      0.02     -0.18      3.30     -0.31     -4.00     40.53
   3 CA/TG      0.30     -0.84      2.86      4.87      6.33     28.41
   4 AA/TT      0.07     -0.53      3.03     -5.11     -3.01     34.02
   5 AA/TT      0.17     -1.57      3.42      4.10      1.51     39.13
   6 AA/TT     -0.47      0.43      3.33      2.39     -6.35     40.23
   7 AC/GT     -0.04     -1.06      3.36     -3.17      0.50     37.79
   8 CG/CG      0.22     -0.52      3.26      2.89      8.11     38.38
   9 GG/CC     -0.26      0.44      3.31     -6.38      0.06     42.82
          ~~~~~~~~~~~~~~~~~~~~~~~~~~~~~~~~~~~~~~~~~~~~~~~~~~~~~~~~~~~~
      ave.     -0.04     -0.47      3.22     -0.34      0.04     37.81
      s.d.      0.27      0.65      0.18      4.12      4.76      4.25
****************************************************************************
RNA base-pair helical parameters
    step       X-disp    Y-disp   h-Rise     Incl.       Tip   h-Twist
   1 GG/CC     -0.32      0.24      3.15     -4.12      3.38     39.15
   2 GC/GC      0.21     -0.07      3.31     -5.63      0.44     40.73
   3 CA/TG     -2.83      0.31      2.63     12.44     -9.57     29.51
   4 AA/TT     -0.45     -0.88      3.02     -5.03      8.52     34.54
   5 AA/TT     -2.52      0.27      3.36      2.19     -5.97     39.37
   6 AA/TT      1.35      0.95      3.19     -8.95     -3.37     40.80
   7 AC/GT     -1.69     -0.38      3.34      0.75      4.80     37.92
   8 CG/CG     -1.76      0.02      3.09     11.92     -4.24     39.33
   9 GG/CC      0.59     -0.32      3.31      0.09      8.48     43.29
          ~~~~~~~~~~~~~~~~~~~~~~~~~~~~~~~~~~~~~~~~~~~~~~~~~~~~~~~~~~~~
      ave.     -0.82      0.02      3.15      0.41      0.27     38.29
      s.d.      1.44      0.52      0.23      7.54      6.47      4.05
****************************************************************************
Strand I base step parameters
    step       Shift     Slide      Rise      Tilt      Roll     Twist
   1  G/G      -0.94     -0.50      3.34      6.81      1.72     40.69
   2  G/C      -0.94     -0.05      3.39     -3.75     -5.47     40.28
   3  C/A      -0.93     -0.61      2.93     15.04      3.22     29.89
   4  A/A      -0.59     -0.09      3.16      1.22      4.77     33.79
   5  A/A      -0.63     -0.94      3.47      4.83      5.31     38.81
   6  A/A      -1.06      1.19      3.50      6.45     -5.65     40.16
   7  A/C      -0.88     -0.82      3.57    -10.28      5.18     37.26
   8  C/G      -1.23     -1.04      3.09      1.79      2.46     37.89
   9  G/G      -0.69     -0.30      3.49     -6.86     -4.91     44.35
          ~~~~~~~~~~~~~~~~~~~~~~~~~~~~~~~~~~~~~~~~~~~~~~~~~~~~~~~~~~~~
      ave.     -0.88     -0.35      3.33      1.69      0.74     38.12
      s.d.      0.21      0.68      0.22      7.77      4.72      4.21
****************************************************************************
Strand I base helical parameters
    step       X-disp    Y-disp   h-Rise     Incl.       Tip   h-Twist
   1  G/G      -0.90      0.28      3.12      2.40     -9.49     41.30
   2  G/C       0.59     -0.91      3.44     -7.71      5.29     40.82
   3  C/A      -1.49      1.88      2.13      5.70    -26.62     33.62
   4  A/A      -0.90     -0.60      3.09      8.03     -2.06     34.14
   5  A/A      -2.07     -0.27      3.21      7.76     -7.05     39.47
   6  A/A       2.35      0.45      3.09     -7.95     -9.06     41.06
   7  A/C      -1.95     -1.92      3.53      7.73     15.33     39.00
   8  C/G      -1.90      0.30      2.96      3.72     -2.70     38.01
   9  G/G       0.11     -1.61      3.57     -6.26      8.76     45.14
          ~~~~~~~~~~~~~~~~~~~~~~~~~~~~~~~~~~~~~~~~~~~~~~~~~~~~~~~~~~~~
      ave.     -0.69     -0.27      3.13      1.49     -3.07     39.17
      s.d.      1.47      1.16      0.43      6.88     12.23      3.61
****************************************************************************
Strand II base step parameters
    step       Shift     Slide      Rise      Tilt      Roll     Twist
   1  C/C       0.27     -0.39      2.93    -11.32     -7.40     36.94
   2  C/G       0.99     -0.28      3.27      3.10     -2.48     40.89
   3  G/T       1.55     -1.00      2.95     -5.28      9.20     26.39
   4  T/T       0.76     -0.88      2.97    -11.01    -11.03     32.72
   5  T/T       1.00     -2.12      3.40      3.56     -2.33     38.81
   6  T/T       0.21     -0.21      3.25     -1.59     -7.22     39.70
   7  T/G       0.84     -1.21      3.46      3.97     -3.92     39.26
   8  G/C       1.61      0.13      3.65      3.86     13.81     38.17
   9  C/C       0.19      1.13      3.04     -5.87      4.59     40.30
          ~~~~~~~~~~~~~~~~~~~~~~~~~~~~~~~~~~~~~~~~~~~~~~~~~~~~~~~~~~~~
      ave.      0.82     -0.54      3.21     -2.29     -0.76     37.02
      s.d.      0.54      0.91      0.26      6.33      8.27      4.66
****************************************************************************
Strand II base helical parameters
    step       X-disp    Y-disp   h-Rise     Incl.       Tip   h-Twist
   1  C/C       0.24      0.16      2.75    -11.01     16.83     39.34
   2  C/G      -0.11      0.75      3.35     -3.47     -4.33     41.08
   3  G/T      -3.77     -2.35      2.13     19.00     10.90     28.44
   4  T/T       0.04     -0.88      2.71    -18.03     17.99     36.24
   5  T/T      -2.86      0.80      3.60     -3.43     -5.23     39.04
   6  T/T       0.55      1.32      3.23    -10.31      2.27     40.38
   7  T/G      -1.26      1.10      3.63     -5.69     -5.75     39.66
   8  G/C      -1.64      0.01      3.61     19.83     -5.55     40.78
   9  C/C       1.11      0.91      3.09      6.45      8.26     40.99
          ~~~~~~~~~~~~~~~~~~~~~~~~~~~~~~~~~~~~~~~~~~~~~~~~~~~~~~~~~~~~
      ave.     -0.86      0.20      3.12     -0.74      3.93     38.44
      s.d.      1.65      1.17      0.51     13.23      9.81      4.03
