Reference frame: Origins (Ox, Oy, Oz) followed by the direction cosines of the
                 X- (Xx, Yx, Zx), Y- (Yx, Yx, Yx), and Z- (Zx, Zx, Zx) axes
*****************************************************************************************
Local base-pair reference frames
                Ox      Oy      Oz     Xx    Xy    Xz   Yx    Yy    Yz    Zx    Zy    Zz
   1 G-C      -1.55   13.86   -1.47  0.71 -0.18 -0.68  0.69  0.02  0.72 -0.12 -0.98  0.14
   2 G-C      -2.64   11.10   -0.40  0.97 -0.02 -0.24  0.24  0.12  0.96  0.01 -0.99  0.12
   3 C-G      -2.31    7.43   -0.40  0.89  0.04  0.46 -0.46  0.07  0.88  0.00 -1.00  0.08
   4 A-T      -1.39    4.88   -0.65  0.55  0.16  0.82 -0.82 -0.08  0.57  0.16 -0.98  0.08
   5 A-T      -0.87    2.00   -0.63 -0.05  0.08  1.00 -1.00 -0.05 -0.04  0.05 -1.00  0.08
   6 A-T       0.36   -1.21    0.14 -0.70 -0.00  0.71 -0.71 -0.15 -0.69  0.11 -0.99  0.10
   7 A-T       1.05   -4.55   -0.30 -0.97 -0.22  0.12 -0.10 -0.10 -0.99  0.23 -0.97  0.08
   8 C-G       1.93   -8.11    0.53 -0.80 -0.25 -0.55  0.52  0.16 -0.84  0.29 -0.96  0.01
   9 G-C       2.40  -11.35    1.11 -0.30 -0.29 -0.91  0.89  0.25 -0.37  0.33 -0.93  0.18
  10 G-C       2.94  -15.38    1.43  0.20  0.09 -0.97  0.95  0.24  0.22  0.26 -0.97 -0.04
*****************************************************************************************
Local middle reference frames
                Ox      Oy      Oz     Xx    Xy    Xz   Yx    Yy    Yz    Zx    Zy    Zz
   1 GG/CC    -2.10   12.48   -0.93  0.87 -0.11 -0.48  0.49  0.09  0.87 -0.05 -0.99  0.13
   2 GC/GC    -2.48    9.26   -0.40  0.99  0.02  0.12 -0.12  0.10  0.99  0.01 -0.99  0.10
   3 CA/TG    -1.85    6.15   -0.53  0.74  0.11  0.66 -0.67  0.01  0.75  0.08 -0.99  0.08
   4 AA/TT    -1.13    3.44   -0.64  0.27  0.11  0.96 -0.96 -0.07  0.28  0.10 -0.99  0.08
   5 AA/TT    -0.25    0.40   -0.24 -0.40  0.06  0.91 -0.91 -0.11 -0.39  0.08 -0.99  0.09
   6 AA/TT     0.71   -2.88   -0.08 -0.89 -0.11  0.44 -0.42 -0.16 -0.89  0.17 -0.98  0.09
   7 AC/GT     1.49   -6.33    0.12 -0.94 -0.27 -0.23  0.23  0.02 -0.97  0.26 -0.96  0.04
   8 CG/CG     2.17   -9.73    0.82 -0.58 -0.27 -0.77  0.75  0.19 -0.63  0.31 -0.94  0.09
   9 GG/CC     2.67  -13.37    1.27 -0.06 -0.09 -0.99  0.95  0.29 -0.08  0.30 -0.95  0.07
*****************************************************************************************
Local middle helical reference frames
                Ox      Oy      Oz     Xx    Xy    Xz   Yx    Yy    Yz    Zx    Zy    Zz
   1 GG/CC    -2.06   11.80   -2.66  0.87 -0.20 -0.45  0.49  0.31  0.81 -0.02 -0.93  0.37
   2 GC/GC    -2.05    9.30   -0.26  0.99  0.07  0.11 -0.12  0.08  0.99  0.06 -0.99  0.09
   3 CA/TG     0.33    6.82    0.74  0.73  0.30  0.62 -0.68  0.22  0.70  0.07 -0.93  0.36
   4 AA/TT    -1.53    3.37   -0.29  0.28 -0.05  0.96 -0.95 -0.12  0.28  0.10 -0.99 -0.08
   5 AA/TT    -0.50    0.63    1.12 -0.41  0.14  0.90 -0.91 -0.11 -0.39  0.05 -0.98  0.17
   6 AA/TT     2.48   -2.51   -0.11 -0.90 -0.07  0.43 -0.39 -0.33 -0.86  0.20 -0.94  0.27
   7 AC/GT     1.04   -6.59   -0.50 -0.90 -0.38 -0.22  0.25 -0.03 -0.97  0.36 -0.93  0.12
   8 CG/CG     2.10   -9.65    1.32 -0.60 -0.16 -0.78  0.80 -0.06 -0.60  0.04 -0.99  0.16
   9 GG/CC     1.92  -13.70   -1.67 -0.10  0.00 -0.99  0.80  0.60 -0.08  0.60 -0.80 -0.06
*****************************************************************************************
Local strand I base reference frames
                Ox      Oy      Oz     Xx    Xy    Xz   Yx    Yy    Yz    Zx    Zy    Zz
   1 G        -1.50   13.83   -1.46  0.75 -0.11 -0.65  0.66  0.07  0.75 -0.04 -0.99  0.12
   2 G        -2.63   10.75   -0.39  0.96  0.03 -0.27  0.27  0.00  0.96  0.03 -1.00 -0.01
   3 C        -1.91    7.12   -0.31  0.88  0.01  0.47 -0.47  0.08  0.88 -0.03 -1.00  0.07
   4 A        -1.47    4.72   -0.83  0.54  0.02  0.84 -0.82 -0.21  0.53  0.19 -0.98 -0.09
   5 A        -0.88    1.64   -0.58 -0.07 -0.01  1.00 -0.97 -0.22 -0.07  0.22 -0.98  0.01
   6 A         0.13   -1.29    0.35 -0.71 -0.11  0.70 -0.65 -0.28 -0.71  0.28 -0.95  0.13
   7 A         0.68   -4.72   -0.30 -0.92 -0.37  0.10 -0.03 -0.19 -0.98  0.39 -0.91  0.17
   8 C         1.71   -8.48    0.43 -0.76 -0.34 -0.55  0.50  0.21 -0.84  0.40 -0.92  0.01
   9 G         2.34  -11.21    1.27 -0.37 -0.12 -0.92  0.88  0.27 -0.39  0.29 -0.96  0.01
  10 G         2.80  -14.87    1.36  0.23  0.00 -0.97  0.89  0.39  0.21  0.38 -0.92  0.09
*****************************************************************************************
Local strand II base reference frames
                Ox      Oy      Oz     Xx    Xy    Xz   Yx    Yy    Yz    Zx    Zy    Zz
   1 C        -1.60   13.90   -1.48  0.67 -0.25 -0.70  0.72 -0.05  0.70 -0.20 -0.97  0.15
   2 C        -2.65   11.44   -0.42  0.98 -0.06 -0.21  0.22  0.24  0.95 -0.00 -0.97  0.24
   3 G        -2.71    7.73   -0.50  0.89  0.08  0.45 -0.46  0.06  0.89  0.04 -1.00  0.09
   4 T        -1.31    5.04   -0.47  0.57  0.28  0.77 -0.81  0.05  0.58  0.12 -0.96  0.25
   5 T        -0.86    2.36   -0.67 -0.01  0.16  0.99 -0.99  0.12 -0.03 -0.13 -0.98  0.16
   6 T         0.60   -1.13   -0.07 -0.67  0.10  0.73 -0.74 -0.01 -0.67 -0.07 -0.99  0.08
   7 T         1.42   -4.38   -0.30 -0.98 -0.08  0.16 -0.16  0.00 -0.99  0.07 -1.00 -0.01
   8 G         2.15   -7.74    0.63 -0.82 -0.15 -0.55  0.54  0.10 -0.84  0.18 -0.98  0.00
   9 C         2.46  -11.50    0.96 -0.22 -0.44 -0.87  0.91  0.24 -0.35  0.36 -0.86  0.35
  10 C         3.07  -15.89    1.50  0.19  0.19 -0.96  0.97  0.08  0.21  0.12 -0.98 -0.17
****************************************************************************
Local strand I base step parameters
    step       Shift     Slide      Rise      Tilt      Roll     Twist
   1  G/G      -1.41      0.25      3.13      4.70      7.01     25.81
   2  G/C       0.71     -0.12      3.63     -4.74     -3.09     43.59
   3  C/A      -0.16     -0.53      2.43     15.34      2.90     29.55
   4  A/A       0.36      0.13      3.13      0.20      5.85     35.92
   5  A/A       0.55     -0.52      3.14      6.33      4.65     41.87
   6  A/A       0.09      1.31      3.28      5.06     -5.05     39.71
   7  A/C       0.44     -0.51      3.91     -9.14      1.53     38.99
   8  C/G      -0.40     -0.80      2.78      5.10      4.32     33.63
   9  G/G       0.16     -0.80      3.60     -5.18     -5.02     35.63
          ~~~~~~~~~~~~~~~~~~~~~~~~~~~~~~~~~~~~~~~~~~~~~~~~~~~~~~~~~~~~
      ave.      0.04     -0.18      3.23      1.96      1.45     36.08
      s.d.      0.64      0.67      0.45      7.48      4.68      5.77
****************************************************************************
Local strand I base helical parameters
    step       X-disp    Y-disp   h-Rise     Incl.       Tip   h-Twist
   1  G/G      -1.12      4.10      2.81     15.17    -10.18     27.14
   2  G/C       0.16     -1.44      3.54     -4.14      6.36     43.94
   3  C/A      -1.28      2.14      2.05      5.24    -27.77     33.34
   4  A/A      -0.57     -0.56      3.11      9.40     -0.32     36.38
   5  A/A      -1.17     -0.14      3.12      6.43     -8.76     42.57
   6  A/A       2.45      0.44      3.09     -7.37     -7.37     40.33
   7  A/C      -0.95     -1.88      3.70      2.26     13.46     40.03
   8  C/G      -1.92      1.34      2.58      7.37     -8.70     34.27
   9  G/G      -0.51     -1.06      3.62     -8.11      8.36     36.33
          ~~~~~~~~~~~~~~~~~~~~~~~~~~~~~~~~~~~~~~~~~~~~~~~~~~~~~~~~~~~~
      ave.     -0.54      0.33      3.07      2.92     -3.88     37.15
      s.d.      1.27      1.92      0.53      7.97     12.44      5.22
****************************************************************************
Local strand II base step parameters
    step       Shift     Slide      Rise      Tilt      Roll     Twist
   1  C/C      -0.95      0.09      2.72    -10.48      7.26     34.82
   2  C/G      -0.21     -0.68      3.64      9.13      1.37     40.15
   3  G/T       0.60     -1.11      2.76     -4.20      9.83     27.06
   4  T/T      -0.58     -0.66      2.57    -11.86     -9.64     35.56
   5  T/T      -0.49     -1.73      3.39      1.59     -5.47     41.24
   6  T/T      -0.87     -0.08      3.25     -0.91     -9.58     38.69
   7  T/G      -0.49     -0.86      3.42     -0.41     -6.08     42.15
   8  G/C       0.74     -0.37      3.69      3.20    -23.43     37.10
   9  C/C      -0.08     -0.53      4.44     13.42     30.98     32.66
          ~~~~~~~~~~~~~~~~~~~~~~~~~~~~~~~~~~~~~~~~~~~~~~~~~~~~~~~~~~~~
      ave.     -0.26     -0.66      3.32     -0.06     -0.53     36.60
      s.d.      0.60      0.55      0.59      8.25     15.45      4.75
****************************************************************************
Local strand II base helical parameters
    step       X-disp    Y-disp   h-Rise     Incl.       Tip   h-Twist
   1  C/C      -0.71      0.26      2.84     11.65     16.82     37.01
   2  C/G      -1.13      1.39      3.49      1.96    -13.09     41.16
   3  G/T      -3.89     -1.91      2.12     20.05      8.55     29.06
   4  T/T       0.01     -0.36      2.71    -14.96     18.40     38.61
   5  T/T      -1.81      0.87      3.56     -7.72     -2.24     41.62
   6  T/T       0.99      1.17      3.20    -14.20      1.35     39.83
   7  T/G      -0.53      0.63      3.51     -8.39      0.56     42.57
   8  G/C       2.15     -0.63      3.40    -33.04     -4.51     43.77
   9  C/C      -4.11      1.60      2.79     43.29    -18.75     46.64
          ~~~~~~~~~~~~~~~~~~~~~~~~~~~~~~~~~~~~~~~~~~~~~~~~~~~~~~~~~~~~
      ave.     -1.01      0.33      3.07     -0.15      0.79     40.03
      s.d.      2.06      1.13      0.49     22.53     12.45      4.99
****************************************************************************
xyz coordinates of C1' atoms

    bp        xI       yI       zI       xII      yII      zII
   1 G-C     0.298   14.515    4.236   -6.950   15.198   -3.741
   2 G-C    -3.552   10.767    5.500   -6.230   10.313   -5.072
   3 C-G    -6.582    7.517    3.388   -2.407    7.149   -6.403
   4 A-T    -7.250    3.698   -0.040    1.690    4.011   -5.465
   5 A-T    -5.902    0.305   -3.380    4.555    1.430   -2.904
   6 A-T    -1.555   -2.513   -5.157    6.249   -1.314    1.697
   7 A-T     2.753   -4.838   -5.824    4.716   -4.332    4.654
   8 C-G     6.280   -6.405   -2.804    1.278   -8.005    6.499
   9 G-C     8.025   -9.459    1.418   -1.879  -11.899    5.030
  10 G-C     7.200  -12.941    4.867   -2.725  -16.958    2.613
****************************************************************************
xyz coordinates of RN9/YN1 atoms

    bp        xI       yI       zI       xII      yII      zII
   1 G-C     0.540   14.288    2.802   -5.694   14.429   -3.745
   2 G-C    -2.658   10.725    4.344   -4.900   10.439   -4.442
   3 C-G    -5.154    7.461    3.083   -1.777    7.347   -5.110
   4 A-T    -5.872    3.763    0.462    1.625    4.456   -4.067
   5 A-T    -5.170    0.679   -2.171    3.621    1.613   -1.787
   6 A-T    -1.868   -2.414   -3.729    4.797   -1.234    2.027
   7 A-T     1.744   -5.106   -4.828    3.398   -4.288    3.960
   8 C-G     4.967   -7.074   -2.674    0.761   -7.980    5.138
   9 G-C     6.826   -9.838    0.672   -1.368  -12.027    3.653
  10 G-C     6.577  -13.084    3.568   -1.596  -16.507    1.771
****************************************************************************
xyz coordinates of RC8/YC6 atoms

    bp        xI       yI       zI       xII      yII      zII
   1 G-C     1.784   14.169    2.231   -5.232   14.114   -4.995
   2 G-C    -1.286   10.770    4.385   -3.787   10.237   -5.223
   3 C-G    -4.308    7.512    4.153   -0.426    7.420   -4.902
   4 A-T    -5.489    3.705    1.782    2.813    4.770   -3.435
   5 A-T    -5.651    0.584   -0.895    4.188    1.734   -0.541
   6 A-T    -3.069   -2.684   -3.111    4.370   -1.105    3.343
   7 A-T     0.547   -5.667   -5.120    2.238   -4.388    4.714
   8 C-G     4.274   -7.393   -3.815   -0.544   -8.217    4.786
   9 G-C     6.697   -9.884   -0.698   -2.133  -12.715    2.746
  10 G-C     7.252  -12.916    2.392   -1.875  -16.319    0.445
****************************************************************************
xyz coordinates of O1P atoms w.r.t. the middle frame of each dimer

    step       xI      yI      zI     xII     yII     zII
   1 GG/CC   -3.93   10.05   -0.40   -5.11    9.57   -0.53
   2 GC/GC   -3.18   10.14    1.06   -4.19    9.98   -0.25
   3 CA/TG   -4.25    9.88    0.26   -4.51    9.98   -0.08
   4 AA/TT   -4.55    9.81    0.69   -4.58    9.74   -2.20
   5 AA/TT   -4.10    9.44    1.86   -5.00    9.43   -0.78
   6 AA/TT   -3.25   10.13   -0.56   -4.60    9.93   -1.65
   7 AC/GT   -3.74    9.99   -0.06   -4.97    9.36   -1.36
   8 CG/CG   -4.52    9.45   -1.28   -3.40    9.90    1.11
   9 GG/CC   -3.74   10.17   -0.05   -3.92   10.35    0.86
****************************************************************************
xyz coordinates of O1P atoms w.r.t. the middle helix frame of each dimer

    step      xIH     yIH     zIH     xIIH    yIIH    zIIH
   1 GG/CC   -4.79   11.43    2.27   -6.09    7.90    1.20
   2 GC/GC   -3.66   10.07    0.71   -4.64   10.06   -0.23
   3 CA/TG   -7.00   10.14    1.61   -6.80    9.20    2.94
   4 AA/TT   -4.64    9.36    0.96   -4.36   10.10   -3.34
   5 AA/TT   -5.61    9.79    1.44   -6.41    9.09   -0.41
   6 AA/TT   -1.55   10.65   -2.45   -3.08    8.72   -3.13
   7 AC/GT   -4.39    9.49   -0.18   -5.39    9.75   -2.45
   8 CG/CG   -3.84    9.10   -4.16   -3.03    9.55   -1.08
   9 GG/CC   -6.91   10.19    3.05   -6.63    8.81    4.74
****************************************************************************
xyz coordinates of O2P atoms w.r.t. the middle frame of each dimer

    step       xI      yI      zI     xII     yII     zII
   1 GG/CC   -1.78    9.60    0.93   -2.76   10.43    0.01
   2 GC/GC   -1.06    9.07    2.03   -2.17    9.38    1.20
   3 CA/TG   -2.07    9.37    1.51   -2.23    9.50    1.00
   4 AA/TT   -2.42    9.17    1.96   -2.59    9.92   -0.58
   5 AA/TT   -1.90    8.56    2.83   -2.76    9.35    0.48
   6 AA/TT   -1.48    9.42    1.15   -2.44    9.34   -0.40
   7 AC/GT   -1.87    9.08    1.44   -3.21    9.29    0.50
   8 CG/CG   -2.48    9.45    0.28   -1.50    8.53    2.17
   9 GG/CC   -1.45    9.36    0.75   -1.53    9.86    1.66
****************************************************************************
xyz coordinates of O2P atoms w.r.t. the middle helix frame of each dimer

    step      xIH     yIH     zIH     xIIH    yIIH    zIIH
   1 GG/CC   -2.54   10.71    3.26   -3.81    8.59    2.14
   2 GC/GC   -1.59    9.01    1.80   -2.55    9.49    1.14
   3 CA/TG   -5.07    9.32    3.10   -4.38    8.55    3.45
   4 AA/TT   -2.33    8.77    1.91   -2.65   10.36   -1.43
   5 AA/TT   -3.49    8.91    2.60   -4.08    9.01    0.65
   6 AA/TT    0.14   10.26   -0.56   -0.86    8.36   -1.89
   7 AC/GT   -2.35    8.66    1.14   -3.85    9.78   -0.39
   8 CG/CG   -1.99    9.53   -2.43   -1.00    8.47    0.07
   9 GG/CC   -4.69    9.12    3.75   -4.18    8.11    5.07
****************************************************************************
xyz coordinates of P atoms w.r.t. the middle frame of each dimer

    step       xI      yI      zI     xII     yII     zII
   1 GG/CC   -2.92    9.09    0.12   -3.70    9.30   -0.15
   2 GC/GC   -2.26    8.99    1.16   -3.17    9.00    0.18
   3 CA/TG   -3.12    8.97    0.55   -3.33    9.10    0.09
   4 AA/TT   -3.51    8.80    1.02   -3.47    9.10   -1.45
   5 AA/TT   -2.99    8.46    1.83   -3.70    8.77   -0.52
   6 AA/TT   -2.51    9.05    0.14   -3.55    8.94   -1.29
   7 AC/GT   -2.82    8.89    0.33   -3.83    8.68   -0.71
   8 CG/CG   -3.36    8.75   -0.68   -2.57    8.67    1.15
   9 GG/CC   -2.71    9.11   -0.00   -2.75    9.43    0.93
****************************************************************************
xyz coordinates of P atoms w.r.t. the middle helix frame of each dimer

    step      xIH     yIH     zIH     xIIH    yIIH    zIIH
   1 GG/CC   -3.76   10.39    2.46   -4.72    7.53    1.63
   2 GC/GC   -2.75    8.91    0.87   -3.60    9.09    0.17
   3 CA/TG   -5.92    9.16    1.89   -5.63    8.33    2.69
   4 AA/TT   -3.55    8.37    1.18   -3.39    9.50   -2.39
   5 AA/TT   -4.50    8.81    1.51   -5.09    8.43   -0.26
   6 AA/TT   -0.84    9.72   -1.54   -2.01    7.81   -2.65
   7 AC/GT   -3.43    8.40    0.15   -4.33    9.11   -1.63
   8 CG/CG   -2.77    8.58   -3.28   -2.18    8.36   -0.83
   9 GG/CC   -5.86    9.17    2.84   -5.48    7.94    4.37
****************************************************************************
xyz coordinates of P atoms

    bp        xI       yI       zI       xII      yII      zII
   1 G-C     ----     ----     ----    -9.848   11.925   -7.239
   2 G-C    -0.237   13.461    8.386   -4.563    8.485   -9.679
   3 C-G    -5.768    8.947    8.331    1.727    5.790   -9.525
   4 A-T   -10.089    5.316    4.146    6.807    2.311   -6.356
   5 A-T   -10.399    1.391   -1.484    9.272    0.626   -0.120
   6 A-T    -6.632   -2.505   -6.144    7.878   -2.329    6.438
   7 A-T    -0.877   -4.165   -9.253    3.272   -6.167    9.463
   8 C-G     6.259   -5.715   -7.879   -3.217   -9.581    8.178
   9 G-C    10.472   -6.541   -2.201   -6.439  -14.975    4.707
  10 G-C    11.511  -10.463    3.223    ----     ----     ---- 
*******************************************************************************************
Phosphorus-phosphorus distance in Angstroms

            1      2      3      4      5      6      7      8      9     10
            C      C      G      T      T      T      T      G      C      C   
   1 G    ----   ----   ----   ----   ----   ----   ----   ----   ----   ----
   2 G    18.4   19.2   19.6   19.8   18.1   17.9   20.0   23.2   29.3   ----
   3 C    16.4   18.1   19.6   20.4   19.2   17.8   17.6   18.7   24.2   ----
   4 A    13.2   15.2   18.1   20.1   20.4   19.7   18.4   16.9   20.6   ----
   5 A    12.0   12.3   15.2   17.9   19.7   20.3   19.1   16.3   17.9   ----
   6 A    14.8   11.7   12.3   14.3   17.3   19.2   18.8   16.3   16.5   ----
   7 A    18.5   13.2   10.3   10.5   14.5   18.1   19.3   18.4   18.5   ----
   8 C    23.9   17.9   12.5    8.2   10.5   14.8   17.6   19.0   20.1   ----
   9 G    27.9   22.5   16.8   10.4    7.6   10.0   13.7   17.4   20.1   ----
  10 G    32.7   28.0   22.9   16.6   11.8    9.5   11.2   15.6   18.6   ----
****************************************************************************
Strand I helix radius

    step          P        O4'       C1'
   1  G/G      13.61     10.77     10.13
   2  G/C       8.03      5.11      4.60
   3  C/A      11.96      8.80      8.37
   4  A/A       9.04      6.34      5.63
   5  A/A       9.30      6.95      6.35
   6  A/A       9.31      6.02      5.72
   7  A/C       8.04      5.52      4.82
   8  C/G      11.49      8.65      8.05
   9  G/G       8.70      5.88      5.26
****************************************************************************
Strand II helix radius

    step          P        O4'       C1'
   1  C/C      10.01      6.84      6.04
   2  C/G       8.57      6.07      5.33
   3  G/T      12.64     10.26      9.56
   4  T/T       9.61      6.23      5.86
   5  T/T       9.40      6.71      6.21
   6  T/T       8.02      4.60      4.30
   7  T/G       8.96      5.92      5.57
   8  G/C       8.37      5.18      5.17
   9  C/C       7.26      6.84      6.22
****************************************************************************************
Base-pair helix axis

               Ox      Oy      Oz     Xx    Xy    Xz   Yx    Yy    Yz    Zx    Zy    Zz
   1 GG/CC   -2.03   13.19   -3.21  0.71 -0.27 -0.65  0.71  0.24  0.66 -0.02 -0.93  0.37
             -2.09   10.41   -2.12  0.97 -0.11 -0.22  0.24  0.35  0.90 -0.02 -0.93  0.37
   2 GC/GC   -2.16   11.12   -0.42  0.97  0.04 -0.25  0.24  0.10  0.96  0.06 -0.99  0.09
             -1.94    7.47   -0.10  0.88  0.09  0.46 -0.46  0.05  0.88  0.06 -0.99  0.09
   3 CA/TG    0.25    7.90    0.31  0.88  0.23  0.42 -0.47  0.29  0.83  0.07 -0.93  0.36
              0.42    5.73    1.16  0.53  0.35  0.78 -0.85  0.14  0.51  0.07 -0.93  0.36
   4 AA/TT   -1.67    4.81   -0.17  0.57 -0.01  0.82 -0.81 -0.13  0.57  0.10 -0.99 -0.08
             -1.38    1.93   -0.41 -0.03 -0.09  1.00 -0.99 -0.10 -0.04  0.10 -0.99 -0.08
   5 AA/TT   -0.58    2.27    0.83 -0.05  0.17  0.98 -1.00 -0.06 -0.04  0.05 -0.98  0.17
             -0.42   -1.02    1.41 -0.71  0.09  0.70 -0.70 -0.16 -0.69  0.05 -0.98  0.17
   6 AA/TT    2.16   -1.02   -0.53 -0.71  0.05  0.70 -0.68 -0.33 -0.66  0.20 -0.94  0.27
              2.80   -4.01    0.31 -0.98 -0.18  0.11 -0.06 -0.28 -0.96  0.20 -0.94  0.27
   7 AC/GT    0.38   -4.87   -0.73 -0.93 -0.34  0.13 -0.08 -0.16 -0.98  0.36 -0.93  0.12
              1.70   -8.31   -0.27 -0.76 -0.36 -0.54  0.54  0.10 -0.83  0.36 -0.93  0.12
   8 CG/CG    2.03   -8.02    1.05 -0.82 -0.13 -0.56  0.57 -0.11 -0.81  0.04 -0.99  0.16
              2.18  -11.28    1.59 -0.32 -0.17 -0.93  0.95 -0.01 -0.33  0.04 -0.99  0.16
   9 GG/CC    0.87  -12.29   -1.56 -0.35 -0.19 -0.92  0.72  0.57 -0.40  0.60 -0.80 -0.06
              2.97  -15.10   -1.78  0.16  0.19 -0.97  0.79  0.57  0.24  0.60 -0.80 -0.06
****************************************************************************************
Strand I helix axis

               Ox      Oy      Oz     Xx    Xy    Xz   Yx    Yy    Yz    Zx    Zy    Zz
   1  G/G    -3.27   12.56   -5.11  0.73  0.06 -0.68  0.63  0.33  0.70  0.27 -0.94  0.20
             -2.51    9.91   -4.56  0.94  0.21 -0.28  0.23  0.26  0.94  0.27 -0.94  0.20
   2  G/C    -2.40   10.67    1.04  0.96 -0.08 -0.27  0.27 -0.07  0.96 -0.09 -0.99 -0.05
             -2.74    7.15    0.88  0.87 -0.10  0.47 -0.47  0.00  0.88 -0.09 -0.99 -0.05
   3  C/A     0.16    7.37   -1.68  0.80  0.47  0.37 -0.49  0.16  0.86  0.34 -0.87  0.36
              0.86    5.59   -0.95  0.41  0.48  0.78 -0.85 -0.12  0.52  0.34 -0.87  0.36
   4  A/A    -1.63    4.71   -0.05  0.54  0.03  0.84 -0.84 -0.04  0.54  0.05 -1.00  0.00
             -1.47    1.61   -0.05 -0.07 -0.00  1.00 -1.00 -0.05 -0.07  0.05 -1.00  0.00
   5  A/A    -1.12    1.79    0.56 -0.09  0.14  0.99 -0.99 -0.11 -0.08  0.09 -0.98  0.15
             -0.84   -1.28    1.03 -0.74  0.03  0.67 -0.67 -0.17 -0.72  0.09 -0.98  0.15
   6  A/A     2.22   -1.13   -1.00 -0.74  0.01  0.67 -0.61 -0.40 -0.68  0.27 -0.92  0.30
              3.04   -3.95   -0.06 -0.96 -0.26  0.07  0.01 -0.31 -0.95  0.27 -0.92  0.30
   7  A/C    -0.18   -5.57   -2.03 -0.81 -0.58  0.13 -0.05 -0.16 -0.99  0.59 -0.80  0.10
              2.00   -8.53   -1.66 -0.65 -0.54 -0.53  0.48  0.25 -0.84  0.59 -0.80  0.10
   8  C/G    -0.47   -9.31    0.51 -0.82 -0.20 -0.53  0.45  0.33 -0.83  0.34 -0.92 -0.18
              0.41  -11.69    0.05 -0.42  0.02 -0.91  0.84  0.39 -0.38  0.34 -0.92 -0.18
   9  G/G     3.14  -11.20    0.41 -0.34 -0.26 -0.90  0.92  0.13 -0.38  0.22 -0.96  0.20
              3.93  -14.66    1.12  0.27 -0.13 -0.95  0.94  0.26  0.23  0.22 -0.96  0.20
****************************************************************************************
Strand II helix axis

               Ox      Oy      Oz     Xx    Xy    Xz   Yx    Yy    Yz    Zx    Zy    Zz
   1  C/C    -1.37   13.49   -2.08  0.60 -0.52 -0.61  0.76  0.14  0.63 -0.24 -0.85  0.48
             -2.05   11.10   -0.72  0.94 -0.33 -0.11  0.25  0.42  0.87 -0.24 -0.85  0.48
   2  C/G    -1.88   11.25   -2.02  0.95  0.16 -0.27  0.22  0.27  0.94  0.22 -0.95  0.22
             -1.10    7.93   -1.25  0.86  0.30  0.42 -0.46  0.10  0.88  0.22 -0.95  0.22
   3  G/T    -0.12    8.23    2.94  0.87 -0.07  0.48 -0.42  0.40  0.81 -0.25 -0.91  0.32
             -0.65    6.29    3.62  0.56  0.14  0.82 -0.79  0.38  0.48 -0.25 -0.91  0.32
   4  T/T    -1.59    4.96   -0.26  0.61 -0.04  0.79 -0.78 -0.21  0.59  0.14 -0.98 -0.16
             -1.21    2.32   -0.69 -0.01 -0.16  0.99 -0.99 -0.14 -0.03  0.14 -0.98 -0.16
   5  T/T    -0.00    2.73    1.11 -0.01  0.20  0.98 -1.00 -0.01 -0.01  0.01 -0.98  0.20
              0.03   -0.75    1.82 -0.67  0.14  0.73 -0.74 -0.14 -0.66  0.01 -0.98  0.20
   6  T/T     2.12   -0.92   -0.05 -0.67  0.08  0.74 -0.73 -0.25 -0.64  0.13 -0.96  0.23
              2.54   -4.00    0.67 -0.98 -0.10  0.16 -0.13 -0.24 -0.96  0.13 -0.96  0.23
   7  T/G     0.99   -4.34    0.40 -0.98 -0.09  0.16 -0.14 -0.14 -0.98  0.11 -0.99  0.13
              1.36   -7.79    0.86 -0.82 -0.16 -0.55  0.56 -0.05 -0.83  0.11 -0.99  0.13
   8  G/C     4.25   -7.87    1.39 -0.82 -0.08 -0.56  0.53 -0.46 -0.71 -0.21 -0.89  0.42
              3.55  -10.88    2.81 -0.23 -0.37 -0.90  0.95 -0.28 -0.12 -0.21 -0.89  0.42
   9  C/C     0.03  -13.60   -2.07 -0.42 -0.20 -0.89  0.44  0.81 -0.39  0.79 -0.56 -0.25
              2.24  -15.15   -2.77  0.03  0.45 -0.89  0.61  0.70  0.38  0.79 -0.56 -0.25
