  10 # base-pairs
   1 # ***local base-pair & helical parameters***
#        Shear    Stretch   Stagger   Buckle   Prop-Tw   Opening     X-disp    Y-disp    h-Rise    Incl.     Tip     h-Twist
G-C      0.067     0.080     0.059    -5.689     7.947     5.499     0.000     0.000     0.000     0.000     0.000     0.000
G-C      0.026    -0.048     0.684    13.480     5.524    -2.535    -0.989     1.656     2.986    13.673     5.493    30.992
C-G      0.770    -0.247     0.622    -0.848    -4.108     0.869    -0.469    -0.098     3.671    -1.138    -3.054    41.803
A-T     -0.438    -0.041     0.254    14.305   -14.401     4.977    -2.656     0.478     2.338    13.086   -11.216    29.773
A-T      0.028     0.052     0.727    19.275    -9.572     3.739    -0.234    -0.512     2.903    -2.719     9.725    37.067
A-T      0.627     0.070     0.151    16.135   -11.974     4.982    -1.460     0.362     3.352    -0.414    -5.248    42.218
A-T      0.790     0.117     0.149    12.642   -17.291     4.670     1.737     0.839     3.172   -10.563    -2.826    40.233
C-G      0.644    -0.176     0.580    -7.116   -11.420     0.004    -0.678    -0.528     3.713    -3.414     7.081    40.625
G-C     -0.335    -0.149    -0.255    -2.395    20.593    -2.262     0.384     0.371     3.311   -15.604    -6.933    36.275
G-C      0.173    -0.039    -1.053   -18.481   -10.719    -0.709    -3.169     0.583     3.521    21.007    -6.258    37.196
