  10 # base-pairs
   0 # ***local base-pair & step parameters***
#        Shear    Stretch   Stagger   Buckle   Prop-Tw   Opening     Shift     Slide     Rise      Tilt      Roll      Twist
G-C      0.067     0.080     0.059    -5.689     7.947     5.499     0.000     0.000     0.000     0.000     0.000     0.000
G-C      0.026    -0.048     0.684    13.480     5.524    -2.535    -1.160     0.157     2.934    -2.905     7.232    30.019
C-G      0.770    -0.247     0.622    -0.848    -4.108     0.869     0.252    -0.403     3.656     2.178    -0.812    41.741
A-T     -0.438    -0.041     0.254    14.305   -14.401     4.977     0.224    -0.817     2.583     5.682     6.629    28.491
A-T      0.028     0.052     0.727    19.275    -9.572     3.739    -0.144    -0.280     2.908    -6.154    -1.721    36.531
A-T      0.627     0.070     0.151    16.135   -11.974     4.982     0.026    -1.074     3.355     3.776    -0.298    42.055
A-T      0.790     0.117     0.149    12.642   -17.291     4.670    -0.425     0.628     3.353     1.933    -7.227    39.560
C-G      0.644    -0.176     0.580    -7.116   -11.420     0.004    -0.064    -0.678     3.698    -4.903    -2.364    40.274
G-C     -0.335    -0.149    -0.255    -2.395    20.593    -2.262     0.151    -0.620     3.266     4.259    -9.585    34.774
G-C      0.173    -0.039    -1.053   -18.481   -10.719    -0.709     0.024    -0.691     4.018     3.904    13.106    34.674
