****************************************************************************
CEHS base-pair parameters
     bp        Shear    Stretch   Stagger    Buckle  Propeller  Opening
    1 G-C       0.07      0.08      0.06     -5.69      7.96      5.48
    2 G-C       0.03     -0.05      0.68     13.48      5.55     -2.52
    3 C-G       0.77     -0.25      0.62     -0.85     -4.11      0.87
    4 A-T      -0.44     -0.04      0.25     14.27    -14.49      4.91
    5 A-T       0.03      0.05      0.73     19.26     -9.67      3.69
    6 A-T       0.63      0.06      0.15     16.11    -12.06      4.92
    7 A-T       0.79      0.11      0.15     12.60    -17.38      4.60
    8 C-G       0.65     -0.17      0.58     -7.10    -11.43      0.00
    9 G-C      -0.34     -0.15     -0.26     -2.38     20.60     -2.23
   10 G-C       0.17     -0.04     -1.05    -18.45    -10.81     -0.70
          ~~~~~~~~~~~~~~~~~~~~~~~~~~~~~~~~~~~~~~~~~~~~~~~~~~~~~~~~~~~~
      ave.      0.24     -0.04      0.19      4.12     -4.58      1.90
      s.d.      0.45      0.12      0.54     12.62     12.13      3.15
****************************************************************************
CEHS base-pair step parameters
    step       Shift     Slide      Rise      Tilt      Roll     Twist
   1 GG/CC     -1.16      0.16      2.93     -3.19      7.27     29.75
   2 GC/GC      0.25     -0.40      3.66      2.19     -0.90     41.90
   3 CA/TG      0.23     -0.82      2.58      5.46      6.37     28.96
   4 AA/TT     -0.14     -0.29      2.91     -5.92     -1.82     36.49
   5 AA/TT      0.03     -1.09      3.35      3.80     -0.49     42.06
   6 AA/TT     -0.41      0.61      3.36      1.89     -7.41     39.57
   7 AC/GT     -0.07     -0.69      3.70     -4.53     -2.35     39.61
   8 CG/CG      0.15     -0.63      3.27      4.08     -9.65     35.04
   9 GG/CC      0.03     -0.70      4.02      4.10     13.05     34.15
          ~~~~~~~~~~~~~~~~~~~~~~~~~~~~~~~~~~~~~~~~~~~~~~~~~~~~~~~~~~~~
      ave.     -0.12     -0.43      3.31      0.87      0.45     36.39
      s.d.      0.44      0.53      0.45      4.26      7.25      4.86
****************************************************************************
CompDNA base-pair parameters
     bp        Shear    Stretch   Stagger    Buckle  Propeller  Opening
    1 G-C       0.07      0.08      0.06     -5.67      7.95      5.49
    2 G-C       0.03     -0.05      0.68     13.46      5.55     -2.55
    3 C-G       0.77     -0.25      0.62     -0.85     -4.11      0.87
    4 A-T      -0.44     -0.04      0.25     14.15    -14.48      4.98
    5 A-T       0.03      0.05      0.73     19.18     -9.66      3.78
    6 A-T       0.63      0.07      0.15     16.02    -12.05      5.00
    7 A-T       0.79      0.11      0.15     12.45    -17.36      4.64
    8 C-G       0.65     -0.17      0.58     -7.07    -11.43      0.00
    9 G-C      -0.34     -0.15     -0.25     -2.34     20.60     -2.23
   10 G-C       0.17     -0.04     -1.05    -18.37    -10.81     -0.72
          ~~~~~~~~~~~~~~~~~~~~~~~~~~~~~~~~~~~~~~~~~~~~~~~~~~~~~~~~~~~~
      ave.      0.24     -0.04      0.19      4.10     -4.58      1.93
      s.d.      0.45      0.12      0.54     12.56     12.12      3.19
****************************************************************************
CompDNA base-pair step parameters
    step       Shift     Slide      Rise      Tilt      Roll     Twist
   1 GG/CC     -1.16      0.16      2.93     -2.90      7.23     29.71
   2 GC/GC      0.25     -0.40      3.66      2.18     -0.81     41.90
   3 CA/TG      0.22     -0.82      2.58      5.70      6.61     28.94
   4 AA/TT     -0.15     -0.28      2.91     -6.17     -1.68     36.53
   5 AA/TT      0.02     -1.07      3.36      3.77     -0.33     42.09
   6 AA/TT     -0.42      0.63      3.35      1.87     -7.24     39.55
   7 AC/GT     -0.07     -0.68      3.70     -4.91     -2.35     39.65
   8 CG/CG      0.15     -0.62      3.27      4.25     -9.59     34.97
   9 GG/CC      0.03     -0.69      4.02      3.84     13.12     33.94
          ~~~~~~~~~~~~~~~~~~~~~~~~~~~~~~~~~~~~~~~~~~~~~~~~~~~~~~~~~~~~
      ave.     -0.12     -0.42      3.31      0.85      0.55     36.36
      s.d.      0.44      0.53      0.45      4.36      7.24      4.89
****************************************************************************
Curves base-pair parameters (by Xiang-Jun Lu)
     bp        Shear    Stretch   Stagger    Buckle  Propeller  Opening
    1 G-C       0.07      0.08      0.06     -5.71      7.93      5.50
    2 G-C       0.03     -0.05      0.69     13.51      5.47     -2.53
    3 C-G       0.77     -0.25      0.62     -0.85     -4.11      0.87
    4 A-T      -0.44     -0.04      0.26     14.49    -14.25      4.98
    5 A-T       0.03      0.05      0.74     19.39     -9.39      3.74
    6 A-T       0.63      0.07      0.15     16.28    -11.81      4.98
    7 A-T       0.79      0.12      0.15     12.88    -17.15      4.67
    8 C-G       0.64     -0.18      0.58     -7.17    -11.39      0.00
    9 G-C      -0.33     -0.15     -0.26     -2.46     20.59     -2.26
   10 G-C       0.17     -0.04     -1.07    -18.61    -10.53     -0.71
          ~~~~~~~~~~~~~~~~~~~~~~~~~~~~~~~~~~~~~~~~~~~~~~~~~~~~~~~~~~~~
      ave.      0.24     -0.04      0.19      4.17     -4.46      1.92
      s.d.      0.45      0.12      0.55     12.75     12.02      3.19
****************************************************************************
Curves base-pair step parameters
    step       Shift     Slide      Rise      Tilt      Roll     Twist
   1 GG/CC     -1.16      0.16      2.94     -2.91      7.23     30.28
   2 GC/GC      0.25     -0.40      3.66      2.18     -0.81     41.59
   3 CA/TG      0.23     -0.82      2.59      5.67      6.64     28.03
   4 AA/TT     -0.14     -0.28      2.91     -6.14     -1.76     36.58
   5 AA/TT      0.03     -1.07      3.36      3.78     -0.27     42.04
   6 AA/TT     -0.43      0.62      3.36      2.00     -7.21     39.50
   7 AC/GT     -0.06     -0.68      3.70     -4.90     -2.37     40.93
   8 CG/CG      0.15     -0.62      3.28      4.28     -9.58     34.49
   9 GG/CC      0.02     -0.69      4.05      3.98     13.08     35.22
          ~~~~~~~~~~~~~~~~~~~~~~~~~~~~~~~~~~~~~~~~~~~~~~~~~~~~~~~~~~~~
      ave.     -0.12     -0.42      3.32      0.88      0.55     36.52
      s.d.      0.44      0.53      0.45      4.37      7.23      5.02
****************************************************************************
FreeHelix base-pair parameters (by Xiang-Jun Lu)
     bp        Shear    Stretch   Stagger    Buckle  Propeller  Opening
    1 G-C       0.07      0.08      0.06     -5.68      7.96      5.49
    2 G-C       0.03     -0.05      0.68     13.47      5.59     -2.55
    3 C-G       0.77     -0.25      0.62     -0.85     -4.11      0.87
    4 A-T      -0.44     -0.04      0.25     14.27    -14.59      4.98
    5 A-T       0.03      0.05      0.73     19.25     -9.80      3.78
    6 A-T       0.63      0.07      0.15     16.11    -12.17      5.00
    7 A-T       0.79      0.11      0.15     12.59    -17.47      4.64
    8 C-G       0.65     -0.17      0.58     -7.10    -11.46      0.00
    9 G-C      -0.34     -0.15     -0.25     -2.38     20.60     -2.23
   10 G-C       0.17     -0.04     -1.05    -18.45    -10.95     -0.72
          ~~~~~~~~~~~~~~~~~~~~~~~~~~~~~~~~~~~~~~~~~~~~~~~~~~~~~~~~~~~~
      ave.      0.24     -0.04      0.19      4.12     -4.64      1.93
      s.d.      0.45      0.12      0.54     12.62     12.17      3.19
****************************************************************************
FreeHelix base-pair step parameters
    step       Shift     Slide      Rise      Tilt      Roll     Twist
   1 GG/CC     -1.16      0.16      2.93     -2.91      7.23     29.71
   2 GC/GC      0.25     -0.40      3.66      2.18     -0.81     41.90
   3 CA/TG      0.22     -0.82      2.58      5.70      6.62     28.94
   4 AA/TT     -0.15     -0.28      2.91     -6.17     -1.68     36.53
   5 AA/TT      0.02     -1.07      3.36      3.77     -0.33     42.09
   6 AA/TT     -0.42      0.63      3.35      1.88     -7.24     39.55
   7 AC/GT     -0.07     -0.68      3.70     -4.91     -2.35     39.64
   8 CG/CG      0.15     -0.62      3.27      4.26     -9.59     34.97
   9 GG/CC      0.03     -0.69      4.02      3.86     13.13     33.94
          ~~~~~~~~~~~~~~~~~~~~~~~~~~~~~~~~~~~~~~~~~~~~~~~~~~~~~~~~~~~~
      ave.     -0.12     -0.42      3.31      0.85      0.55     36.36
      s.d.      0.44      0.53      0.45      4.36      7.24      4.89
****************************************************************************
NGEOM base-pair parameters
     bp        Shear    Stretch   Stagger    Buckle  Propeller  Opening
    1 G-C       0.07      0.08      0.06     -5.69      7.95      5.50
    2 G-C       0.03     -0.05      0.68     13.48      5.52     -2.53
    3 C-G       0.77     -0.25      0.62     -0.85     -4.11      0.87
    4 A-T      -0.44     -0.04      0.25     14.31    -14.40      4.98
    5 A-T       0.03      0.05      0.73     19.27     -9.57      3.74
    6 A-T       0.63      0.07      0.15     16.14    -11.97      4.98
    7 A-T       0.79      0.12      0.15     12.64    -17.29      4.67
    8 C-G       0.64     -0.18      0.58     -7.12    -11.42      0.00
    9 G-C      -0.33     -0.15     -0.25     -2.39     20.59     -2.26
   10 G-C       0.17     -0.04     -1.05    -18.48    -10.72     -0.71
          ~~~~~~~~~~~~~~~~~~~~~~~~~~~~~~~~~~~~~~~~~~~~~~~~~~~~~~~~~~~~
      ave.      0.24     -0.04      0.19      4.13     -4.54      1.92
      s.d.      0.45      0.12      0.54     12.64     12.09      3.19
****************************************************************************
NGEOM base-pair step parameters
    step       Shift     Slide      Rise      Tilt      Roll     Twist
   1 GG/CC     -1.17      0.18      2.93     -2.91      7.23     30.02
   2 GC/GC      0.27     -0.41      3.65      2.18     -0.81     41.74
   3 CA/TG      0.24     -0.80      2.59      5.68      6.63     28.49
   4 AA/TT     -0.17     -0.29      2.91     -6.15     -1.72     36.53
   5 AA/TT      0.05     -1.08      3.35      3.78     -0.30     42.06
   6 AA/TT     -0.42      0.59      3.36      1.93     -7.23     39.56
   7 AC/GT     -0.09     -0.69      3.69     -4.90     -2.36     40.27
   8 CG/CG      0.17     -0.66      3.26      4.26     -9.59     34.77
   9 GG/CC      0.05     -0.62      4.03      3.90     13.11     34.67
          ~~~~~~~~~~~~~~~~~~~~~~~~~~~~~~~~~~~~~~~~~~~~~~~~~~~~~~~~~~~~
      ave.     -0.12     -0.42      3.31      0.86      0.55     36.46
      s.d.      0.45      0.52      0.45      4.36      7.23      4.93
****************************************************************************
NUPARM base-pair parameters
     bp        Shear    Stretch   Stagger    Buckle  Propeller  Opening
    1 G-C       0.07      0.08      0.06     -5.69      7.95      5.48
    2 G-C       0.02     -0.05      0.68     13.48      5.51     -2.51
    3 C-G       0.77     -0.25      0.62     -0.85     -4.11      0.87
    4 A-T      -0.44     -0.04      0.26     14.28    -14.38      4.90
    5 A-T       0.03      0.05      0.73     19.26     -9.53      3.67
    6 A-T       0.63      0.06      0.15     16.12    -11.95      4.91
    7 A-T       0.79      0.11      0.15     12.60    -17.27      4.59
    8 C-G       0.64     -0.17      0.58     -7.10    -11.41      0.00
    9 G-C      -0.33     -0.15     -0.25     -2.38     20.60     -2.23
   10 G-C       0.17     -0.04     -1.05    -18.45    -10.67     -0.70
          ~~~~~~~~~~~~~~~~~~~~~~~~~~~~~~~~~~~~~~~~~~~~~~~~~~~~~~~~~~~~
      ave.      0.24     -0.04      0.19      4.13     -4.53      1.90
      s.d.      0.45      0.12      0.54     12.63     12.08      3.15
****************************************************************************
NUPARM base-pair step parameters
    step       Shift     Slide      Rise      Tilt      Roll     Twist
   1 GG/CC     -1.19      0.21      2.92     -3.34      7.53     29.67
   2 GC/GC      0.27     -0.41      3.65      2.32     -1.05     41.89
   3 CA/TG      0.27     -0.79      2.59      5.66      6.47     28.87
   4 AA/TT     -0.18     -0.31      2.90     -6.13     -2.01     36.45
   5 AA/TT      0.10     -1.09      3.35      4.19     -0.48     42.02
   6 AA/TT     -0.39      0.54      3.37      2.12     -7.79     39.47
   7 AC/GT     -0.11     -0.72      3.69     -4.79     -2.40     39.57
   8 CG/CG      0.19     -0.71      3.25      4.26    -10.14     34.89
   9 GG/CC      0.07     -0.56      4.04      4.30     13.60     33.90
          ~~~~~~~~~~~~~~~~~~~~~~~~~~~~~~~~~~~~~~~~~~~~~~~~~~~~~~~~~~~~
      ave.     -0.11     -0.43      3.31      0.95      0.41     36.30
      s.d.      0.46      0.51      0.45      4.47      7.55      4.90
****************************************************************************
NUPARM base-pair helical parameters
    step       X-disp    Y-disp   h-Rise     Incl.       Tip   h-Twist
   1 GG/CC     -1.04      1.69      2.99     13.61      6.08     30.74
   2 GC/GC     -0.45     -0.09      3.67     -1.37     -3.02     41.96
   3 CA/TG     -2.70      0.37      2.36     12.45    -10.52     30.13
   4 AA/TT     -0.25     -0.50      2.90     -2.87      9.17     37.00
   5 AA/TT     -1.46      0.34      3.35     -0.71     -5.45     42.23
   6 AA/TT      1.76      0.85      3.18    -10.78     -3.06     40.27
   7 AC/GT     -0.74     -0.50      3.71     -3.17      6.57     39.91
   8 CG/CG      0.41      0.34      3.32    -15.83     -6.49     36.57
   9 GG/CC     -3.42      0.63      3.57     20.55     -6.67     36.56
          ~~~~~~~~~~~~~~~~~~~~~~~~~~~~~~~~~~~~~~~~~~~~~~~~~~~~~~~~~~~~
      ave.     -0.88      0.35      3.23      1.32     -1.49     37.26
      s.d.      1.55      0.69      0.43     11.91      6.98      4.43
****************************************************************************
RNA base-pair parameters
     bp        Shear    Stretch   Stagger    Buckle  Propeller  Opening
    1 G-C       0.06      0.07      0.07     -5.69      7.95      5.49
    2 G-C       0.04     -0.07      0.68     13.48      5.52     -2.52
    3 C-G       0.77     -0.25      0.62     -0.85     -4.11      0.87
    4 A-T      -0.47     -0.07      0.24     14.31    -14.41      4.93
    5 A-T       0.00     -0.00      0.72     19.28     -9.57      3.70
    6 A-T       0.60      0.03      0.14     16.14    -11.98      4.93
    7 A-T       0.76      0.09      0.14     12.65    -17.30      4.62
    8 C-G       0.66     -0.18      0.58     -7.12    -11.42      0.00
    9 G-C      -0.34     -0.15     -0.26     -2.40     20.59     -2.24
   10 G-C       0.20     -0.09     -1.05    -18.48    -10.72     -0.70
          ~~~~~~~~~~~~~~~~~~~~~~~~~~~~~~~~~~~~~~~~~~~~~~~~~~~~~~~~~~~~
      ave.      0.23     -0.06      0.19      4.13     -4.54      1.91
      s.d.      0.45      0.11      0.54     12.64     12.09      3.16
****************************************************************************
RNA base-pair step parameters
    step       Shift     Slide      Rise      Tilt      Roll     Twist
   1 GG/CC     -1.04      0.18      3.23     -3.10      7.34     29.96
   2 GC/GC      0.21     -0.40      3.43      2.22     -0.91     41.74
   3 CA/TG      0.20     -0.83      2.83      5.63      6.50     28.44
   4 AA/TT     -0.15     -0.31      2.98     -6.08     -1.83     36.51
   5 AA/TT      0.04     -1.15      3.30      3.93     -0.40     42.03
   6 AA/TT     -0.43      0.52      3.30      2.03     -7.43     39.48
   7 AC/GT     -0.02     -0.72      3.38     -4.79     -2.35     40.24
   8 CG/CG      0.22     -0.65      3.33      4.23     -9.78     34.67
   9 GG/CC     -0.02     -0.60      3.77      4.09     13.27     34.52
          ~~~~~~~~~~~~~~~~~~~~~~~~~~~~~~~~~~~~~~~~~~~~~~~~~~~~~~~~~~~~
      ave.     -0.11     -0.44      3.28      0.91      0.49     36.40
      s.d.      0.41      0.52      0.27      4.37      7.34      4.95
****************************************************************************
RNA base-pair helical parameters
    step       X-disp    Y-disp   h-Rise     Incl.       Tip   h-Twist
   1 GG/CC     -1.13      1.34      3.27     13.71      5.79     31.01
   2 GC/GC     -0.46     -0.04      3.44     -1.25     -3.05     41.81
   3 CA/TG     -2.80      0.64      2.56     12.72    -11.02     29.71
   4 AA/TT     -0.25     -0.54      2.98     -2.84      9.45     37.05
   5 AA/TT     -1.55      0.38      3.30     -0.54     -5.35     42.21
   6 AA/TT      1.63      0.86      3.12    -10.66     -2.91     40.22
   7 AC/GT     -0.75     -0.55      3.40     -3.33      6.78     40.60
   8 CG/CG      0.44      0.30      3.39    -15.68     -6.78     36.27
   9 GG/CC     -2.99      0.65      3.28     20.94     -6.46     37.20
          ~~~~~~~~~~~~~~~~~~~~~~~~~~~~~~~~~~~~~~~~~~~~~~~~~~~~~~~~~~~~
      ave.     -0.87      0.34      3.19      1.45     -1.50     37.34
      s.d.      1.47      0.63      0.28     11.99      7.11      4.50
****************************************************************************
Strand I base step parameters
    step       Shift     Slide      Rise      Tilt      Roll     Twist
   1  G/G      -2.20      0.27      3.29      4.74      7.07     25.77
   2  G/C      -0.66     -0.14      3.49     -4.86     -3.17     43.56
   3  C/A      -1.03     -0.52      2.92     15.51      2.93     29.37
   4  A/A      -0.75      0.15      3.13      0.20      5.94     35.89
   5  A/A      -0.70     -0.50      3.34      6.47      4.75     41.81
   6  A/A      -1.12      1.28      3.45      5.16     -5.16     39.66
   7  A/C      -0.82     -0.50      3.63     -9.31      1.56     38.90
   8  C/G      -1.43     -0.78      2.95      5.17      4.38     33.60
   9  G/G      -0.97     -0.83      3.43     -5.26     -5.11     35.58
          ~~~~~~~~~~~~~~~~~~~~~~~~~~~~~~~~~~~~~~~~~~~~~~~~~~~~~~~~~~~~
      ave.     -1.07     -0.17      3.29      1.98      1.47     36.01
      s.d.      0.48      0.67      0.25      7.59      4.76      5.78
****************************************************************************
Strand I base helical parameters
    step       X-disp    Y-disp   h-Rise     Incl.       Tip   h-Twist
   1  G/G      -1.16      4.04      2.81     15.17    -10.18     27.14
   2  G/C       0.16     -1.45      3.54     -4.14      6.36     43.94
   3  C/A      -1.32      2.13      2.05      5.24    -27.77     33.34
   4  A/A      -0.58     -0.58      3.11      9.40     -0.32     36.38
   5  A/A      -1.19     -0.16      3.12      6.43     -8.76     42.57
   6  A/A       2.47      0.42      3.09     -7.37     -7.37     40.33
   7  A/C      -0.94     -1.88      3.70      2.26     13.46     40.03
   8  C/G      -1.93      1.32      2.58      7.37     -8.70     34.27
   9  G/G      -0.53     -1.07      3.62     -8.11      8.36     36.33
          ~~~~~~~~~~~~~~~~~~~~~~~~~~~~~~~~~~~~~~~~~~~~~~~~~~~~~~~~~~~~
      ave.     -0.56      0.31      3.07      2.92     -3.88     37.15
      s.d.      1.28      1.91      0.53      7.97     12.44      5.22
****************************************************************************
Strand II base step parameters
    step       Shift     Slide      Rise      Tilt      Roll     Twist
   1  C/C       0.09      0.12      3.03    -10.64      7.37     34.68
   2  C/G       1.08     -0.67      3.36      9.32      1.40     40.07
   3  G/T       1.43     -1.08      2.90     -4.23      9.92     26.98
   4  T/T       0.48     -0.69      2.93    -12.05     -9.79     35.35
   5  T/T       0.79     -1.76      3.32      1.62     -5.59     41.21
   6  T/T       0.32     -0.13      3.27     -0.93     -9.77     38.60
   7  T/G       0.81     -0.89      3.42     -0.42     -6.21     42.11
   8  G/C       1.89     -0.50      3.58      3.25    -23.83     36.56
   9  C/C       0.97     -0.35      4.04     13.60     31.39     31.70
          ~~~~~~~~~~~~~~~~~~~~~~~~~~~~~~~~~~~~~~~~~~~~~~~~~~~~~~~~~~~~
      ave.      0.87     -0.66      3.32     -0.05     -0.57     36.36
      s.d.      0.56      0.55      0.35      8.38     15.68      4.86
****************************************************************************
Strand II base helical parameters
    step       X-disp    Y-disp   h-Rise     Incl.       Tip   h-Twist
   1  C/C      -0.76      0.30      2.84     11.65     16.82     37.01
   2  C/G      -1.13      1.39      3.49      1.96    -13.09     41.16
   3  G/T      -3.93     -1.80      2.12     20.05      8.55     29.06
   4  T/T       0.08     -0.30      2.71    -14.96     18.40     38.61
   5  T/T      -1.82      0.89      3.56     -7.72     -2.24     41.62
   6  T/T       0.99      1.23      3.20    -14.20      1.35     39.83
   7  T/G      -0.53      0.65      3.51     -8.39      0.56     42.57
   8  G/C       2.11     -0.34      3.40    -33.04     -4.51     43.77
   9  C/C      -3.90      2.08      2.79     43.29    -18.75     46.64
          ~~~~~~~~~~~~~~~~~~~~~~~~~~~~~~~~~~~~~~~~~~~~~~~~~~~~~~~~~~~~
      ave.     -0.99      0.45      3.07     -0.15      0.79     40.03
      s.d.      2.02      1.16      0.49     22.53     12.45      4.99
