Local base-pair parameters
     bp        Shear    Stretch   Stagger    Buckle  Propeller  Opening
    1 G-C       0.29      0.03      0.08     -9.99    -12.21      2.81
    2 G-C      -0.24     -0.05      0.48      5.85     -2.41     -1.35
    3 C-G       0.72     -0.20      0.57     -5.61     -4.69      0.92
    4 A-T      -0.43     -0.03      0.14      9.35    -10.18      4.87
    5 A-T      -0.06      0.09      0.53     17.97     -2.87      3.74
    6 A-T       0.34      0.06     -0.13     16.45     -8.15      4.22
    7 A-T       0.66      0.09     -0.04     17.53    -16.16      3.43
    8 C-G      -0.35      0.01      0.45    -10.11     -5.70      3.79
    9 G-C      -1.00     -0.27     -0.30    -19.24    -15.75      1.19
   10 G-C      -0.31     -0.07      0.12    -24.81     -7.03     -2.12
