Local base-pair step parameters
    step       Shift     Slide      Rise      Tilt      Roll     Twist
   1 GG/CC     -0.67     -0.51      2.82     -1.21     -1.65     33.02
   2 GC/GC      0.17     -0.05      3.53      0.15     -4.08     43.68
   3 CA/TG      0.38     -0.80      2.67      5.73      6.42     28.84
   4 AA/TT      0.10     -0.49      2.92     -5.06     -2.74     33.51
   5 AA/TT      0.09     -1.49      3.43      3.71      3.71     37.83
   6 AA/TT     -0.46      0.56      3.29      2.33     -4.39     39.20
   7 AC/GT      0.16     -1.16      3.89     -5.31     -0.02     34.06
   8 CG/CG      0.10     -0.22      3.41      3.51      5.13     42.57
   9 GG/CC     -0.36      0.22      3.31     -4.83      1.07     40.64
