Local base-pair helical parameters
    step       X-disp    Y-disp   h-Rise     Incl.       Tip   h-Twist
   1 GG/CC     -0.65      1.01      2.86     -2.90      2.12     33.08
   2 GC/GC      0.35     -0.21      3.53     -5.47     -0.20     43.86
   3 CA/TG     -2.60      0.20      2.46     12.54    -11.20     30.07
   4 AA/TT     -0.44     -0.89      2.90     -4.70      8.70     33.99
   5 AA/TT     -2.77      0.35      3.27      5.69     -5.69     38.18
   6 AA/TT      1.34      0.95      3.18     -6.52     -3.46     39.50
   7 AC/GT     -1.96     -1.24      3.82     -0.04      9.01     34.46
   8 CG/CG     -0.83      0.22      3.36      7.02     -4.81     43.00
   9 GG/CC      0.19     -0.02      3.34      1.53      6.93     40.93
