Reference frame: Origins (Ox, Oy, Oz) followed by the direction cosines of the
                 X- (Xx, Yx, Zx), Y- (Yx, Yx, Yx), and Z- (Zx, Zx, Zx) axes
*****************************************************************************************
Local base-pair reference frames
                Ox      Oy      Oz     Xx    Xy    Xz   Yx    Yy    Yz    Zx    Zy    Zz
   1 C-G      16.49   25.76   26.25 -1.00  0.05  0.08  0.02  0.91 -0.42 -0.09 -0.42 -0.90
   2 G-C      16.08   24.48   23.07 -0.73  0.66 -0.17  0.67  0.65 -0.37 -0.13 -0.38 -0.91
   3 C-G      15.37   23.82   19.56 -0.15  0.92 -0.37  0.96  0.04 -0.29 -0.25 -0.40 -0.88
   4 A-T      16.01   22.27   16.49  0.36  0.85 -0.39  0.91 -0.41 -0.06 -0.21 -0.33 -0.92
   5 A-T      14.79   21.53   13.48  0.79  0.52 -0.32  0.58 -0.80  0.16 -0.17 -0.31 -0.93
   6 A-T      14.68   20.66   10.08  0.98 -0.10 -0.16 -0.04 -0.96  0.29 -0.19 -0.28 -0.94
   7 A-T      14.22   20.29    7.05  0.80 -0.60  0.09 -0.59 -0.74  0.33 -0.13 -0.31 -0.94
   8 A-T      13.51   19.50    3.62  0.24 -0.93  0.27 -0.96 -0.19  0.20 -0.13 -0.31 -0.94
   9 T-A      13.75   19.14    0.31 -0.36 -0.89  0.28 -0.92  0.38  0.03 -0.14 -0.25 -0.96
  10 G-C      12.08   18.14   -2.66 -0.83 -0.51  0.23 -0.55  0.83 -0.12 -0.13 -0.23 -0.97
  11 C-G      13.12   18.26   -6.13 -1.00  0.08 -0.02  0.08  0.99 -0.11  0.01 -0.11 -0.99
  12 G-C      12.50   18.52   -9.49 -0.78  0.62 -0.06  0.63  0.77 -0.13 -0.03 -0.14 -0.99
*****************************************************************************************
Local middle reference frames
                Ox      Oy      Oz     Xx    Xy    Xz   Yx    Yy    Yz    Zx    Zy    Zz
   1 CG/CG    16.28   25.12   24.66 -0.92  0.38 -0.05  0.36  0.83 -0.41 -0.11 -0.40 -0.91
   2 GC/GC    15.72   24.15   21.32 -0.47  0.84 -0.27  0.86  0.37 -0.34 -0.19 -0.39 -0.90
   3 CA/TG    15.69   23.05   18.03  0.11  0.91 -0.40  0.97 -0.19 -0.17 -0.23 -0.37 -0.90
   4 AA/TT    15.40   21.90   14.99  0.60  0.71 -0.37  0.78 -0.63  0.06 -0.19 -0.32 -0.93
   5 AA/TT    14.74   21.09   11.78  0.94  0.23 -0.25  0.29 -0.93  0.24 -0.18 -0.30 -0.94
   6 AA/TT    14.45   20.47    8.57  0.93 -0.36 -0.04 -0.33 -0.88  0.33 -0.16 -0.30 -0.94
   7 AA/TT    13.87   19.89    5.34  0.55 -0.81  0.19 -0.82 -0.49  0.28 -0.13 -0.31 -0.94
   8 AT/AT    13.63   19.32    1.97 -0.06 -0.96  0.29 -0.99  0.10  0.11 -0.13 -0.28 -0.95
   9 TG/CA    12.91   18.64   -1.17 -0.62 -0.74  0.27 -0.77  0.63 -0.05 -0.13 -0.24 -0.96
  10 GC/GC    12.60   18.20   -4.39 -0.97 -0.23  0.10 -0.25  0.96 -0.15 -0.06 -0.17 -0.98
  11 CG/CG    12.81   18.39   -7.81 -0.93  0.37 -0.04  0.37  0.92 -0.12 -0.01 -0.13 -0.99
*****************************************************************************************
Local middle helical reference frames
                Ox      Oy      Oz     Xx    Xy    Xz   Yx    Yy    Yz    Zx    Zy    Zz
   1 CG/CG    16.17   25.36   24.58 -0.93  0.37 -0.07  0.37  0.86 -0.35 -0.06 -0.35 -0.93
   2 GC/GC    15.99   23.97   21.30 -0.43  0.89 -0.11  0.87  0.38 -0.30 -0.23 -0.23 -0.95
   3 CA/TG    15.67   21.48   18.82  0.10  0.89 -0.45  0.99 -0.13 -0.04 -0.09 -0.45 -0.89
   4 AA/TT    16.29   23.06   14.34  0.60  0.70 -0.40  0.79 -0.60  0.13 -0.15 -0.39 -0.91
   5 AA/TT    14.90   20.62   11.90  0.95  0.24 -0.20  0.28 -0.93  0.23 -0.13 -0.28 -0.95
   6 AA/TT    15.74   20.14    8.41  0.93 -0.37 -0.06 -0.31 -0.85  0.42 -0.20 -0.37 -0.90
   7 AA/TT    14.34   20.21    5.17  0.55 -0.81  0.19 -0.82 -0.49  0.28 -0.13 -0.31 -0.94
   8 AT/AT    14.49   18.81    2.09 -0.06 -0.96  0.27 -1.00  0.07  0.01 -0.03 -0.27 -0.96
   9 TG/CA    12.58   20.70   -1.67 -0.62 -0.74  0.26 -0.78  0.63 -0.08 -0.10 -0.25 -0.96
  10 GC/GC    14.54   17.36   -3.84 -0.96 -0.26 -0.01 -0.24  0.89 -0.38  0.11 -0.36 -0.93
  11 CG/CG    13.51   19.06   -7.89 -0.93  0.37  0.04  0.37  0.93 -0.07 -0.06 -0.05 -1.00
*****************************************************************************************
Local strand I base reference frames
                Ox      Oy      Oz     Xx    Xy    Xz   Yx    Yy    Yz    Zx    Zy    Zz
   1 C        16.54   25.61   26.26 -1.00 -0.03  0.04 -0.05  0.89 -0.46 -0.02 -0.46 -0.89
   2 G        16.06   24.27   23.01 -0.78  0.58 -0.21  0.62  0.69 -0.38 -0.07 -0.43 -0.90
   3 C        15.22   24.00   19.70 -0.20  0.89 -0.40  0.95  0.08 -0.31 -0.24 -0.44 -0.86
   4 A        15.82   22.18   16.66  0.33  0.79 -0.51  0.89 -0.44 -0.11 -0.31 -0.42 -0.85
   5 A        14.73   21.58   13.45  0.72  0.51 -0.48  0.60 -0.79  0.06 -0.35 -0.33 -0.88
   6 A        14.77   20.71   10.05  0.93 -0.14 -0.34 -0.04 -0.95  0.30 -0.36 -0.27 -0.89
   7 A        14.25   20.43    6.94  0.74 -0.66 -0.11 -0.61 -0.73  0.32 -0.29 -0.17 -0.94
   8 A        13.58   19.37    3.66  0.23 -0.97  0.07 -0.94 -0.20  0.27 -0.25 -0.12 -0.96
   9 T        13.80   19.10    0.29 -0.32 -0.94  0.09 -0.93  0.33  0.14 -0.16 -0.04 -0.99
  10 G        11.96   17.91   -2.56 -0.83 -0.52  0.18 -0.55  0.83 -0.14 -0.08 -0.21 -0.97
  11 C        13.05   18.18   -6.20 -0.98  0.03 -0.18  0.06  0.98 -0.16  0.18 -0.17 -0.97
  12 G        12.35   18.40   -9.83 -0.82  0.56 -0.10  0.57  0.79 -0.23 -0.05 -0.25 -0.97
*****************************************************************************************
Local strand II base reference frames
                Ox      Oy      Oz     Xx    Xy    Xz   Yx    Yy    Yz    Zx    Zy    Zz
   1 G        16.43   25.91   26.24 -0.98  0.14  0.12  0.08  0.92 -0.39 -0.16 -0.38 -0.91
   2 C        16.09   24.69   23.13 -0.68  0.72 -0.12  0.71  0.60 -0.37 -0.19 -0.34 -0.92
   3 G        15.52   23.65   19.43 -0.10  0.93 -0.35  0.96  0.00 -0.28 -0.26 -0.36 -0.90
   4 T        16.19   22.37   16.32  0.38  0.89 -0.26  0.92 -0.39  0.00 -0.10 -0.24 -0.97
   5 T        14.85   21.48   13.51  0.84  0.52 -0.14  0.54 -0.80  0.25  0.01 -0.28 -0.96
   6 T        14.59   20.60   10.11  1.00 -0.05  0.01 -0.05 -0.96  0.28 -0.00 -0.28 -0.96
   7 T        14.20   20.14    7.16  0.81 -0.51  0.28 -0.58 -0.74  0.34  0.03 -0.44 -0.90
   8 T        13.43   19.63    3.59  0.23 -0.85  0.47 -0.97 -0.20  0.11 -0.00 -0.48 -0.88
   9 A        13.70   19.17    0.34 -0.40 -0.80  0.44 -0.91  0.40 -0.09 -0.11 -0.44 -0.89
  10 C        12.20   18.37   -2.75 -0.82 -0.50  0.28 -0.55  0.83 -0.11 -0.18 -0.24 -0.95
  11 G        13.20   18.34   -6.07 -0.98  0.11  0.14  0.10  0.99 -0.07 -0.15 -0.05 -0.99
  12 C        12.65   18.63   -9.15 -0.73  0.68 -0.01  0.68  0.73 -0.05 -0.02 -0.04 -1.00
****************************************************************************
Local strand I base step parameters
    step       Shift     Slide      Rise      Tilt      Roll     Twist
   1  C/G       0.38      0.13      3.53     -0.74      3.50     40.79
   2  G/C       1.21      0.35      3.18      9.26      3.97     40.05
   3  C/A      -0.14      1.58      3.22      4.29      0.38     32.24
   4  A/A       0.61     -0.40      3.36      4.58      3.00     27.63
   5  A/A       1.29      0.17      3.26      4.04      0.41     40.83
   6  A/A       0.32     -0.60      3.10      7.27      2.13     34.94
   7  A/A       0.61      0.05      3.46      3.21     -1.15     36.38
   8  A/T      -0.06     -0.90      3.27      5.30     -5.07     31.59
   9  T/G       1.54      0.67      3.18      9.50      4.92     39.00
  10  G/C      -1.14      0.69      3.56      1.50    -14.83     37.00
  11  C/G       1.20      0.62      3.46      8.23     10.68     30.82
          ~~~~~~~~~~~~~~~~~~~~~~~~~~~~~~~~~~~~~~~~~~~~~~~~~~~~~~~~~~~~
      ave.      0.53      0.21      3.32      5.13      0.72     35.57
      s.d.      0.79      0.69      0.16      3.22      6.49      4.50
****************************************************************************
Local strand I base helical parameters
    step       X-disp    Y-disp   h-Rise     Incl.       Tip   h-Twist
   1  C/G      -0.23     -0.63      3.52      5.01      1.06     40.94
   2  G/C       0.06     -0.70      3.39      5.69    -13.27     41.25
   3  C/A       2.76      1.00      3.19      0.68     -7.69     32.52
   4  A/A      -1.55     -0.15      3.36      6.20     -9.47     28.15
   5  A/A       0.20     -1.40      3.36      0.59     -5.77     41.02
   6  A/A      -1.28      0.48      3.06      3.50    -11.93     35.72
   7  A/A       0.25     -0.50      3.49     -1.84     -5.12     36.53
   8  A/T      -0.71      1.06      3.31     -9.16     -9.57     32.41
   9  T/G       0.39     -1.12      3.50      7.21    -13.92     40.39
  10  G/C       2.82      1.86      3.03    -22.29     -2.25     39.79
  11  C/G      -0.92     -0.55      3.66     19.00    -14.63     33.57
          ~~~~~~~~~~~~~~~~~~~~~~~~~~~~~~~~~~~~~~~~~~~~~~~~~~~~~~~~~~~~
      ave.      0.16     -0.06      3.35      1.33     -8.41     36.57
      s.d.      1.45      1.02      0.20     10.42      5.03      4.47
****************************************************************************
Local strand II base step parameters
    step       Shift     Slide      Rise      Tilt      Roll     Twist
   1  G/C      -0.23      0.10      3.34     -1.26      2.57     41.22
   2  C/G       0.19      0.43      3.86      4.16     -0.03     37.99
   3  G/T      -0.08      1.28      3.17     -7.88      8.92     26.98
   4  T/T      -0.86     -0.86      3.00     -6.61      2.31     34.96
   5  T/T      -0.23     -0.20      3.51      0.21     -0.81     35.77
   6  T/T      -0.62     -0.46      2.91     -8.39      4.74     32.36
   7  T/T      -1.44      0.01      3.40     -2.96      1.25     41.21
   8  T/A      -1.12     -0.34      3.08     -6.43     -1.96     36.86
   9  A/C       0.42      0.99      3.36    -10.63     -6.68     30.97
  10  C/G      -1.59      0.08      3.07    -10.23     -4.05     37.69
  11  G/C       0.43      0.28      3.10     -3.65     -6.46     36.81
          ~~~~~~~~~~~~~~~~~~~~~~~~~~~~~~~~~~~~~~~~~~~~~~~~~~~~~~~~~~~~
      ave.     -0.47      0.12      3.26     -4.88     -0.02     35.71
      s.d.      0.71      0.62      0.27      4.63      4.72      4.27
****************************************************************************
Local strand II base helical parameters
    step       X-disp    Y-disp   h-Rise     Incl.       Tip   h-Twist
   1  G/C      -0.14      0.19      3.35      3.64      1.79     41.31
   2  C/G       0.66      0.33      3.86     -0.05     -6.37     38.21
   3  G/T       0.54     -1.59      3.32     18.05     15.94     29.45
   4  T/T      -1.72      0.51      3.05      3.80     10.87     35.63
   5  T/T      -0.19      0.41      3.51     -1.32     -0.33     35.78
   6  T/T      -1.49     -0.16      2.88      8.28     14.66     33.73
   7  T/T      -0.13      1.70      3.49      1.77      4.20     41.33
   8  T/A      -0.28      0.93      3.23     -3.06     10.06     37.44
   9  A/C       2.81     -2.46      2.80    -11.92     18.96     33.36
  10  C/G       0.61      1.15      3.35     -6.11     15.44     39.21
  11  G/C       1.23     -1.12      2.95    -10.11      5.70     37.52
          ~~~~~~~~~~~~~~~~~~~~~~~~~~~~~~~~~~~~~~~~~~~~~~~~~~~~~~~~~~~~
      ave.      0.17     -0.01      3.25      0.27      8.27     36.63
      s.d.      1.25      1.24      0.31      8.47      7.93      3.56
****************************************************************************
xyz coordinates of C1' atoms

    bp        xI       yI       zI       xII      yII      zII
   1 C-G    18.797   30.430   23.671   18.367   20.612   28.298
   2 G-C    21.326   26.514   21.482   13.967   19.645   25.466
   3 C-G    20.840   22.237   18.992   10.655   21.258   21.759
   4 A-T    19.749   17.875   17.347   10.293   22.348   16.904
   5 A-T    16.098   16.114   14.970    9.893   24.519   12.542
   6 A-T    12.211   16.047   12.463   12.377   25.833    8.540
   7 A-T     9.173   18.267    8.902   15.232   25.381    4.677
   8 A-T     8.042   20.741    4.896   18.089   22.821    1.801
   9 T-A     9.653   23.206    0.616   19.554   19.067   -0.336
  10 G-C    11.195   23.617   -3.809   17.146   15.016   -2.853
  11 C-G    15.806   23.448   -6.588   15.084   12.671   -6.042
  12 G-C    17.472   21.330  -10.840   10.786   13.031   -8.762
****************************************************************************
xyz coordinates of RN9/YN1 atoms

    bp        xI       yI       zI       xII      yII      zII
   1 C-G    17.593   29.686   24.160   17.328   21.521   27.805
   2 G-C    19.881   26.660   21.540   13.749   21.027   24.954
   3 C-G    19.771   23.185   18.835   11.273   22.432   21.105
   4 A-T    19.387   19.202   16.868   11.552   23.022   16.702
   5 A-T    16.517   17.362   14.350   11.342   24.450   12.594
   6 A-T    13.385   16.634   11.830   13.567   24.999    8.769
   7 A-T    10.581   17.984    8.562   15.781   24.165    5.277
   8 A-T     9.051   19.682    4.831   17.552   21.611    2.424
   9 T-A     9.990   21.789    0.780   18.327   18.383    0.117
  10 G-C    10.549   22.342   -3.459   15.718   15.240   -2.648
  11 C-G    14.592   22.616   -6.684   14.012   13.693   -5.931
  12 G-C    16.024   21.312  -10.684   10.505   14.436   -8.940
****************************************************************************
xyz coordinates of RC8/YC6 atoms

    bp        xI       yI       zI       xII      yII      zII
   1 C-G    16.355   30.090   23.951   16.002   21.372   28.191
   2 G-C    19.098   27.716   21.131   12.526   21.664   24.993
   3 C-G    19.993   24.357   18.145   10.773   23.670   20.811
   4 A-T    20.180   20.015   16.081   11.516   24.317   16.306
   5 A-T    17.697   17.707   13.763   12.076   25.557   12.245
   6 A-T    14.586   16.070   11.509   14.808   25.474    8.688
   7 A-T    11.282   16.868    8.437   17.110   23.915    5.363
   8 A-T     8.931   18.317    4.995   18.354   20.699    3.030
   9 T-A     9.063   20.798    1.002   18.109   17.227    0.795
  10 G-C     9.260   21.999   -3.236   14.958   14.247   -2.224
  11 C-G    13.411   23.157   -7.012   12.681   13.398   -5.698
  12 G-C    15.132   22.300  -10.935    9.233   14.908   -8.909
****************************************************************************
xyz coordinates of O1P atoms w.r.t. the middle frame of each dimer

    step       xI      yI      zI     xII     yII     zII
   1 CG/CG   -3.51    9.05   -1.32   -2.00   10.10    0.97
   2 GC/GC   -2.57   10.45   -1.50   -3.11    9.50   -1.46
   3 CA/TG   -2.26   10.02   -0.62   -3.87    9.52   -3.05
   4 AA/TT   -3.26   10.17    0.33   -4.17    9.76   -1.92
   5 AA/TT   -2.98   10.06   -0.16   -3.89   10.03   -2.19
   6 AA/TT   -4.16    9.62   -0.67   -4.82    9.39   -1.41
   7 AA/TT   -3.99    9.83   -2.05   -3.95    9.81   -0.37
   8 AT/AT   -3.03   10.29   -0.72   -3.81   10.53   -0.10
   9 TG/CA   -3.74    9.62   -2.17   -2.59   10.03    0.43
  10 GC/GC   -2.41    9.50   -1.28   -3.74   10.20   -1.30
  11 CG/CG   -4.54    9.52   -1.34   -2.21   10.07   -0.54
****************************************************************************
xyz coordinates of O1P atoms w.r.t. the middle helix frame of each dimer

    step      xIH     yIH     zIH     xIIH    yIIH    zIIH
   1 CG/CG   -3.73    8.92   -0.60   -2.23   10.20    1.63
   2 GC/GC   -2.06   10.35   -1.44   -3.00    9.71   -0.51
   3 CA/TG   -0.50    9.84    1.00   -1.97   10.03   -1.84
   4 AA/TT   -4.82   10.19    1.21   -5.71    9.81   -1.29
   5 AA/TT   -2.98    9.54   -0.38   -4.02   10.53   -2.04
   6 AA/TT   -5.49    9.83    0.34   -6.13    9.30   -0.56
   7 AA/TT   -3.96   10.42   -2.05   -3.92    9.22   -0.35
   8 AT/AT   -3.52   11.05   -1.75   -4.27    9.57   -1.28
   9 TG/CA   -2.32    7.95   -2.45   -1.16   11.63    0.07
  10 GC/GC   -1.00   10.39   -3.21   -1.78    8.13   -4.08
  11 CG/CG   -4.04    8.70   -1.18   -1.83   10.96    0.15
****************************************************************************
xyz coordinates of O2P atoms w.r.t. the middle frame of each dimer

    step       xI      yI      zI     xII     yII     zII
   1 CG/CG   -2.39    9.11    1.28    0.01    8.62    1.76
   2 GC/GC   -1.43    8.98    0.29   -1.48    9.51    0.64
   3 CA/TG   -0.29    8.60    0.94   -2.02    9.47   -1.47
   4 AA/TT   -2.47    8.01    1.14   -1.88    9.46   -0.50
   5 AA/TT   -1.59    7.95    1.31   -3.24    9.34    0.33
   6 AA/TT   -2.26    8.88    0.67   -2.40    9.60   -0.06
   7 AA/TT   -2.14    9.39   -0.11   -1.80    9.33    0.69
   8 AT/AT   -1.59    8.99    0.27   -2.42    9.30    1.59
   9 TG/CA   -1.88    9.37   -0.19   -0.42    8.78    1.17
  10 GC/GC   -1.45    9.17    1.32   -1.61    9.67   -0.21
  11 CG/CG   -2.12    9.78    0.01   -0.68    8.90    1.36
****************************************************************************
xyz coordinates of O2P atoms w.r.t. the middle helix frame of each dimer

    step      xIH     yIH     zIH     xIIH    yIIH    zIIH
   1 CG/CG   -2.56    8.80    1.97   -0.24    8.67    2.36
   2 GC/GC   -1.22    8.80    0.45   -1.04    9.63    1.30
   3 CA/TG    1.56    8.21    2.21   -0.22    9.75   -0.18
   4 AA/TT   -4.02    7.96    1.83   -3.46    9.40    0.17
   5 AA/TT   -1.67    7.44    1.17   -3.24    9.86    0.45
   6 AA/TT   -3.57    8.96    1.57   -3.73    9.37    0.84
   7 AA/TT   -2.11    9.97   -0.11   -1.77    8.74    0.70
   8 AT/AT   -2.07    9.86   -0.65   -2.91    8.52    0.57
   9 TG/CA   -0.44    7.77   -0.49    1.01   10.41    0.87
  10 GC/GC    0.24   10.67   -0.72    0.21    7.90   -2.66
  11 CG/CG   -1.74    8.88    0.36   -0.16    9.70    1.88
****************************************************************************
xyz coordinates of P atoms w.r.t. the middle frame of each dimer

    step       xI      yI      zI     xII     yII     zII
   1 CG/CG   -2.81    8.79   -0.07   -1.30    8.83    0.89
   2 GC/GC   -2.66    9.19   -0.59   -2.47    9.00   -0.24
   3 CA/TG   -1.50    8.94    0.10   -3.22    8.60   -2.14
   4 AA/TT   -3.24    8.72    0.19   -2.91    9.13   -1.35
   5 AA/TT   -2.44    8.61    0.34   -3.40    9.08   -1.18
   6 AA/TT   -3.14    8.62   -0.50   -3.55    9.11   -0.88
   7 AA/TT   -3.15    9.11   -1.11   -2.93    8.76   -0.00
   8 AT/AT   -2.78    8.88   -0.93   -3.29    9.12    0.17
   9 TG/CA   -2.85    9.02   -1.27   -1.69    8.89    0.83
  10 GC/GC   -2.30    8.81    0.14   -2.84    9.17   -0.75
  11 CG/CG   -3.06    9.21   -0.82   -1.60    9.09    0.33
****************************************************************************
xyz coordinates of P atoms w.r.t. the middle helix frame of each dimer

    step      xIH     yIH     zIH     xIIH    yIIH    zIIH
   1 CG/CG   -3.00    8.58    0.61   -1.53    8.94    1.47
   2 GC/GC   -2.29    9.05   -0.61   -2.17    9.16    0.57
   3 CA/TG    0.30    8.66    1.51   -1.37    9.00   -1.04
   4 AA/TT   -4.81    8.75    0.96   -4.47    9.14   -0.73
   5 AA/TT   -2.47    8.09    0.15   -3.47    9.59   -1.05
   6 AA/TT   -4.46    8.81    0.39   -4.87    8.97   -0.05
   7 AA/TT   -3.12    9.70   -1.12   -2.90    8.17    0.01
   8 AT/AT   -3.28    9.62   -1.81   -3.75    8.19   -0.85
   9 TG/CA   -1.43    7.38   -1.55   -0.26   10.51    0.51
  10 GC/GC   -0.73   10.05   -1.69   -0.97    7.27   -3.20
  11 CG/CG   -2.60    8.36   -0.56   -1.15    9.94    0.92
****************************************************************************
xyz coordinates of P atoms

    bp        xI       yI       zI       xII      yII      zII
   1 C-G     ----     ----     ----    14.359   17.607   29.175
   2 G-C    22.094   31.426   21.241    9.064   18.660   24.869
   3 C-G    25.015   25.526   19.390    6.529   20.957   18.844
   4 A-T    24.146   19.956   17.012    6.299   25.133   14.270
   5 A-T    20.192   14.077   16.539    8.735   28.407    9.350
   6 A-T    14.839   12.456   14.139   14.023   29.555    4.856
   7 A-T     8.759   14.155   12.039   19.469   26.602    2.341
   8 A-T     4.771   18.304    8.312   22.867   21.636    0.166
   9 T-A     5.140   23.087    3.039   20.941   14.441   -0.394
  10 G-C     7.900   26.760   -1.147   17.576    9.965   -4.023
  11 C-G    12.635   27.149   -6.083   10.949    9.472   -6.303
  12 G-C    19.056   25.853   -8.024    ----     ----     ---- 
*******************************************************************************************
Phosphorus-phosphorus distance in Angstroms

            1      2      3      4      5      6      7      8      9     10     11     12
            G      C      G      T      T      T      T      T      A      C      G      C   
   1 C    ----   ----   ----   ----   ----   ----   ----   ----   ----   ----   ----   ----
   2 G    17.7   18.6   18.9   18.4   18.1   18.4   19.7   23.3   27.5   33.5   36.9   ----
   3 C    16.5   18.2   19.1   19.4   19.3   18.7   18.0   19.7   23.0   29.1   33.4   ----
   4 A    15.8   17.1   17.7   18.8   19.2   18.5   16.8   17.0   18.5   24.2   28.8   ----
   5 A    14.4   14.6   15.5   17.9   19.7   20.3   18.9   18.2   17.0   21.1   25.1   ----
   6 A    15.9   13.7   12.8   15.3   17.7   19.5   19.0   18.5   15.9   18.5   21.0   ----
   7 A    18.4   13.6    9.9   11.5   14.5   17.8   19.1   19.9   17.4   18.8   19.1   ----
   8 A    23.0   17.1   11.0    9.2   10.9   15.0   17.9   20.1   18.8   19.6   18.2   ----
   9 T    28.3   22.6   16.0   11.5    9.0   11.1   14.8   18.0   18.3   19.4   17.5   ----
  10 G    32.3   27.3   20.9   15.6   10.7    9.0   12.1   15.9   18.0   19.6   18.3   ----
  11 C    36.6   32.3   26.4   21.4   16.0   11.3   10.9   13.2   16.2   18.0   17.8   ----
  12 G    38.4   35.1   30.0   25.7   20.4   14.3   10.4   10.0   13.9   16.5   18.4   ----
****************************************************************************
Strand I helix radius

    step          P        O4'       C1'
   1  C/G       8.85      6.21      5.44
   2  G/C       9.04      5.81      5.27
   3  C/A      10.12      6.91      6.38
   4  A/A       9.85      7.12      6.55
   5  A/A       7.70      5.04      4.51
   6  A/A      10.20      7.44      6.89
   7  A/A       9.20      5.81      5.27
   8  A/T      10.51      7.38      6.99
   9  T/G       8.52      5.37      4.69
  10  G/C      10.03      6.84      6.82
  11  C/G       9.72      6.52      5.88
****************************************************************************
Strand II helix radius

    step          P        O4'       C1'
   1  G/C       8.84      6.77      5.85
   2  C/G       8.94      6.00      5.36
   3  G/T      10.89      7.79      7.12
   4  T/T      10.03      6.74      6.39
   5  T/T       9.51      6.24      5.61
   6  T/T      10.67      7.47      6.79
   7  T/T       7.84      5.12      4.50
   8  T/A       8.96      5.68      5.17
   9  A/C      11.20      8.32      7.68
  10  C/G       8.38      5.18      4.56
  11  G/C      10.16      6.97      6.55
****************************************************************************************
Base-pair helix axis

               Ox      Oy      Oz     Xx    Xy    Xz   Yx    Yy    Yz    Zx    Zy    Zz
   1 CG/CG   16.28   25.96   26.19 -1.00  0.04  0.05  0.02  0.94 -0.35 -0.06 -0.35 -0.93
             16.06   24.76   22.97 -0.74  0.65 -0.19  0.67  0.68 -0.30 -0.06 -0.35 -0.93
   2 GC/GC   16.40   24.39   23.01 -0.70  0.71 -0.00  0.67  0.66 -0.32 -0.23 -0.23 -0.95
             15.57   23.55   19.58 -0.11  0.97 -0.21  0.97  0.06 -0.25 -0.23 -0.23 -0.95
   3 CA/TG   15.83   22.23   20.32 -0.16  0.89 -0.43  0.98  0.11 -0.15 -0.09 -0.45 -0.89
             15.52   20.73   17.32  0.35  0.82 -0.45  0.93 -0.35  0.08 -0.09 -0.45 -0.89
   4 AA/TT   16.53   23.69   15.79  0.36  0.83 -0.42  0.92 -0.39  0.02 -0.15 -0.39 -0.91
             16.05   22.43   12.89  0.79  0.51 -0.35  0.60 -0.77  0.24 -0.15 -0.39 -0.91
   5 AA/TT   15.12   21.10   13.56  0.80  0.53 -0.26  0.58 -0.80  0.16 -0.13 -0.28 -0.95
             14.67   20.13   10.24  0.99 -0.08 -0.11 -0.04 -0.96  0.29 -0.13 -0.28 -0.95
   6 AA/TT   16.04   20.70    9.76  0.98 -0.10 -0.18 -0.02 -0.92  0.39 -0.20 -0.37 -0.90
             15.43   19.59    7.07  0.79 -0.61  0.07 -0.57 -0.70  0.42 -0.20 -0.37 -0.90
   7 AA/TT   14.57   20.77    6.84  0.80 -0.60  0.09 -0.59 -0.74  0.33 -0.13 -0.31 -0.94
             14.10   19.65    3.49  0.24 -0.93  0.28 -0.96 -0.19  0.20 -0.13 -0.31 -0.94
   8 AT/AT   14.53   19.25    3.66  0.24 -0.94  0.26 -0.97 -0.23  0.09 -0.03 -0.27 -0.96
             14.44   18.36    0.51 -0.36 -0.90  0.26 -0.93  0.35 -0.07 -0.03 -0.27 -0.96
   9 TG/CA   12.74   21.11   -0.09 -0.36 -0.89  0.27 -0.93  0.37  0.00 -0.10 -0.25 -0.96
             12.41   20.29   -3.25 -0.83 -0.51  0.22 -0.55  0.82 -0.16 -0.10 -0.25 -0.96
  10 GC/GC   14.37   17.96   -2.32 -0.83 -0.55  0.12 -0.55  0.75 -0.36  0.11 -0.36 -0.93
             14.72   16.77   -5.36 -0.99  0.05 -0.14  0.09  0.93 -0.36  0.11 -0.36 -0.93
  11 CG/CG   13.61   19.15   -6.21 -0.99  0.08  0.06  0.08  1.00 -0.06 -0.06 -0.05 -1.00
             13.41   18.97   -9.57 -0.78  0.63  0.02  0.63  0.77 -0.08 -0.06 -0.05 -1.00
****************************************************************************************
Strand I helix axis

               Ox      Oy      Oz     Xx    Xy    Xz   Yx    Yy    Yz    Zx    Zy    Zz
   1  C/G    16.28   26.18   26.03 -1.00 -0.04  0.02 -0.05  0.93 -0.38 -0.00 -0.38 -0.93
             16.27   24.86   22.77 -0.78  0.58 -0.23  0.62  0.73 -0.30 -0.00 -0.38 -0.93
   2  G/C    16.55   24.74   22.81 -0.75  0.66  0.00  0.63  0.72 -0.28 -0.19 -0.21 -0.96
             15.91   24.02   19.56 -0.15  0.97 -0.19  0.97  0.11 -0.22 -0.19 -0.21 -0.96
   3  C/A    14.73   21.30   20.76 -0.17  0.95 -0.28  0.95  0.08 -0.30 -0.26 -0.31 -0.91
             13.91   20.30   17.84  0.37  0.84 -0.39  0.89 -0.44 -0.10 -0.26 -0.31 -0.91
   4  A/A    16.53   23.45   16.09  0.37  0.85 -0.36  0.92 -0.40 -0.01 -0.16 -0.33 -0.93
             16.00   22.34   12.97  0.76  0.56 -0.33  0.63 -0.76  0.16 -0.16 -0.33 -0.93
   5  A/A    15.43   20.37   13.63  0.75  0.54 -0.39  0.61 -0.79  0.07 -0.27 -0.29 -0.92
             14.53   19.40   10.53  0.96 -0.11 -0.25 -0.03 -0.95  0.31 -0.27 -0.29 -0.92
   6  A/A    16.04   21.06    9.70  0.99 -0.08 -0.15 -0.02 -0.93  0.35 -0.16 -0.35 -0.92
             15.54   20.00    6.87  0.79 -0.61  0.09 -0.59 -0.71  0.37 -0.16 -0.35 -0.92
   7  A/A    13.74   20.22    7.09  0.76 -0.64 -0.02 -0.61 -0.74  0.29 -0.20 -0.20 -0.96
             13.04   19.51    3.74  0.25 -0.96  0.15 -0.95 -0.21  0.24 -0.20 -0.20 -0.96
   8  A/T    14.79   18.95    3.69  0.25 -0.94  0.23 -0.97 -0.23  0.12 -0.06 -0.25 -0.97
             14.59   18.12    0.49 -0.30 -0.92  0.26 -0.95  0.31 -0.02 -0.06 -0.25 -0.97
   9  T/G    12.89   19.85    0.45 -0.26 -0.91  0.32 -0.90  0.35  0.26 -0.34 -0.23 -0.91
             11.68   19.05   -2.74 -0.78 -0.47  0.41 -0.52  0.85 -0.02 -0.34 -0.23 -0.91
  10  G/C    15.32   18.08   -2.26 -0.83 -0.51  0.22 -0.54  0.68 -0.49  0.10 -0.53 -0.84
             15.62   16.47   -4.82 -0.99  0.05 -0.15  0.12  0.85 -0.52  0.10 -0.53 -0.84
  11  C/G    12.16   18.75   -6.04 -1.00  0.03  0.07  0.04  0.98  0.17 -0.06  0.17 -0.98
             11.93   19.37   -9.64 -0.81  0.57  0.15  0.59  0.80  0.10 -0.06  0.17 -0.98
****************************************************************************************
Strand II helix axis

               Ox      Oy      Oz     Xx    Xy    Xz   Yx    Yy    Yz    Zx    Zy    Zz
   1  G/C    16.28   25.75   26.31 -0.99  0.13  0.09  0.09  0.94 -0.33 -0.13 -0.32 -0.94
             15.86   24.67   23.17 -0.68  0.71 -0.15  0.72  0.62 -0.31 -0.13 -0.32 -0.94
   2  C/G    16.29   23.99   23.27 -0.65  0.76 -0.02  0.71  0.60 -0.37 -0.27 -0.25 -0.93
             15.26   23.01   19.68 -0.07  0.97 -0.24  0.96  0.00 -0.28 -0.27 -0.25 -0.93
   3  G/T    17.16   23.46   19.74 -0.13  0.80 -0.59  0.99  0.15 -0.00  0.09 -0.58 -0.81
             17.45   21.54   17.05  0.38  0.77 -0.51  0.92 -0.26  0.29  0.09 -0.58 -0.81
   4  T/T    16.33   23.97   15.54  0.36  0.82 -0.44  0.93 -0.37  0.06 -0.11 -0.43 -0.90
             15.99   22.66   12.81  0.83  0.46 -0.32  0.55 -0.78  0.31 -0.11 -0.43 -0.90
   5  T/T    14.79   21.91   13.39  0.84  0.52 -0.14  0.54 -0.81  0.22  0.01 -0.26 -0.96
             14.81   20.99   10.01  1.00 -0.05  0.02 -0.05 -0.96  0.26  0.01 -0.26 -0.96
   6  T/T    16.03   20.26    9.85  0.97 -0.14 -0.22 -0.03 -0.91  0.42 -0.26 -0.40 -0.88
             15.28   19.11    7.31  0.78 -0.62  0.05 -0.56 -0.68  0.47 -0.26 -0.40 -0.88
   7  T/T    15.29   21.31    6.56  0.81 -0.54  0.21 -0.58 -0.73  0.37 -0.05 -0.42 -0.91
             15.12   19.83    3.40  0.23 -0.89  0.40 -0.97 -0.19  0.14 -0.05 -0.42 -0.91
   8  T/A    14.40   19.58    3.62  0.23 -0.92  0.31 -0.97 -0.22  0.06  0.01 -0.31 -0.95
             14.44   18.57    0.54 -0.41 -0.87  0.28 -0.91  0.38 -0.14  0.01 -0.31 -0.95
   9  A/C    12.56   22.57   -0.73 -0.38 -0.91  0.13 -0.90  0.33 -0.28  0.21 -0.23 -0.95
             13.16   21.93   -3.40 -0.81 -0.58 -0.04 -0.54  0.78 -0.31  0.21 -0.23 -0.95
  10  C/G    13.33   17.79   -2.52 -0.83 -0.56  0.02 -0.55  0.81 -0.21  0.11 -0.18 -0.98
             13.68   17.17   -5.79 -0.99  0.08 -0.12  0.10  0.98 -0.17  0.11 -0.18 -0.98
  11  G/C    14.51   19.31   -6.40 -0.99  0.10  0.05  0.08  0.97 -0.24 -0.07 -0.24 -0.97
             14.31   18.61   -9.26 -0.74  0.66 -0.11  0.67  0.71 -0.22 -0.07 -0.24 -0.97
