  12 # base-pairs
   1 # ***local base-pair & helical parameters***
#        Shear    Stretch   Stagger   Buckle   Prop-Tw   Opening     X-disp    Y-disp    h-Rise    Incl.     Tip     h-Twist
C-G     -0.119    -0.279     0.097     4.651    -8.407    -6.948     0.000     0.000     0.000     0.000     0.000     0.000
G-C     -0.236    -0.251     0.281    -0.796    -8.724    -7.431    -0.213    -0.204     3.446     4.289     1.385    41.141
C-G      0.263    -0.359    -0.302    -0.017    -4.941    -4.657     0.290    -0.177     3.627     2.710   -10.092    39.696
A-T     -0.417    -0.278    -0.169     7.288   -15.640     0.696     1.814    -0.163     3.368     8.774     3.600    30.158
A-T     -0.016    -0.162     0.045     9.112   -19.512    -6.563    -1.656     0.075     3.204     4.583     1.834    31.832
A-T      0.175    -0.123    -0.007    -1.020   -21.179    -0.729    -0.017    -0.546     3.492    -0.381    -3.299    38.542
A-T     -0.150    -0.315     0.114     1.450   -24.043     1.676    -1.388     0.198     2.975     5.845     0.955    34.548
A-T      0.300    -0.080    -0.003    -8.999   -23.917    -3.111     0.030     0.626     3.564     0.041    -0.172    39.142
T-A      0.017    -0.120     0.053   -11.045   -20.869    -7.947    -0.495     0.933     3.279    -6.323     1.029    35.038
G-C      0.480    -0.275    -0.051     1.591    -5.664     0.164     1.512    -1.672     3.277    -2.011     0.603    35.303
C-G      0.132    -0.160     0.144     5.357   -19.330    -2.313     1.758     1.514     3.284   -14.450     6.767    38.892
G-C      0.130    -0.272     0.722    10.065    -6.352    -7.578     0.419    -0.926     3.372     3.143    -4.521    34.472
