  12 # base-pairs
   0 # ***local base-pair & step parameters***
#        Shear    Stretch   Stagger   Buckle   Prop-Tw   Opening     Shift     Slide     Rise      Tilt      Roll      Twist
C-G     -0.119    -0.279     0.097     4.651    -8.407    -6.948     0.000     0.000     0.000     0.000     0.000     0.000
G-C     -0.236    -0.251     0.281    -0.796    -8.724    -7.431     0.065     0.092     3.450    -0.973     3.012    41.025
C-G      0.263    -0.359    -0.302    -0.017    -4.941    -4.657     0.716     0.357     3.545     6.820     1.831    39.088
A-T     -0.417    -0.278    -0.169     7.288   -15.640     0.696    -0.115     1.430     3.191    -1.865     4.546    29.764
A-T     -0.016    -0.162     0.045     9.112   -19.512    -6.563    -0.141    -0.659     3.261    -1.005     2.511    31.720
A-T      0.175    -0.123    -0.007    -1.020   -21.179    -0.729     0.550    -0.033     3.467     2.176    -0.252    38.482
A-T     -0.150    -0.315     0.114     1.450   -24.043     1.676    -0.166    -0.531     3.039    -0.566     3.466    34.374
A-T      0.300    -0.080    -0.003    -8.999   -23.917    -3.111    -0.409     0.023     3.565     0.115     0.028    39.142
T-A      0.017    -0.120     0.053   -11.045   -20.869    -7.947    -0.617    -0.641     3.219    -0.618    -3.800    34.832
G-C      0.480    -0.275    -0.051     1.591    -5.664     0.164     0.981     0.806     3.316    -0.365    -1.219    35.281
C-G      0.132    -0.160     0.144     5.357   -19.330    -2.313    -1.380     0.377     3.335    -4.454    -9.510    37.500
G-C      0.130    -0.272     0.722    10.065    -6.352    -7.578     0.800     0.423     3.304     2.675     1.860    34.322
