****************************************************************************
CEHS base-pair parameters
     bp        Shear    Stretch   Stagger    Buckle  Propeller  Opening
    1 C-G      -0.12     -0.28      0.10      4.65     -8.43     -6.93
    2 G-C      -0.24     -0.25      0.28     -0.80     -8.74     -7.41
    3 C-G       0.26     -0.36     -0.30     -0.02     -4.95     -4.65
    4 A-T      -0.42     -0.28     -0.17      7.27    -15.66      0.69
    5 A-T      -0.02     -0.16      0.05      9.07    -19.58     -6.45
    6 A-T       0.18     -0.12     -0.01     -1.01    -21.18     -0.72
    7 A-T      -0.15     -0.32      0.11      1.44    -24.05      1.64
    8 A-T       0.30     -0.08     -0.00     -8.94    -23.97     -3.04
    9 T-A       0.02     -0.12      0.05    -10.99    -20.98     -7.79
   10 G-C       0.48     -0.27     -0.05      1.59     -5.66      0.16
   11 C-G       0.13     -0.16      0.14      5.33    -19.35     -2.28
   12 G-C       0.13     -0.27      0.72     10.07     -6.38     -7.55
          ~~~~~~~~~~~~~~~~~~~~~~~~~~~~~~~~~~~~~~~~~~~~~~~~~~~~~~~~~~~~
      ave.      0.05     -0.22      0.08      1.47    -14.91     -3.69
      s.d.      0.25      0.09      0.25      6.52      7.52      3.55
****************************************************************************
CEHS base-pair step parameters
    step       Shift     Slide      Rise      Tilt      Roll     Twist
   1 CG/CG      0.06      0.11      3.45     -0.96      3.12     40.91
   2 GC/GC      0.72      0.37      3.54      6.65      1.97     39.09
   3 CA/TG     -0.11      1.43      3.19     -2.00      4.55     30.01
   4 AA/TT     -0.15     -0.65      3.26     -0.44      2.79     31.85
   5 AA/TT      0.55     -0.02      3.47      1.67     -0.18     38.05
   6 AA/TT     -0.16     -0.53      3.04     -0.79      3.43     34.50
   7 AA/TT     -0.41      0.03      3.56      0.61      0.03     38.60
   8 AT/AT     -0.61     -0.62      3.23     -0.13     -3.61     34.83
   9 TG/CA      0.99      0.83      3.31     -0.99     -0.82     35.81
  10 GC/GC     -1.38      0.38      3.33     -4.30     -9.41     37.72
  11 CG/CG      0.80      0.43      3.30      2.64      2.10     34.24
          ~~~~~~~~~~~~~~~~~~~~~~~~~~~~~~~~~~~~~~~~~~~~~~~~~~~~~~~~~~~~
      ave.      0.03      0.16      3.34      0.18      0.36     35.96
      s.d.      0.70      0.63      0.16      2.81      3.99      3.28
****************************************************************************
CompDNA base-pair parameters
     bp        Shear    Stretch   Stagger    Buckle  Propeller  Opening
    1 C-G      -0.12     -0.28      0.10      4.63     -8.41     -6.94
    2 G-C      -0.24     -0.25      0.28     -0.79     -8.72     -7.41
    3 C-G       0.26     -0.36     -0.30     -0.02     -4.94     -4.65
    4 A-T      -0.42     -0.28     -0.17      7.20    -15.66      0.69
    5 A-T      -0.02     -0.16      0.05      8.94    -19.55     -6.49
    6 A-T       0.18     -0.12     -0.01     -1.00    -21.18     -0.72
    7 A-T      -0.15     -0.31      0.11      1.41    -24.04      1.64
    8 A-T       0.30     -0.08     -0.00     -8.74    -23.97     -3.05
    9 T-A       0.02     -0.12      0.05    -10.80    -20.93     -7.85
   10 G-C       0.48     -0.27     -0.05      1.59     -5.66      0.16
   11 C-G       0.13     -0.16      0.14      5.26    -19.34     -2.28
   12 G-C       0.13     -0.27      0.72     10.04     -6.37     -7.60
          ~~~~~~~~~~~~~~~~~~~~~~~~~~~~~~~~~~~~~~~~~~~~~~~~~~~~~~~~~~~~
      ave.      0.05     -0.22      0.08      1.48    -14.90     -3.71
      s.d.      0.25      0.09      0.25      6.43      7.51      3.56
****************************************************************************
CompDNA base-pair step parameters
    step       Shift     Slide      Rise      Tilt      Roll     Twist
   1 CG/CG      0.07      0.09      3.45     -0.97      3.01     40.91
   2 GC/GC      0.72      0.36      3.55      6.82      1.83     39.16
   3 CA/TG     -0.11      1.43      3.19     -1.85      4.55     29.99
   4 AA/TT     -0.14     -0.66      3.26     -0.99      2.52     31.85
   5 AA/TT      0.55     -0.04      3.47      2.18     -0.26     38.06
   6 AA/TT     -0.17     -0.53      3.04     -0.56      3.47     34.48
   7 AA/TT     -0.41      0.02      3.56      0.12      0.03     38.60
   8 AT/AT     -0.61     -0.65      3.22     -0.59     -3.80     34.78
   9 TG/CA      0.98      0.81      3.32     -0.36     -1.22     35.80
  10 GC/GC     -1.38      0.38      3.34     -4.46     -9.50     37.61
  11 CG/CG      0.80      0.42      3.30      2.68      1.85     34.24
          ~~~~~~~~~~~~~~~~~~~~~~~~~~~~~~~~~~~~~~~~~~~~~~~~~~~~~~~~~~~~
      ave.      0.03      0.15      3.34      0.18      0.22     35.95
      s.d.      0.70      0.64      0.16      2.90      4.01      3.28
****************************************************************************
Curves base-pair parameters (by Xiang-Jun Lu)
     bp        Shear    Stretch   Stagger    Buckle  Propeller  Opening
    1 C-G      -0.12     -0.28      0.10      4.67     -8.40     -6.95
    2 G-C      -0.24     -0.25      0.28     -0.80     -8.72     -7.43
    3 C-G       0.26     -0.36     -0.30     -0.02     -4.94     -4.66
    4 A-T      -0.42     -0.28     -0.17      7.40    -15.60      0.70
    5 A-T      -0.02     -0.16      0.05      9.34    -19.43     -6.56
    6 A-T       0.18     -0.12     -0.01     -1.05    -21.18     -0.73
    7 A-T      -0.15     -0.32      0.12      1.50    -24.04      1.68
    8 A-T       0.30     -0.08     -0.00     -9.33    -23.82     -3.11
    9 T-A       0.02     -0.12      0.05    -11.35    -20.74     -7.95
   10 G-C       0.48     -0.27     -0.05      1.59     -5.66      0.16
   11 C-G       0.13     -0.16      0.15      5.49    -19.30     -2.31
   12 G-C       0.13     -0.27      0.73     10.09     -6.32     -7.58
          ~~~~~~~~~~~~~~~~~~~~~~~~~~~~~~~~~~~~~~~~~~~~~~~~~~~~~~~~~~~~
      ave.      0.05     -0.22      0.08      1.46    -14.84     -3.73
      s.d.      0.25      0.09      0.25      6.69      7.48      3.58
****************************************************************************
Curves base-pair step parameters
    step       Shift     Slide      Rise      Tilt      Roll     Twist
   1 CG/CG      0.07      0.09      3.45     -0.97      3.01     41.13
   2 GC/GC      0.72      0.36      3.55      6.82      1.83     39.07
   3 CA/TG     -0.12      1.43      3.19     -1.88      4.54     29.51
   4 AA/TT     -0.14     -0.66      3.26     -1.02      2.50     31.58
   5 AA/TT      0.55     -0.03      3.47      2.18     -0.24     38.92
   6 AA/TT     -0.17     -0.53      3.04     -0.57      3.47     34.25
   7 AA/TT     -0.41      0.02      3.56      0.12      0.03     39.70
   8 AT/AT     -0.62     -0.64      3.22     -0.65     -3.79     34.86
   9 TG/CA      0.98      0.80      3.32     -0.37     -1.22     34.75
  10 GC/GC     -1.38      0.38      3.35     -4.46     -9.51     37.29
  11 CG/CG      0.80      0.43      3.31      2.67      1.87     34.41
          ~~~~~~~~~~~~~~~~~~~~~~~~~~~~~~~~~~~~~~~~~~~~~~~~~~~~~~~~~~~~
      ave.      0.03      0.15      3.34      0.17      0.23     35.95
      s.d.      0.70      0.63      0.16      2.90      4.01      3.60
****************************************************************************
FreeHelix base-pair parameters (by Xiang-Jun Lu)
     bp        Shear    Stretch   Stagger    Buckle  Propeller  Opening
    1 C-G      -0.12     -0.28      0.10      4.65     -8.42     -6.94
    2 G-C      -0.24     -0.25      0.28     -0.79     -8.72     -7.41
    3 C-G       0.26     -0.36     -0.30     -0.02     -4.94     -4.65
    4 A-T      -0.42     -0.28     -0.17      7.27    -15.69      0.69
    5 A-T      -0.02     -0.16      0.05      9.07    -19.61     -6.49
    6 A-T       0.18     -0.12     -0.01     -1.01    -21.18     -0.72
    7 A-T      -0.15     -0.31      0.11      1.44    -24.05      1.64
    8 A-T       0.30     -0.08     -0.00     -8.93    -24.04     -3.05
    9 T-A       0.02     -0.12      0.05    -10.98    -21.03     -7.85
   10 G-C       0.48     -0.27     -0.05      1.59     -5.66      0.16
   11 C-G       0.13     -0.16      0.14      5.33    -19.36     -2.28
   12 G-C       0.13     -0.27      0.72     10.06     -6.39     -7.60
          ~~~~~~~~~~~~~~~~~~~~~~~~~~~~~~~~~~~~~~~~~~~~~~~~~~~~~~~~~~~~
      ave.      0.05     -0.22      0.08      1.47    -14.93     -3.71
      s.d.      0.25      0.09      0.25      6.52      7.53      3.56
****************************************************************************
FreeHelix base-pair step parameters
    step       Shift     Slide      Rise      Tilt      Roll     Twist
   1 CG/CG      0.07      0.09      3.45     -0.97      3.01     40.91
   2 GC/GC      0.72      0.36      3.55      6.82      1.84     39.16
   3 CA/TG     -0.11      1.43      3.19     -1.85      4.55     29.99
   4 AA/TT     -0.14     -0.66      3.26     -0.99      2.52     31.85
   5 AA/TT      0.55     -0.04      3.47      2.18     -0.26     38.05
   6 AA/TT     -0.17     -0.53      3.04     -0.57      3.47     34.48
   7 AA/TT     -0.41      0.02      3.56      0.12      0.03     38.60
   8 AT/AT     -0.61     -0.65      3.22     -0.59     -3.80     34.78
   9 TG/CA      0.98      0.81      3.32     -0.36     -1.22     35.80
  10 GC/GC     -1.38      0.38      3.34     -4.47     -9.51     37.61
  11 CG/CG      0.80      0.42      3.30      2.68      1.85     34.24
          ~~~~~~~~~~~~~~~~~~~~~~~~~~~~~~~~~~~~~~~~~~~~~~~~~~~~~~~~~~~~
      ave.      0.03      0.15      3.34      0.18      0.22     35.95
      s.d.      0.70      0.64      0.16      2.90      4.01      3.28
****************************************************************************
NGEOM base-pair parameters
     bp        Shear    Stretch   Stagger    Buckle  Propeller  Opening
    1 C-G      -0.12     -0.28      0.10      4.65     -8.41     -6.95
    2 G-C      -0.24     -0.25      0.28     -0.80     -8.72     -7.43
    3 C-G       0.26     -0.36     -0.30     -0.02     -4.94     -4.66
    4 A-T      -0.42     -0.28     -0.17      7.29    -15.64      0.70
    5 A-T      -0.02     -0.16      0.05      9.11    -19.51     -6.56
    6 A-T       0.18     -0.12     -0.01     -1.02    -21.18     -0.73
    7 A-T      -0.15     -0.32      0.11      1.45    -24.04      1.68
    8 A-T       0.30     -0.08     -0.00     -9.00    -23.92     -3.11
    9 T-A       0.02     -0.12      0.05    -11.04    -20.87     -7.95
   10 G-C       0.48     -0.27     -0.05      1.59     -5.66      0.16
   11 C-G       0.13     -0.16      0.14      5.36    -19.33     -2.31
   12 G-C       0.13     -0.27      0.72     10.07     -6.35     -7.58
          ~~~~~~~~~~~~~~~~~~~~~~~~~~~~~~~~~~~~~~~~~~~~~~~~~~~~~~~~~~~~
      ave.      0.05     -0.22      0.08      1.47    -14.88     -3.73
      s.d.      0.25      0.09      0.25      6.54      7.50      3.58
****************************************************************************
NGEOM base-pair step parameters
    step       Shift     Slide      Rise      Tilt      Roll     Twist
   1 CG/CG      0.06      0.11      3.45     -0.97      3.01     41.02
   2 GC/GC      0.75      0.37      3.54      6.82      1.83     39.09
   3 CA/TG     -0.12      1.45      3.18     -1.87      4.55     29.76
   4 AA/TT     -0.14     -0.65      3.26     -1.00      2.51     31.72
   5 AA/TT      0.56     -0.03      3.47      2.18     -0.25     38.48
   6 AA/TT     -0.17     -0.52      3.04     -0.57      3.47     34.37
   7 AA/TT     -0.41      0.02      3.56      0.12      0.03     39.14
   8 AT/AT     -0.62     -0.66      3.22     -0.62     -3.80     34.83
   9 TG/CA      0.98      0.80      3.32     -0.37     -1.22     35.28
  10 GC/GC     -1.40      0.33      3.33     -4.45     -9.51     37.50
  11 CG/CG      0.81      0.43      3.30      2.68      1.86     34.32
          ~~~~~~~~~~~~~~~~~~~~~~~~~~~~~~~~~~~~~~~~~~~~~~~~~~~~~~~~~~~~
      ave.      0.03      0.15      3.33      0.18      0.22     35.96
      s.d.      0.71      0.64      0.16      2.90      4.01      3.43
****************************************************************************
NUPARM base-pair parameters
     bp        Shear    Stretch   Stagger    Buckle  Propeller  Opening
    1 C-G      -0.12     -0.28      0.10      4.66     -8.42     -6.92
    2 G-C      -0.24     -0.25      0.28     -0.80     -8.74     -7.41
    3 C-G       0.26     -0.36     -0.30     -0.02     -4.95     -4.65
    4 A-T      -0.42     -0.28     -0.17      7.27    -15.63      0.69
    5 A-T      -0.02     -0.16      0.05      9.08    -19.52     -6.45
    6 A-T       0.18     -0.12     -0.01     -1.01    -21.18     -0.72
    7 A-T      -0.15     -0.32      0.11      1.44    -24.05      1.64
    8 A-T       0.30     -0.08     -0.00     -8.94    -23.90     -3.03
    9 T-A       0.02     -0.12      0.05    -11.01    -20.88     -7.78
   10 G-C       0.48     -0.27     -0.05      1.59     -5.66      0.16
   11 C-G       0.13     -0.16      0.14      5.33    -19.33     -2.28
   12 G-C       0.13     -0.27      0.72     10.08     -6.36     -7.54
          ~~~~~~~~~~~~~~~~~~~~~~~~~~~~~~~~~~~~~~~~~~~~~~~~~~~~~~~~~~~~
      ave.      0.05     -0.22      0.08      1.47    -14.88     -3.69
      s.d.      0.25      0.09      0.25      6.53      7.50      3.54
****************************************************************************
NUPARM base-pair step parameters
    step       Shift     Slide      Rise      Tilt      Roll     Twist
   1 CG/CG      0.05      0.14      3.45     -1.05      3.25     40.89
   2 GC/GC      0.79      0.39      3.53      7.06      2.10     39.02
   3 CA/TG     -0.13      1.47      3.17     -2.06      4.69     29.98
   4 AA/TT     -0.15     -0.62      3.27     -0.49      3.03     31.84
   5 AA/TT      0.56     -0.02      3.46      1.73     -0.31     38.04
   6 AA/TT     -0.17     -0.51      3.04     -0.83      3.59     34.48
   7 AA/TT     -0.40      0.03      3.57      0.67     -0.03     38.60
   8 AT/AT     -0.61     -0.65      3.22     -0.06     -3.91     34.81
   9 TG/CA      0.99      0.82      3.31     -0.98     -0.67     35.81
  10 GC/GC     -1.43      0.29      3.32     -4.54     -9.93     37.56
  11 CG/CG      0.81      0.45      3.30      2.70      2.36     34.22
          ~~~~~~~~~~~~~~~~~~~~~~~~~~~~~~~~~~~~~~~~~~~~~~~~~~~~~~~~~~~~
      ave.      0.03      0.16      3.33      0.20      0.38     35.93
      s.d.      0.72      0.64      0.16      2.97      4.21      3.27
****************************************************************************
NUPARM base-pair helical parameters
    step       X-disp    Y-disp   h-Rise     Incl.       Tip   h-Twist
   1 CG/CG     -0.19     -0.20      3.45      4.33      1.41     41.03
   2 GC/GC      0.29     -0.21      3.62      2.93     -9.85     39.68
   3 CA/TG      1.82     -0.20      3.37      8.83      3.84     30.42
   4 AA/TT     -1.71      0.18      3.20      5.36      0.92     31.98
   5 AA/TT      0.02     -0.62      3.49     -0.45     -2.50     38.08
   6 AA/TT     -1.39      0.16      2.98      5.80      1.33     34.68
   7 AA/TT      0.04      0.70      3.56     -0.04     -0.95     38.60
   8 AT/AT     -0.47      1.01      3.28     -6.21      0.20     35.03
   9 TG/CA      1.44     -1.76      3.26     -1.08      1.53     35.83
  10 GC/GC      1.84      1.63      3.28    -14.31      6.38     39.08
  11 CG/CG      0.37     -0.93      3.37      3.77     -4.35     34.40
          ~~~~~~~~~~~~~~~~~~~~~~~~~~~~~~~~~~~~~~~~~~~~~~~~~~~~~~~~~~~~
      ave.      0.19     -0.02      3.35      0.81     -0.19     36.26
      s.d.      1.17      0.93      0.18      6.48      4.30      3.33
****************************************************************************
RNA base-pair parameters
     bp        Shear    Stretch   Stagger    Buckle  Propeller  Opening
    1 C-G      -0.12     -0.29      0.11      4.65     -8.41     -6.93
    2 G-C      -0.23     -0.26      0.29     -0.80     -8.73     -7.42
    3 C-G       0.26     -0.36     -0.30     -0.02     -4.94     -4.65
    4 A-T      -0.43     -0.28     -0.17      7.29    -15.64      0.69
    5 A-T      -0.04     -0.18      0.06      9.12    -19.52     -6.49
    6 A-T       0.18     -0.12     -0.00     -1.02    -21.18     -0.72
    7 A-T      -0.15     -0.32      0.11      1.45    -24.04      1.65
    8 A-T       0.33     -0.09      0.01     -9.00    -23.92     -3.06
    9 T-A       0.05     -0.14      0.08    -11.05    -20.89     -7.83
   10 G-C       0.48     -0.28     -0.05      1.59     -5.66      0.16
   11 C-G       0.12     -0.16      0.15      5.36    -19.33     -2.29
   12 G-C       0.12     -0.29      0.73     10.07     -6.36     -7.55
          ~~~~~~~~~~~~~~~~~~~~~~~~~~~~~~~~~~~~~~~~~~~~~~~~~~~~~~~~~~~~
      ave.      0.05     -0.23      0.08      1.47    -14.89     -3.70
      s.d.      0.26      0.09      0.25      6.55      7.50      3.55
****************************************************************************
RNA base-pair step parameters
    step       Shift     Slide      Rise      Tilt      Roll     Twist
   1 CG/CG      0.07      0.20      3.36     -1.00      3.09     41.01
   2 GC/GC      0.71      0.44      3.54      6.87      1.94     39.03
   3 CA/TG     -0.20      1.47      3.30     -1.96      4.59     29.75
   4 AA/TT     -0.03     -0.62      3.29     -0.75      2.75     31.71
   5 AA/TT      0.47      0.01      3.31      1.94     -0.28     38.48
   6 AA/TT     -0.20     -0.52      3.08     -0.69      3.50     34.37
   7 AA/TT     -0.34      0.03      3.40      0.38      0.00     39.14
   8 AT/AT     -0.53     -0.59      3.19     -0.36     -3.83     34.84
   9 TG/CA      0.87      0.85      3.51     -0.67     -0.94     35.28
  10 GC/GC     -1.38      0.35      3.39     -4.45     -9.62     37.40
  11 CG/CG      0.89      0.48      3.37      2.66      2.08     34.31
          ~~~~~~~~~~~~~~~~~~~~~~~~~~~~~~~~~~~~~~~~~~~~~~~~~~~~~~~~~~~~
      ave.      0.03      0.19      3.34      0.18      0.30     35.94
      s.d.      0.68      0.64      0.13      2.90      4.07      3.42
****************************************************************************
RNA base-pair helical parameters
    step       X-disp    Y-disp   h-Rise     Incl.       Tip   h-Twist
   1 CG/CG     -0.08     -0.21      3.36      4.31      1.40     41.13
   2 GC/GC      0.38     -0.13      3.63      2.82     -9.97     39.68
   3 CA/TG      1.82     -0.05      3.49      8.77      3.73     30.16
   4 AA/TT     -1.64     -0.08      3.22      4.96      1.36     31.84
   5 AA/TT      0.05     -0.46      3.33     -0.41     -2.88     38.53
   6 AA/TT     -1.40      0.24      3.02      5.81      1.15     34.55
   7 AA/TT      0.05      0.55      3.40      0.00     -0.56     39.14
   8 AT/AT     -0.40      0.83      3.24     -6.27      0.58     35.05
   9 TG/CA      1.55     -1.54      3.47     -1.53      1.08     35.30
  10 GC/GC      1.80      1.48      3.33    -14.37      6.64     38.87
  11 CG/CG      0.46     -1.06      3.45      3.47     -4.44     34.48
          ~~~~~~~~~~~~~~~~~~~~~~~~~~~~~~~~~~~~~~~~~~~~~~~~~~~~~~~~~~~~
      ave.      0.24     -0.04      3.36      0.69     -0.17     36.25
      s.d.      1.16      0.84      0.16      6.46      4.38      3.48
****************************************************************************
Strand I base step parameters
    step       Shift     Slide      Rise      Tilt      Roll     Twist
   1  C/G      -0.88      0.15      3.50     -0.76      3.57     40.78
   2  G/C       0.03      0.37      3.45      9.46      4.05     39.94
   3  C/A      -1.13      1.58      3.36      4.35      0.39     32.23
   4  A/A      -0.23     -0.39      3.50      4.62      3.03     27.60
   5  A/A       0.05      0.17      3.37      4.13      0.42     40.81
   6  A/A      -0.73     -0.59      3.32      7.38      2.17     34.89
   7  A/A      -0.50      0.05      3.56      3.26     -1.17     36.37
   8  A/T      -1.02     -0.92      3.43      5.37     -5.13     31.55
   9  T/G       0.39      0.69      3.45      9.69      5.02     38.88
  10  G/C      -2.27      0.62      3.63      1.53    -15.09     36.79
  11  C/G       0.28      0.66      3.69      8.33     10.81     30.68
          ~~~~~~~~~~~~~~~~~~~~~~~~~~~~~~~~~~~~~~~~~~~~~~~~~~~~~~~~~~~~
      ave.     -0.55      0.22      3.48      5.21      0.73     35.50
      s.d.      0.78      0.70      0.11      3.28      6.60      4.49
****************************************************************************
Strand I base helical parameters
    step       X-disp    Y-disp   h-Rise     Incl.       Tip   h-Twist
   1  C/G      -0.23     -0.64      3.52      5.01      1.06     40.94
   2  G/C       0.04     -0.71      3.39      5.69    -13.27     41.25
   3  C/A       2.76      1.00      3.19      0.68     -7.69     32.52
   4  A/A      -1.56     -0.16      3.36      6.20     -9.47     28.15
   5  A/A       0.20     -1.40      3.36      0.59     -5.77     41.02
   6  A/A      -1.29      0.47      3.06      3.50    -11.93     35.72
   7  A/A       0.26     -0.51      3.49     -1.84     -5.12     36.53
   8  A/T      -0.68      1.04      3.31     -9.16     -9.57     32.41
   9  T/G       0.36     -1.14      3.50      7.21    -13.92     40.39
  10  G/C       2.84      1.72      3.03    -22.29     -2.25     39.79
  11  C/G      -0.99     -0.65      3.66     19.00    -14.63     33.57
          ~~~~~~~~~~~~~~~~~~~~~~~~~~~~~~~~~~~~~~~~~~~~~~~~~~~~~~~~~~~~
      ave.      0.15     -0.09      3.35      1.33     -8.41     36.57
      s.d.      1.46      1.00      0.20     10.42      5.03      4.47
****************************************************************************
Strand II base step parameters
    step       Shift     Slide      Rise      Tilt      Roll     Twist
   1  G/C       1.03      0.11      3.38     -1.29      2.63     41.21
   2  C/G       1.39      0.43      3.73      4.24     -0.03     37.98
   3  G/T       0.73      1.31      3.41     -7.95      9.01     26.88
   4  T/T       0.19     -0.85      3.21     -6.71      2.35     34.92
   5  T/T       0.88     -0.20      3.50      0.21     -0.82     35.77
   6  T/T       0.35     -0.44      3.17     -8.50      4.80     32.28
   7  T/T      -0.18      0.01      3.49     -3.03      1.28     41.20
   8  T/A      -0.01     -0.35      3.27     -6.54     -1.99     36.81
   9  A/C       1.34      0.96      3.71    -10.76     -6.76     30.84
  10  C/G      -0.47      0.06      3.37    -10.42     -4.13     37.57
  11  G/C       1.56      0.26      3.22     -3.71     -6.58     36.75
          ~~~~~~~~~~~~~~~~~~~~~~~~~~~~~~~~~~~~~~~~~~~~~~~~~~~~~~~~~~~~
      ave.      0.62      0.12      3.40     -4.95     -0.02     35.66
      s.d.      0.69      0.62      0.19      4.70      4.78      4.30
****************************************************************************
Strand II base helical parameters
    step       X-disp    Y-disp   h-Rise     Incl.       Tip   h-Twist
   1  G/C      -0.14      0.20      3.35      3.64      1.79     41.31
   2  C/G       0.66      0.33      3.86     -0.05     -6.37     38.21
   3  G/T       0.46     -1.50      3.32     18.05     15.94     29.45
   4  T/T      -1.73      0.52      3.05      3.80     10.87     35.63
   5  T/T      -0.19      0.41      3.51     -1.32     -0.33     35.78
   6  T/T      -1.52     -0.14      2.88      8.28     14.66     33.73
   7  T/T      -0.13      1.70      3.49      1.77      4.20     41.33
   8  T/A      -0.27      0.93      3.23     -3.06     10.06     37.44
   9  A/C       2.88     -2.42      2.80    -11.92     18.96     33.36
  10  C/G       0.63      1.16      3.35     -6.11     15.44     39.21
  11  G/C       1.25     -1.09      2.95    -10.11      5.70     37.52
          ~~~~~~~~~~~~~~~~~~~~~~~~~~~~~~~~~~~~~~~~~~~~~~~~~~~~~~~~~~~~
      ave.      0.17      0.01      3.25      0.27      8.27     36.63
      s.d.      1.27      1.22      0.31      8.47      7.93      3.56
