Reference frame: Origins (Ox, Oy, Oz) followed by the direction cosines of the
                 X- (Xx, Yx, Zx), Y- (Yx, Yx, Yx), and Z- (Zx, Zx, Zx) axes
*****************************************************************************************
Local base-pair reference frames
                Ox      Oy      Oz     Xx    Xy    Xz   Yx    Yy    Yz    Zx    Zy    Zz
   1 C-G      19.06   33.53    0.18  0.75  0.14  0.65  0.59  0.32 -0.74 -0.31  0.94  0.16
   2 G-C      18.54   37.56   -0.88  0.97  0.20  0.10  0.04  0.26 -0.96 -0.22  0.94  0.25
   3 C-G      18.43   41.16   -1.40  0.69  0.43 -0.59 -0.64 -0.03 -0.77 -0.35  0.90  0.25
   4 G-C      16.62   43.53   -0.64  0.34  0.24 -0.91 -0.90 -0.19 -0.39 -0.27  0.95  0.15
   5 A-T      16.09   46.66   -0.49 -0.33  0.03 -0.94 -0.89 -0.36  0.30 -0.33  0.93  0.15
   6 A-T      15.43   49.93    0.14 -0.79 -0.08 -0.61 -0.56 -0.32  0.77 -0.25  0.95  0.21
   7 A-T      14.83   53.29    0.30 -0.98 -0.19 -0.01  0.03 -0.20  0.98 -0.19  0.96  0.20
   8 A-T      13.74   56.60    0.72 -0.75 -0.30  0.59  0.60  0.05  0.79 -0.27  0.95  0.15
   9 A-T      12.97   59.83    1.04 -0.29 -0.25  0.92  0.92  0.21  0.34 -0.28  0.95  0.16
  10 A-T      12.35   62.56    1.83  0.26 -0.11  0.96  0.96  0.16 -0.24 -0.12  0.98  0.15
  11 C-G      11.69   65.44    2.76  0.78 -0.11  0.61  0.62  0.27 -0.74 -0.08  0.96  0.28
  12 G-C      12.02   68.72    4.98  0.99 -0.02  0.12  0.12  0.36 -0.92 -0.02  0.93  0.36
*****************************************************************************************
Local middle reference frames
                Ox      Oy      Oz     Xx    Xy    Xz   Yx    Yy    Yz    Zx    Zy    Zz
   1 CG/CG    18.80   35.54   -0.35  0.90  0.17  0.39  0.33  0.29 -0.90 -0.26  0.94  0.20
   2 GC/GC    18.48   39.36   -1.14  0.90  0.35 -0.26 -0.33  0.15 -0.93 -0.28  0.93  0.25
   3 CG/CG    17.53   42.35   -1.02  0.53  0.34 -0.77 -0.79 -0.13 -0.60 -0.31  0.93  0.20
   4 GA/TC    16.36   45.10   -0.57 -0.00  0.16 -0.99 -0.95 -0.29 -0.05 -0.30  0.94  0.15
   5 AA/TT    15.76   48.30   -0.17 -0.59 -0.03 -0.81 -0.76 -0.34  0.56 -0.29  0.94  0.18
   6 AA/TT    15.13   51.61    0.22 -0.93 -0.15 -0.33 -0.28 -0.26  0.92 -0.22  0.95  0.20
   7 AA/TT    14.28   54.94    0.51 -0.91 -0.28  0.30  0.34 -0.09  0.94 -0.23  0.96  0.17
   8 AA/TT    13.35   58.21    0.88 -0.54 -0.29  0.79  0.79  0.13  0.59 -0.27  0.95  0.16
   9 AA/TT    12.66   61.19    1.43 -0.02 -0.17  0.99  0.98  0.20  0.05 -0.20  0.97  0.16
  10 AC/GT    12.02   64.00    2.29  0.55 -0.12  0.83  0.83  0.20 -0.52 -0.10  0.97  0.21
  11 CG/CG    11.86   67.08    3.87  0.92 -0.08  0.38  0.38  0.32 -0.87 -0.05  0.95  0.32
*****************************************************************************************
Local middle helical reference frames
                Ox      Oy      Oz     Xx    Xy    Xz   Yx    Yy    Yz    Zx    Zy    Zz
   1 CG/CG    16.75   35.28   -0.35  0.92  0.10  0.38  0.37  0.11 -0.92 -0.13  0.99  0.06
   2 GC/GC    16.23   39.14   -2.15  0.89  0.38 -0.25 -0.37  0.29 -0.88 -0.26  0.88  0.40
   3 CG/CG    18.65   42.95   -0.24  0.54  0.33 -0.78 -0.69 -0.37 -0.63 -0.49  0.87  0.03
   4 GA/TC    15.59   44.99   -1.15 -0.02  0.23 -0.97 -0.95 -0.30 -0.05 -0.30  0.93  0.23
   5 AA/TT    16.49   48.44   -0.18 -0.57 -0.07 -0.82 -0.79 -0.19  0.58 -0.20  0.98  0.05
   6 AA/TT    14.79   51.56   -0.11 -0.92 -0.19 -0.33 -0.30 -0.18  0.94 -0.24  0.96  0.11
   7 AA/TT    13.50   54.68    0.53 -0.88 -0.38  0.28  0.36 -0.16  0.92 -0.30  0.91  0.28
   8 AA/TT    12.93   58.12    0.78 -0.54 -0.28  0.79  0.80  0.10  0.59 -0.24  0.95  0.17
   9 AA/TT    14.32   61.58    1.41 -0.07  0.08  0.99  0.97  0.23  0.05 -0.22  0.97 -0.10
  10 AC/GT    12.75   63.71    3.69  0.55 -0.18  0.81  0.83  0.01 -0.56  0.09  0.98  0.15
  11 CG/CG    14.43   66.78    3.94  0.92 -0.18  0.35  0.38  0.16 -0.91  0.11  0.97  0.22
*****************************************************************************************
Local strand I base reference frames
                Ox      Oy      Oz     Xx    Xy    Xz   Yx    Yy    Yz    Zx    Zy    Zz
   1 C        19.14   33.51    0.57  0.65  0.34  0.68  0.62  0.27 -0.73 -0.44  0.90 -0.03
   2 G        18.11   37.30   -0.72  0.93  0.33  0.14  0.08  0.18 -0.98 -0.35  0.93  0.14
   3 C        18.60   41.48   -1.40  0.61  0.56 -0.56 -0.63 -0.09 -0.77 -0.48  0.82  0.30
   4 G        16.69   43.61   -0.42  0.34  0.35 -0.87 -0.91 -0.10 -0.39 -0.22  0.93  0.28
   5 A        16.07   47.02   -0.48 -0.40  0.17 -0.90 -0.90 -0.26  0.35 -0.18  0.95  0.26
   6 A        15.54   50.18    0.09 -0.81  0.05 -0.58 -0.57 -0.25  0.78 -0.11  0.97  0.23
   7 A        14.73   53.39    0.14 -1.00 -0.05  0.03  0.04 -0.18  0.98 -0.04  0.98  0.18
   8 A        13.67   56.35    0.63 -0.75 -0.15  0.64  0.65  0.01  0.76 -0.12  0.99  0.09
   9 A        12.97   59.46    0.87 -0.33 -0.10  0.94  0.93  0.13  0.34 -0.16  0.99  0.05
  10 A        12.27   62.68    1.83  0.29  0.01  0.96  0.94  0.18 -0.28 -0.18  0.98  0.04
  11 C        11.85   65.25    3.15  0.74  0.05  0.67  0.61  0.37 -0.70 -0.28  0.93  0.24
  12 G        11.68   68.63    5.15  0.98  0.02  0.17  0.16  0.27 -0.95 -0.07  0.96  0.26
*****************************************************************************************
Local strand II base reference frames
                Ox      Oy      Oz     Xx    Xy    Xz   Yx    Yy    Yz    Zx    Zy    Zz
   1 G        18.99   33.55   -0.21  0.81 -0.07  0.58  0.56  0.37 -0.74 -0.16  0.93  0.34
   2 C        18.97   37.82   -1.04  1.00  0.08  0.04  0.01  0.35 -0.94 -0.09  0.93  0.35
   3 G        18.26   40.84   -1.39  0.74  0.28 -0.61 -0.64  0.02 -0.77 -0.20  0.96  0.20
   4 C        16.56   43.45   -0.87  0.34  0.13 -0.93 -0.89 -0.28 -0.36 -0.31  0.95  0.02
   5 T        16.10   46.30   -0.50 -0.25 -0.09 -0.96 -0.85 -0.45  0.26 -0.46  0.89  0.04
   6 T        15.33   49.68    0.19 -0.75 -0.20 -0.64 -0.54 -0.38  0.75 -0.39  0.90  0.18
   7 T        14.93   53.20    0.45 -0.94 -0.34 -0.05  0.03 -0.22  0.98 -0.34  0.92  0.21
   8 T        13.80   56.84    0.82 -0.72 -0.46  0.52  0.56  0.07  0.83 -0.41  0.89  0.20
   9 T        12.97   60.20    1.20 -0.23 -0.38  0.89  0.89  0.28  0.35 -0.39  0.88  0.28
  10 T        12.43   62.43    1.83  0.23 -0.24  0.94  0.97  0.13 -0.21 -0.07  0.96  0.26
  11 G        11.53   65.63    2.37  0.79 -0.27  0.55  0.60  0.17 -0.78  0.12  0.95  0.30
  12 C        12.36   68.81    4.81  1.00 -0.06  0.07  0.09  0.46 -0.88  0.03  0.89  0.46
****************************************************************************
Local strand I base step parameters
    step       Shift     Slide      Rise      Tilt      Roll     Twist
   1  C/G      -0.14      1.58      3.81      6.53      9.14     34.34
   2  G/C       2.52      0.86      3.33      6.87    -11.64     46.17
   3  C/G      -0.74      0.66      2.86     11.91     10.99     24.82
   4  G/A       1.00     -0.09      3.32      2.69      1.62     44.61
   5  A/A       0.22     -0.08      3.25      4.21     -1.30     31.44
   6  A/A       0.72     -0.42      3.20      4.10     -2.79     37.36
   7  A/A       0.79     -0.22      3.07      6.41      2.16     39.12
   8  A/A       0.17     -0.20      3.19      3.32     -0.60     29.76
   9  A/A       0.81     -0.13      3.33      1.02     -0.26     36.72
  10  A/C       0.90     -0.33      2.76     11.73      6.61     31.00
  11  C/G       0.89     -0.77      3.75     -4.62     11.30     29.79
          ~~~~~~~~~~~~~~~~~~~~~~~~~~~~~~~~~~~~~~~~~~~~~~~~~~~~~~~~~~~~
      ave.      0.65      0.08      3.26      4.92      2.30     35.01
      s.d.      0.82      0.68      0.32      4.68      6.86      6.56
****************************************************************************
Local strand I base helical parameters
    step       X-disp    Y-disp   h-Rise     Incl.       Tip   h-Twist
   1  C/G       0.97      1.37      4.00     14.99    -10.71     36.07
   2  G/C       2.02     -2.53      3.35    -14.48     -8.55     48.00
   3  C/G      -0.73      3.65      2.36     22.74    -24.63     29.58
   4  G/A      -0.26     -1.07      3.37      2.13     -3.54     44.72
   5  A/A       0.08      0.38      3.25     -2.38     -7.73     31.74
   6  A/A      -0.29     -0.58      3.28     -4.32     -6.36     37.68
   7  A/A      -0.57     -0.45      3.14      3.20     -9.48     39.68
   8  A/A      -0.26      0.34      3.19     -1.16     -6.45     29.94
   9  A/A      -0.16     -1.15      3.35     -0.41     -1.62     36.73
  10  A/C      -1.52      0.14      2.79     11.70    -20.77     33.73
  11  C/G      -3.58     -2.51      3.09     20.92      8.55     32.14
          ~~~~~~~~~~~~~~~~~~~~~~~~~~~~~~~~~~~~~~~~~~~~~~~~~~~~~~~~~~~~
      ave.     -0.39     -0.22      3.20      4.81     -8.30     36.37
      s.d.      1.40      1.75      0.40     11.45      8.88      5.93
****************************************************************************
Local strand II base step parameters
    step       Shift     Slide      Rise      Tilt      Roll     Twist
   1  G/C      -0.26      2.29      3.69     -1.09      4.36     33.94
   2  C/G       0.12      1.20      2.89    -10.56     -3.39     42.44
   3  G/C      -0.73      0.66      3.00    -10.74      4.61     31.09
   4  C/T      -0.26     -0.69      2.82     -9.51     -1.35     36.84
   5  T/T      -0.67     -0.46      3.44     -0.96     -9.21     34.00
   6  T/T      -0.71     -0.73      3.40     -0.74     -3.46     37.02
   7  T/T      -0.47     -0.32      3.79      1.84      4.31     35.97
   8  T/T      -0.74      0.20      3.40     -3.75      2.70     35.82
   9  T/T      -0.02      0.02      2.37    -18.74     -2.63     28.76
  10  T/G      -0.86     -0.61      3.20     -7.69      8.16     39.08
  11  G/C       0.88     -0.77      3.93     11.10     -1.34     33.04
          ~~~~~~~~~~~~~~~~~~~~~~~~~~~~~~~~~~~~~~~~~~~~~~~~~~~~~~~~~~~~
      ave.     -0.34      0.07      3.27     -4.62      0.25     35.27
      s.d.      0.52      0.97      0.47      7.97      5.01      3.75
****************************************************************************
Local strand II base helical parameters
    step       X-disp    Y-disp   h-Rise     Incl.       Tip   h-Twist
   1  G/C       3.08      0.23      3.95      7.43      1.86     34.23
   2  C/G       1.89     -1.04      2.68     -4.59     14.30     43.81
   3  G/C       0.40     -0.47      3.13      8.24     19.20     33.16
   4  C/T      -0.90     -0.66      2.82     -2.10     14.75     38.03
   5  T/T       0.70      0.96      3.46    -15.40      1.60     35.20
   6  T/T      -0.67      1.02      3.46     -5.43      1.16     37.18
   7  T/T      -1.21      1.04      3.70      6.94     -2.97     36.27
   8  T/T      -0.07      0.64      3.46      4.38      6.06     36.11
   9  T/T       0.34     -2.12      2.01     -4.70     33.53     34.32
  10  T/G      -1.77      0.39      3.12     11.91     11.21     40.59
  11  G/C      -1.03      0.64      4.03     -2.27    -18.86     34.83
          ~~~~~~~~~~~~~~~~~~~~~~~~~~~~~~~~~~~~~~~~~~~~~~~~~~~~~~~~~~~~
      ave.      0.07      0.06      3.26      0.40      7.44     36.70
      s.d.      1.44      1.01      0.59      8.06     13.56      3.13
****************************************************************************
xyz coordinates of C1' atoms

    bp        xI       yI       zI       xII      yII      zII
   1 C-G    20.932   34.073   -5.079   13.971   31.711    2.354
   2 G-C    16.143   37.502   -6.296   16.453   35.930    3.994
   3 C-G    13.739   39.482   -4.208   19.771   40.016    4.273
   4 G-C    10.952   42.260   -0.297   20.489   44.680    3.449
   5 A-T    12.286   45.272    3.656   21.323   48.985    0.463
   6 A-T    14.575   48.678    5.709   20.040   52.324   -2.207
   7 A-T    17.438   52.446    5.283   17.132   55.206   -4.693
   8 A-T    18.996   56.810    3.004   12.588   57.715   -4.902
   9 A-T    18.750   60.294    0.332    8.709   59.769   -2.878
  10 A-T    16.563   63.644   -2.102    6.609   62.361    0.642
  11 C-G    13.266   67.158   -2.309    6.355   65.537    5.252
  12 G-C    10.080   70.071   -0.366    9.390   66.483    9.463
****************************************************************************
xyz coordinates of RN9/YN1 atoms

    bp        xI       yI       zI       xII      yII      zII
   1 C-G    21.108   34.307   -3.634   15.403   31.942    2.435
   2 G-C    17.284   37.685   -5.358   17.650   36.145    3.160
   3 C-G    14.959   40.351   -4.198   20.198   40.386    2.892
   4 G-C    12.099   42.710   -1.079   20.158   44.554    1.992
   5 A-T    12.555   45.636    2.239   20.279   48.473   -0.454
   6 A-T    14.021   48.989    4.362   18.724   51.663   -2.383
   7 A-T    16.190   52.650    4.516   15.999   54.605   -3.914
   8 A-T    17.555   56.586    3.194   12.214   57.106   -3.597
   9 A-T    17.562   60.180    1.215    9.237   59.427   -1.536
  10 A-T    16.148   63.486   -0.689    7.761   62.155    1.568
  11 C-G    13.647   66.863   -0.904    7.778   65.209    5.207
  12 G-C    11.152   69.827    0.616   10.661   66.815    8.744
****************************************************************************
xyz coordinates of RC8/YC6 atoms

    bp        xI       yI       zI       xII      yII      zII
   1 C-G    22.249   34.890   -3.157   16.250   31.702    3.483
   2 G-C    18.541   38.188   -5.569   18.893   36.046    3.698
   3 C-G    15.386   41.012   -5.308   21.419   40.738    2.406
   4 G-C    12.173   43.125   -2.382   21.050   44.862    1.005
   5 A-T    11.680   45.746    1.190   20.427   48.606   -1.783
   6 A-T    12.727   48.956    3.901   18.100   51.625   -3.598
   7 A-T    14.893   52.534    4.934   14.815   54.305   -4.505
   8 A-T    16.826   56.392    4.346   11.002   56.491   -3.416
   9 A-T    17.490   60.106    2.569    8.459   58.785   -0.623
  10 A-T    16.893   63.569    0.460    7.518   61.792    2.852
  11 C-G    14.906   67.117   -0.441    8.568   64.779    6.218
  12 G-C    12.504   69.964    0.476   11.875   66.498    9.288
****************************************************************************
xyz coordinates of O1P atoms w.r.t. the middle frame of each dimer

    step       xI      yI      zI     xII     yII     zII
   1 CG/CG   -4.27    8.57   -3.32   -2.90    9.50   -2.10
   2 GC/GC   -4.12    9.81   -2.01   -2.76    9.67   -1.37
   3 CG/CG   -2.59   10.19    0.84   -4.48    9.54   -1.65
   4 GA/TC   -3.65    9.76    1.44   -4.15    9.79   -0.73
   5 AA/TT   -4.37    9.63   -0.43   -4.04   10.12   -0.77
   6 AA/TT   -4.42    9.58   -0.20   -4.42    9.51   -0.63
   7 AA/TT   -4.03    9.96   -1.42   -4.72    9.55   -0.85
   8 AA/TT   -4.23    9.73   -2.10   -4.41    9.76   -1.31
   9 AA/TT   -5.04    9.34   -1.89   -3.88   10.18   -0.99
  10 AC/GT   -4.93    9.74   -0.48   -3.48    9.81    0.72
  11 CG/CG   -3.62   10.15    0.80   -3.14    9.79    1.81
****************************************************************************
xyz coordinates of O1P atoms w.r.t. the middle helix frame of each dimer

    step      xIH     yIH     zIH     xIIH    yIIH    zIIH
   1 CG/CG   -2.15    9.84   -1.99   -1.07    8.92   -0.08
   2 GC/GC   -2.39    7.71   -3.35   -0.84   11.00   -2.96
   3 CG/CG   -2.83   11.13    3.36   -4.68    8.15    0.93
   4 GA/TC   -4.08    8.97    1.75   -4.63   10.57   -1.03
   5 AA/TT   -3.89   10.05   -2.08   -3.68    9.29   -2.11
   6 AA/TT   -4.83    9.72   -1.15   -4.89    9.24   -1.20
   7 AA/TT   -4.70   10.29   -1.01   -5.53    9.34    0.45
   8 AA/TT   -4.42   10.20   -1.75   -4.58    9.40   -1.01
   9 AA/TT   -5.28    7.59   -0.89   -3.35   11.83   -2.30
  10 AC/GT   -6.54    9.85    1.21   -4.97    9.27    2.87
  11 CG/CG   -6.21    9.05    2.03   -5.29   10.21    3.67
****************************************************************************
xyz coordinates of O2P atoms w.r.t. the middle frame of each dimer

    step       xI      yI      zI     xII     yII     zII
   1 CG/CG   -2.38    9.07   -1.73   -0.94    8.99   -0.43
   2 GC/GC   -2.02    9.67   -0.52   -1.68    9.28    0.93
   3 CG/CG   -0.82    8.57    1.68   -2.32    9.44   -0.22
   4 GA/TC   -2.37    7.67    2.20   -2.05    9.21    0.74
   5 AA/TT   -2.37    9.43    1.15   -1.88    9.37    0.48
   6 AA/TT   -2.24    9.14    1.12   -2.23    9.30    0.71
   7 AA/TT   -2.39    8.83    0.14   -2.60    9.36    0.64
   8 AA/TT   -2.17    9.34   -0.57   -2.36    9.42    0.18
   9 AA/TT   -3.03    9.60   -0.27   -1.82    9.94    0.44
  10 AC/GT   -2.61    9.76    0.75   -1.43    8.67    1.77
  11 CG/CG   -1.18    9.53    1.38   -1.24    8.27    2.65
****************************************************************************
xyz coordinates of O2P atoms w.r.t. the middle helix frame of each dimer

    step      xIH     yIH     zIH     xIIH    yIIH    zIIH
   1 CG/CG   -0.39   10.04   -0.20    1.01    8.13    1.31
   2 GC/GC   -0.23    7.80   -1.94    0.15   10.98   -0.59
   3 CG/CG   -1.07    9.34    3.80   -2.49    7.70    2.24
   4 GA/TC   -2.75    6.88    2.40   -2.66   10.00    0.60
   5 AA/TT   -1.96   10.10   -0.40   -1.46    8.73   -0.86
   6 AA/TT   -2.70    9.39    0.29   -2.65    9.14    0.07
   7 AA/TT   -3.23    9.02    0.62   -3.27    9.04    1.69
   8 AA/TT   -2.35    9.75   -0.25   -2.54    9.00    0.48
   9 AA/TT   -2.93    7.90    0.17   -1.71   11.64   -0.38
  10 AC/GT   -4.30    9.61    2.55   -2.87    7.95    3.55
  11 CG/CG   -3.85    8.33    2.76   -3.33    8.60    4.06
****************************************************************************
xyz coordinates of P atoms w.r.t. the middle frame of each dimer

    step       xI      yI      zI     xII     yII     zII
   1 CG/CG   -3.33    8.08   -2.27   -2.10    8.55   -1.27
   2 GC/GC   -3.22    9.03   -1.12   -2.39    8.77   -0.26
   3 CG/CG   -2.03    8.83    0.86   -3.37    8.76   -1.04
   4 GA/TC   -3.08    8.43    1.14   -2.96    8.94   -0.42
   5 AA/TT   -3.25    8.85    0.12   -3.03    9.09   -0.43
   6 AA/TT   -3.22    8.76    0.07   -3.17    8.80   -0.31
   7 AA/TT   -3.28    8.76   -1.05   -3.52    8.80   -0.40
   8 AA/TT   -3.17    8.83   -1.56   -3.43    8.85   -0.68
   9 AA/TT   -3.92    8.75   -1.10   -2.82    9.31   -0.45
  10 AC/GT   -3.71    9.04    0.03   -2.50    8.69    0.76
  11 CG/CG   -2.50    9.17    0.78   -2.35    8.53    1.69
****************************************************************************
xyz coordinates of P atoms w.r.t. the middle helix frame of each dimer

    step      xIH     yIH     zIH     xIIH    yIIH    zIIH
   1 CG/CG   -1.29    9.17   -0.99   -0.21    7.84    0.50
   2 GC/GC   -1.45    7.09   -2.39   -0.51   10.28   -1.71
   3 CG/CG   -2.27    9.80    3.05   -3.56    7.24    1.30
   4 GA/TC   -3.53    7.64    1.41   -3.48    9.72   -0.63
   5 AA/TT   -2.79    9.36   -1.36   -2.65    8.32   -1.67
   6 AA/TT   -3.64    8.92   -0.77   -3.63    8.56   -0.88
   7 AA/TT   -3.98    9.05   -0.66   -4.30    8.56    0.71
   8 AA/TT   -3.36    9.28   -1.25   -3.61    8.46   -0.41
   9 AA/TT   -3.99    7.02   -0.38   -2.46   10.98   -1.47
  10 AC/GT   -5.35    9.05    1.63   -4.00    8.16    2.62
  11 CG/CG   -5.09    8.08    1.97   -4.53    9.00    3.28
****************************************************************************
xyz coordinates of P atoms

    bp        xI       yI       zI       xII      yII      zII
   1 C-G     ----     ----     ----    13.718   33.935    6.768
   2 G-C    19.087   35.143   -9.366   19.167   37.468    7.727
   3 C-G    12.916   38.550   -8.981   22.335   43.299    7.053
   4 G-C     9.212   41.284   -4.564   24.770   47.642    2.828
   5 A-T     7.972   43.221    2.259   24.296   51.855   -2.711
   6 A-T    10.920   45.509    7.415   20.491   54.680   -6.806
   7 A-T    15.661   49.862    9.369   14.413   57.055   -8.736
   8 A-T    20.489   54.084    7.534    8.003   58.675   -6.976
   9 A-T    22.506   58.803    3.376    3.504   60.269   -1.766
  10 A-T    21.524   62.497   -2.146    3.528   61.799    4.605
  11 C-G    17.457   66.328   -5.483    6.504   62.967    9.837
  12 G-C    13.031   70.920   -4.782    ----     ----     ---- 
*******************************************************************************************
Phosphorus-phosphorus distance in Angstroms

            1      2      3      4      5      6      7      8      9     10     11     12
            G      C      G      C      T      T      T      T      T      T      G      C   
   1 C    ----   ----   ----   ----   ----   ----   ----   ----   ----   ----   ----   ----
   2 G    17.0   17.3   18.6   18.4   18.7   19.8   22.4   26.1   30.5   33.9   36.1   ----
   3 C    16.4   17.9   19.2   19.0   18.6   18.0   18.6   20.8   24.7   28.5   31.5   ----
   4 G    14.2   16.3   17.6   18.4   18.5   17.7   17.1   17.6   20.0   23.2   26.2   ----
   5 A    11.8   13.7   15.1   17.4   19.1   19.2   18.8   18.0   18.1   19.2   21.2   ----
   6 A    11.9   11.5   11.6   14.7   17.9   19.4   20.2   19.7   18.9   18.1   18.2   ----
   7 A    16.3   13.0    9.6   11.4   15.0   17.6   19.5   20.1   19.5   17.7   16.0   ----
   8 A    21.3   16.7   11.0    9.1   11.2   14.4   17.6   19.7   20.3   18.9   16.7   ----
   9 A    26.6   22.0   15.9   11.4    9.4   11.2   14.7   17.8   19.7   19.3   17.8   ----
  10 A    30.9   27.0   21.3   16.0   11.0    9.2   11.1   14.9   18.2   19.2   19.2   ----
  11 C    34.8   31.8   26.7   21.7   16.2   12.1   10.3   12.3   15.7   17.8   19.1   ----
  12 G    38.8   36.2   31.5   27.2   22.2   18.0   14.5   13.4   14.6   16.2   17.9   ----
****************************************************************************
Strand I helix radius

    step          P        O4'       C1'
   1  C/G      10.21      7.65      6.82
   2  G/C       6.55      3.07      2.64
   3  C/G      12.29     10.53      9.47
   4  G/A       8.23      5.70      5.08
   5  A/A       9.81      6.55      6.17
   6  A/A       8.99      5.81      5.46
   7  A/A       9.34      6.21      5.74
   8  A/A       9.96      6.73      6.26
   9  A/A       8.74      5.59      4.95
  10  A/C      10.67      7.54      6.83
  11  C/G       8.15      7.03      6.39
****************************************************************************
Strand II helix radius

    step          P        O4'       C1'
   1  G/C       8.65      5.52      5.17
   2  C/G       9.66      6.53      6.38
   3  G/C       9.90      6.77      6.22
   4  C/T      10.43      7.51      6.89
   5  T/T       8.48      5.11      4.56
   6  T/T       8.82      5.84      5.36
   7  T/T       9.06      6.38      5.66
   8  T/T       9.09      6.02      5.38
   9  T/T      11.46      8.16      7.59
  10  T/G       8.92      7.34      6.55
  11  G/C       8.69      6.85      5.89
****************************************************************************************
Base-pair helix axis

               Ox      Oy      Oz     Xx    Xy    Xz   Yx    Yy    Yz    Zx    Zy    Zz
   1 CG/CG   17.01   33.30   -0.48  0.77  0.06  0.64  0.63  0.13 -0.77 -0.13  0.99  0.06
             16.49   37.25   -0.23  0.99  0.12  0.08  0.08  0.07 -0.99 -0.13  0.99  0.06
   2 GC/GC   16.62   37.84   -2.75  0.96  0.24  0.11 -0.00  0.42 -0.91 -0.26  0.88  0.40
             15.83   40.45   -1.55  0.67  0.46 -0.57 -0.69  0.12 -0.71 -0.26  0.88  0.40
   3 CG/CG   19.37   41.66   -0.28  0.70  0.41 -0.59 -0.53 -0.27 -0.81 -0.49  0.87  0.03
             17.92   44.24   -0.20  0.35  0.22 -0.91 -0.80 -0.44 -0.41 -0.49  0.87  0.03
   4 GA/TC   16.05   43.56   -1.50  0.31  0.32 -0.89 -0.90 -0.19 -0.39 -0.30  0.93  0.23
             15.13   46.43   -0.79 -0.36  0.11 -0.93 -0.88 -0.36  0.30 -0.30  0.93  0.23
   5 AA/TT   16.82   46.80   -0.27 -0.32 -0.01 -0.95 -0.93 -0.20  0.32 -0.20  0.98  0.05
             16.16   50.09   -0.09 -0.78 -0.12 -0.62 -0.60 -0.16  0.79 -0.20  0.98  0.05
   6 AA/TT   15.19   49.92   -0.30 -0.78 -0.12 -0.62 -0.58 -0.24  0.78 -0.24  0.96  0.11
             14.38   53.21    0.09 -0.97 -0.24 -0.01  0.01 -0.11  0.99 -0.24  0.96  0.11
   7 AA/TT   14.02   53.11    0.04 -0.95 -0.30 -0.03  0.05 -0.28  0.96 -0.30  0.91  0.28
             12.99   56.26    1.01 -0.72 -0.41  0.56  0.63 -0.03  0.78 -0.30  0.91  0.28
   8 AA/TT   13.34   56.53    0.50 -0.75 -0.30  0.59  0.61  0.02  0.79 -0.24  0.95  0.17
             12.52   59.71    1.07 -0.29 -0.24  0.93  0.92  0.18  0.34 -0.24  0.95  0.17
   9 AA/TT   14.63   60.27    1.54 -0.36  0.01  0.93  0.91  0.24  0.35 -0.22  0.97 -0.10
             14.02   62.89    1.28  0.22  0.15  0.96  0.95  0.20 -0.24 -0.22  0.97 -0.10
  10 AC/GT   12.61   62.28    3.47  0.26 -0.17  0.95  0.96 -0.05 -0.28  0.09  0.98  0.15
             12.89   65.15    3.91  0.78 -0.17  0.60  0.61  0.06 -0.79  0.09  0.98  0.15
  11 CG/CG   14.23   64.99    3.54  0.78 -0.22  0.58  0.61  0.11 -0.78  0.11  0.97  0.22
             14.63   68.58    4.34  0.99 -0.13  0.09  0.12  0.20 -0.97  0.11  0.97  0.22
****************************************************************************************
Strand I helix axis

               Ox      Oy      Oz     Xx    Xy    Xz   Yx    Yy    Yz    Zx    Zy    Zz
   1  C/G    17.50   33.31    0.88  0.70  0.16  0.69  0.70  0.03 -0.72 -0.14  0.99 -0.10
             16.95   37.26    0.50  0.98  0.15  0.14  0.15 -0.08 -0.99 -0.14  0.99 -0.10
   2  G/C    16.17   37.94   -3.23  0.98  0.19  0.10  0.01  0.41 -0.91 -0.22  0.89  0.40
             15.45   40.93   -1.90  0.66  0.43 -0.61 -0.72  0.13 -0.68 -0.22  0.89  0.40
   3  C/G    20.83   43.20    1.02  0.80  0.18 -0.57 -0.45 -0.44 -0.78 -0.39  0.88 -0.27
             19.91   45.28    0.39  0.48 -0.06 -0.88 -0.79 -0.47 -0.40 -0.39  0.88 -0.27
   4  G/A    15.82   43.54   -1.08  0.35  0.29 -0.89 -0.90 -0.13 -0.40 -0.24  0.95  0.21
             15.02   46.74   -0.37 -0.38  0.11 -0.92 -0.89 -0.30  0.34 -0.24  0.95  0.21
   5  A/A    16.45   47.10   -0.54 -0.37  0.04 -0.93 -0.91 -0.22  0.36 -0.19  0.97  0.12
             15.82   50.27   -0.16 -0.79 -0.08 -0.60 -0.58 -0.21  0.79 -0.19  0.97  0.12
   6  A/A    14.97   50.06    0.38 -0.80 -0.06 -0.60 -0.58 -0.18  0.80 -0.15  0.98  0.11
             14.46   53.28    0.73 -0.99 -0.16  0.01  0.03 -0.10  0.99 -0.15  0.98  0.11
   7  A/A    14.20   53.17    0.58 -0.98 -0.21 -0.00  0.04 -0.23  0.97 -0.20  0.95  0.23
             13.56   56.15    1.32 -0.72 -0.31  0.62  0.66 -0.04  0.75 -0.20  0.95  0.23
   8  A/A    13.26   56.27    0.54 -0.73 -0.26  0.63  0.65  0.03  0.76 -0.21  0.97  0.14
             12.58   59.36    1.00 -0.31 -0.21  0.93  0.93  0.15  0.35 -0.21  0.97  0.14
   9  A/A    13.98   59.60    1.42 -0.33 -0.13  0.94  0.93  0.14  0.34 -0.17  0.98  0.07
             13.39   62.90    1.66  0.29 -0.02  0.96  0.94  0.19 -0.28 -0.17  0.98  0.07
  10  A/C    12.59   62.17    3.22  0.30 -0.34  0.89  0.95 -0.02 -0.32  0.13  0.94  0.32
             12.94   64.78    4.11  0.77 -0.29  0.56  0.62  0.17 -0.76  0.13  0.94  0.32
  11  C/G    16.12   65.98    3.75  0.71  0.19  0.68  0.69  0.01 -0.73 -0.15  0.98 -0.12
             15.66   69.02    3.37  0.97  0.17  0.19  0.20 -0.09 -0.98 -0.15  0.98 -0.12
****************************************************************************************
Strand II helix axis

               Ox      Oy      Oz     Xx    Xy    Xz   Yx    Yy    Yz    Zx    Zy    Zz
   1  G/C    16.37   33.60   -1.84  0.81 -0.04  0.59  0.58  0.25 -0.78 -0.12  0.97  0.22
             15.91   37.43   -0.96  0.99  0.11  0.05  0.02  0.23 -0.97 -0.12  0.97  0.22
   2  C/G    17.18   37.69   -2.23  0.94  0.30  0.13 -0.01  0.42 -0.91 -0.33  0.86  0.40
             16.29   39.98   -1.16  0.68  0.51 -0.53 -0.66  0.10 -0.75 -0.33  0.86  0.40
   3  G/C    17.74   40.56   -1.56  0.62  0.58 -0.53 -0.58 -0.11 -0.80 -0.52  0.81  0.27
             16.10   43.09   -0.70  0.20  0.43 -0.88 -0.83 -0.41 -0.39 -0.52  0.81  0.27
   4  C/T    16.19   43.63   -1.92  0.25  0.37 -0.89 -0.90 -0.24 -0.36 -0.35  0.90  0.27
             15.20   46.15   -1.15 -0.35  0.14 -0.92 -0.87 -0.42  0.27 -0.35  0.90  0.27
   5  T/T    17.19   46.54   -0.07 -0.26 -0.06 -0.96 -0.94 -0.20  0.27 -0.21  0.98 -0.01
             16.46   49.92   -0.10 -0.75 -0.17 -0.63 -0.62 -0.13  0.77 -0.21  0.98 -0.01
   6  T/T    15.41   49.86   -1.01 -0.75 -0.18 -0.63 -0.57 -0.29  0.76 -0.32  0.94  0.12
             14.30   53.11   -0.59 -0.95 -0.32 -0.04 -0.00 -0.13  0.99 -0.32  0.94  0.12
   7  T/T    13.74   53.07   -0.61 -0.92 -0.38 -0.06  0.07 -0.32  0.94 -0.38  0.86  0.33
             12.33   56.27    0.60 -0.70 -0.50  0.51  0.60 -0.03  0.80 -0.38  0.86  0.33
   8  T/T    13.38   56.81    0.34 -0.76 -0.36  0.54  0.58  0.00  0.81 -0.29  0.93  0.21
             12.36   60.05    1.06 -0.27 -0.29  0.92  0.92  0.21  0.34 -0.29  0.93  0.21
   9  T/T    14.95   60.91    1.65 -0.43  0.16  0.89  0.86  0.36  0.35 -0.26  0.92 -0.29
             14.42   62.76    1.07  0.13  0.33  0.93  0.96  0.21 -0.21 -0.26  0.92 -0.29
  10  T/G    12.47   62.39    3.65  0.23 -0.04  0.97  0.97 -0.08 -0.24  0.09  1.00  0.02
             12.74   65.50    3.72  0.81 -0.08  0.58  0.58 -0.03 -0.81  0.09  1.00  0.02
  11  G/C    11.87   64.92    3.29  0.71 -0.56  0.42  0.61  0.21 -0.76  0.34  0.80  0.49
             13.25   68.14    5.28  0.93 -0.34 -0.09  0.10  0.49 -0.87  0.34  0.80  0.49
