  12 # base-pairs
   1 # ***local base-pair & helical parameters***
#        Shear    Stretch   Stagger   Buckle   Prop-Tw   Opening     X-disp    Y-disp    h-Rise    Incl.     Tip     h-Twist
C-G      0.611    -0.509     0.044    -6.229   -26.082    -2.196     0.000     0.000     0.000     0.000     0.000     0.000
G-C     -0.915    -0.481    -0.223   -10.948   -15.887    -1.935     2.009     0.822     3.991    11.147    -4.596    35.125
C-G      0.514    -0.230     0.448    -5.936   -17.862     2.299     1.990    -1.812     2.983    -9.715     2.354    45.625
G-C     -0.333    -0.317     0.180     9.924   -12.293    -3.663    -0.202     1.536     2.968    15.274    -1.222    29.617
A-T      0.022    -0.229     0.683    11.894   -17.271     3.327    -0.596    -0.839     3.100     0.147     4.871    41.294
A-T     -0.139    -0.353     0.401     7.971   -14.841     0.371     0.445     0.638     3.362    -9.094    -2.698    33.499
A-T      0.160    -0.342     0.163     2.180   -17.536     0.912    -0.459     0.203     3.403    -4.834    -2.621    37.532
A-T      0.141    -0.255    -0.461    -5.459   -18.456     5.312    -0.839     0.236     3.459     5.060    -6.460    38.091
A-T     -0.126    -0.267    -0.757    -8.832   -17.673    -0.944    -0.187     0.423     3.332     1.972     0.329    33.131
A-T     -0.079    -0.117     0.268     2.517   -13.657     4.993     0.120    -1.783     2.702    -2.137    15.243    34.477
C-G      0.772    -0.483    -0.168    11.989   -19.864    -1.518    -1.675     0.192     2.918    12.162    -3.355    36.449
G-C     -0.622    -0.463    -0.034   -11.553    -7.018    -3.943    -2.537    -0.900     3.699     9.586    -6.338    31.428
