  12 # base-pairs
   0 # ***local base-pair & step parameters***
#        Shear    Stretch   Stagger   Buckle   Prop-Tw   Opening     Shift     Slide     Rise      Tilt      Roll      Twist
C-G      0.611    -0.509     0.044    -6.229   -26.082    -2.196     0.000     0.000     0.000     0.000     0.000     0.000
G-C     -0.915    -0.481    -0.223   -10.948   -15.887    -1.935    -0.200     1.931     3.725     2.755     6.682    34.396
C-G      0.514    -0.230     0.448    -5.936   -17.862     2.299     1.287     1.055     3.238    -1.818    -7.501    45.002
G-C     -0.333    -0.317     0.180     9.924   -12.293    -3.663    -0.724     0.660     2.911     0.618     7.721    28.608
A-T      0.022    -0.229     0.683    11.894   -17.271     3.327     0.343    -0.413     3.138    -3.432     0.103    41.157
A-T     -0.139    -0.353     0.401     7.971   -14.841     0.371    -0.215    -0.257     3.375     1.549    -5.220    33.066
A-T      0.160    -0.342     0.163     2.180   -17.536     0.912     0.016    -0.566     3.371     1.684    -3.106    37.371
A-T      0.141    -0.255    -0.461    -5.459   -18.456     5.312     0.217    -0.257     3.490     4.203     3.292    37.729
A-T     -0.126    -0.267    -0.757    -8.832   -17.673    -0.944    -0.260     0.004     3.332    -0.187     1.125    33.112
A-T     -0.079    -0.117     0.268     2.517   -13.657     4.993     0.342    -0.029     2.882    -8.935    -1.253    33.310
C-G      0.772    -0.483    -0.168    11.989   -19.864    -1.518     0.047    -0.441     3.071     2.083     7.552    35.625
G-C     -0.622    -0.463    -0.034   -11.553    -7.018    -3.943     0.889    -0.768     3.799     3.412     5.160    30.828
