****************************************************************************
CEHS base-pair parameters
     bp        Shear    Stretch   Stagger    Buckle  Propeller  Opening
    1 C-G       0.61     -0.51      0.05     -6.18    -26.11     -2.14
    2 G-C      -0.91     -0.49     -0.22    -10.91    -15.94     -1.91
    3 C-G       0.51     -0.23      0.45     -5.91    -17.88      2.27
    4 G-C      -0.33     -0.32      0.18      9.91    -12.33     -3.63
    5 A-T       0.02     -0.23      0.68     11.85    -17.34      3.28
    6 A-T      -0.14     -0.35      0.40      7.95    -14.86      0.37
    7 A-T       0.16     -0.34      0.16      2.17    -17.54      0.90
    8 A-T       0.14     -0.25     -0.46     -5.44    -18.49      5.24
    9 A-T      -0.12     -0.27     -0.76     -8.80    -17.71     -0.93
   10 A-T      -0.08     -0.12      0.27      2.51    -13.67      4.96
   11 C-G       0.77     -0.49     -0.17     11.93    -19.94     -1.49
   12 G-C      -0.62     -0.46     -0.03    -11.55     -7.05     -3.92
          ~~~~~~~~~~~~~~~~~~~~~~~~~~~~~~~~~~~~~~~~~~~~~~~~~~~~~~~~~~~~
      ave.      0.00     -0.34      0.05     -0.21    -16.57      0.25
      s.d.      0.49      0.13      0.40      8.98      4.58      3.13
****************************************************************************
CEHS base-pair step parameters
    step       Shift     Slide      Rise      Tilt      Roll     Twist
   1 CG/CG     -0.21      1.94      3.72      2.63      6.80     34.34
   2 GC/GC      1.28      1.06      3.24     -2.06     -7.46     45.15
   3 CG/CG     -0.73      0.66      2.91      0.96      7.77     29.11
   4 GA/TC      0.34     -0.41      3.14     -3.85     -0.05     41.35
   5 AA/TT     -0.22     -0.26      3.37      1.76     -5.23     32.86
   6 AA/TT      0.02     -0.57      3.37      1.63     -3.14     37.19
   7 AA/TT      0.22     -0.27      3.49      3.84      3.20     37.44
   8 AA/TT     -0.26     -0.01      3.33      0.27      0.95     32.99
   9 AA/TT      0.35     -0.03      2.88     -9.27     -1.35     33.74
  10 AC/GT      0.04     -0.45      3.07      2.53      7.55     36.09
  11 CG/CG      0.89     -0.76      3.80      3.43      5.08     30.12
          ~~~~~~~~~~~~~~~~~~~~~~~~~~~~~~~~~~~~~~~~~~~~~~~~~~~~~~~~~~~~
      ave.      0.16      0.08      3.30      0.17      1.28     35.49
      s.d.      0.56      0.82      0.30      3.89      5.26      4.71
****************************************************************************
CompDNA base-pair parameters
     bp        Shear    Stretch   Stagger    Buckle  Propeller  Opening
    1 C-G       0.61     -0.51      0.04     -6.02    -26.11     -2.14
    2 G-C      -0.91     -0.49     -0.22    -10.81    -15.93     -1.93
    3 C-G       0.51     -0.23      0.45     -5.84    -17.88      2.27
    4 G-C      -0.33     -0.32      0.18      9.85    -12.32     -3.66
    5 A-T       0.02     -0.23      0.68     11.71    -17.33      3.31
    6 A-T      -0.14     -0.35      0.40      7.88    -14.86      0.37
    7 A-T       0.16     -0.34      0.16      2.15    -17.54      0.90
    8 A-T       0.14     -0.25     -0.46     -5.37    -18.47      5.25
    9 A-T      -0.12     -0.27     -0.76     -8.69    -17.71     -0.94
   10 A-T      -0.08     -0.12      0.27      2.49    -13.66      4.96
   11 C-G       0.77     -0.49     -0.17     11.75    -19.94     -1.50
   12 G-C      -0.62     -0.46     -0.03    -11.52     -7.04     -3.96
          ~~~~~~~~~~~~~~~~~~~~~~~~~~~~~~~~~~~~~~~~~~~~~~~~~~~~~~~~~~~~
      ave.      0.00     -0.34      0.05     -0.20    -16.57      0.25
      s.d.      0.49      0.13      0.40      8.89      4.58      3.15
****************************************************************************
CompDNA base-pair step parameters
    step       Shift     Slide      Rise      Tilt      Roll     Twist
   1 CG/CG     -0.21      1.93      3.72      2.71      6.70     34.32
   2 GC/GC      1.28      1.06      3.24     -1.77     -7.51     45.07
   3 CG/CG     -0.72      0.66      2.91      0.62      7.72     29.04
   4 GA/TC      0.34     -0.41      3.14     -3.43      0.12     41.36
   5 AA/TT     -0.22     -0.26      3.37      1.51     -5.23     32.85
   6 AA/TT      0.01     -0.57      3.37      1.67     -3.11     37.19
   7 AA/TT      0.22     -0.26      3.49      4.20      3.30     37.44
   8 AA/TT     -0.26      0.00      3.33     -0.19      1.12     32.99
   9 AA/TT      0.34     -0.03      2.88     -8.93     -1.28     33.82
  10 AC/GT      0.05     -0.44      3.07      2.12      7.54     36.00
  11 CG/CG      0.89     -0.77      3.80      3.42      5.15     30.11
          ~~~~~~~~~~~~~~~~~~~~~~~~~~~~~~~~~~~~~~~~~~~~~~~~~~~~~~~~~~~~
      ave.      0.16      0.08      3.30      0.17      1.32     35.47
      s.d.      0.56      0.81      0.30      3.76      5.25      4.70
****************************************************************************
Curves base-pair parameters (by Xiang-Jun Lu)
     bp        Shear    Stretch   Stagger    Buckle  Propeller  Opening
    1 C-G       0.61     -0.51      0.05     -6.51    -26.03     -2.20
    2 G-C      -0.92     -0.48     -0.23    -11.12    -15.79     -1.94
    3 C-G       0.51     -0.23      0.45     -6.06    -17.83      2.30
    4 G-C      -0.33     -0.32      0.18     10.02    -12.23     -3.66
    5 A-T       0.02     -0.23      0.69     12.12    -17.14      3.33
    6 A-T      -0.14     -0.35      0.41      8.08    -14.79      0.37
    7 A-T       0.16     -0.34      0.16      2.22    -17.53      0.91
    8 A-T       0.14     -0.26     -0.47     -5.58    -18.43      5.31
    9 A-T      -0.13     -0.27     -0.77     -9.01    -17.60     -0.94
   10 A-T      -0.08     -0.12      0.27      2.55    -13.65      4.99
   11 C-G       0.78     -0.48     -0.17     12.29    -19.72     -1.52
   12 G-C      -0.62     -0.46     -0.03    -11.59     -6.97     -3.94
          ~~~~~~~~~~~~~~~~~~~~~~~~~~~~~~~~~~~~~~~~~~~~~~~~~~~~~~~~~~~~
      ave.      0.00     -0.34      0.05     -0.21    -16.48      0.25
      s.d.      0.49      0.12      0.41      9.17      4.57      3.17
****************************************************************************
Curves base-pair step parameters
    step       Shift     Slide      Rise      Tilt      Roll     Twist
   1 CG/CG     -0.19      1.93      3.73      2.81      6.66     34.42
   2 GC/GC      1.29      1.05      3.24     -1.86     -7.49     44.85
   3 CG/CG     -0.72      0.66      2.92      0.62      7.72     28.11
   4 GA/TC      0.35     -0.41      3.14     -3.43      0.08     40.97
   5 AA/TT     -0.21     -0.26      3.38      1.58     -5.21     33.26
   6 AA/TT      0.02     -0.57      3.37      1.69     -3.10     37.55
   7 AA/TT      0.22     -0.26      3.49      4.21      3.28     38.04
   8 AA/TT     -0.26      0.00      3.33     -0.18      1.13     33.23
   9 AA/TT      0.34     -0.03      2.89     -8.94     -1.23     32.89
  10 AC/GT      0.05     -0.44      3.08      2.05      7.56     35.17
  11 CG/CG      0.89     -0.77      3.80      3.40      5.17     31.53
          ~~~~~~~~~~~~~~~~~~~~~~~~~~~~~~~~~~~~~~~~~~~~~~~~~~~~~~~~~~~~
      ave.      0.16      0.08      3.31      0.18      1.33     35.46
      s.d.      0.56      0.81      0.30      3.77      5.24      4.65
****************************************************************************
FreeHelix base-pair parameters (by Xiang-Jun Lu)
     bp        Shear    Stretch   Stagger    Buckle  Propeller  Opening
    1 C-G       0.61     -0.51      0.04     -6.18    -26.14     -2.14
    2 G-C      -0.91     -0.49     -0.22    -10.91    -16.01     -1.93
    3 C-G       0.51     -0.23      0.45     -5.91    -17.90      2.27
    4 G-C      -0.33     -0.32      0.18      9.90    -12.37     -3.66
    5 A-T       0.02     -0.23      0.68     11.85    -17.42      3.31
    6 A-T      -0.14     -0.35      0.40      7.95    -14.90      0.37
    7 A-T       0.16     -0.34      0.16      2.17    -17.54      0.90
    8 A-T       0.14     -0.25     -0.46     -5.44    -18.49      5.25
    9 A-T      -0.12     -0.27     -0.76     -8.80    -17.76     -0.94
   10 A-T      -0.08     -0.12      0.27      2.51    -13.66      4.96
   11 C-G       0.77     -0.49     -0.17     11.93    -20.04     -1.50
   12 G-C      -0.62     -0.46     -0.03    -11.55     -7.08     -3.96
          ~~~~~~~~~~~~~~~~~~~~~~~~~~~~~~~~~~~~~~~~~~~~~~~~~~~~~~~~~~~~
      ave.      0.00     -0.34      0.05     -0.21    -16.61      0.25
      s.d.      0.49      0.13      0.40      8.98      4.59      3.15
****************************************************************************
FreeHelix base-pair step parameters
    step       Shift     Slide      Rise      Tilt      Roll     Twist
   1 CG/CG     -0.21      1.93      3.72      2.71      6.70     34.32
   2 GC/GC      1.28      1.06      3.24     -1.78     -7.51     45.07
   3 CG/CG     -0.72      0.66      2.91      0.62      7.72     29.04
   4 GA/TC      0.34     -0.41      3.14     -3.43      0.12     41.36
   5 AA/TT     -0.22     -0.26      3.37      1.52     -5.23     32.85
   6 AA/TT      0.01     -0.57      3.37      1.67     -3.11     37.19
   7 AA/TT      0.22     -0.26      3.49      4.20      3.30     37.43
   8 AA/TT     -0.26      0.00      3.33     -0.19      1.12     32.99
   9 AA/TT      0.34     -0.03      2.88     -8.93     -1.28     33.82
  10 AC/GT      0.05     -0.44      3.07      2.12      7.54     36.00
  11 CG/CG      0.89     -0.77      3.80      3.43      5.15     30.11
          ~~~~~~~~~~~~~~~~~~~~~~~~~~~~~~~~~~~~~~~~~~~~~~~~~~~~~~~~~~~~
      ave.      0.16      0.08      3.30      0.18      1.32     35.47
      s.d.      0.56      0.81      0.30      3.76      5.25      4.70
****************************************************************************
NGEOM base-pair parameters
     bp        Shear    Stretch   Stagger    Buckle  Propeller  Opening
    1 C-G       0.61     -0.51      0.05     -6.23    -26.08     -2.20
    2 G-C      -0.91     -0.48     -0.22    -10.95    -15.89     -1.94
    3 C-G       0.51     -0.23      0.45     -5.94    -17.86      2.30
    4 G-C      -0.33     -0.32      0.18      9.92    -12.29     -3.66
    5 A-T       0.02     -0.23      0.68     11.89    -17.27      3.33
    6 A-T      -0.14     -0.35      0.40      7.97    -14.84      0.37
    7 A-T       0.16     -0.34      0.16      2.18    -17.54      0.91
    8 A-T       0.14     -0.25     -0.46     -5.46    -18.46      5.31
    9 A-T      -0.13     -0.27     -0.76     -8.83    -17.67     -0.94
   10 A-T      -0.08     -0.12      0.27      2.52    -13.66      4.99
   11 C-G       0.77     -0.48     -0.17     11.99    -19.86     -1.52
   12 G-C      -0.62     -0.46     -0.03    -11.55     -7.02     -3.94
          ~~~~~~~~~~~~~~~~~~~~~~~~~~~~~~~~~~~~~~~~~~~~~~~~~~~~~~~~~~~~
      ave.      0.00     -0.34      0.05     -0.21    -16.54      0.25
      s.d.      0.49      0.12      0.40      9.01      4.58      3.17
****************************************************************************
NGEOM base-pair step parameters
    step       Shift     Slide      Rise      Tilt      Roll     Twist
   1 CG/CG     -0.19      1.96      3.71      2.76      6.68     34.40
   2 GC/GC      1.28      1.01      3.26     -1.82     -7.50     45.00
   3 CG/CG     -0.72      0.68      2.91      0.62      7.72     28.61
   4 GA/TC      0.33     -0.41      3.14     -3.43      0.10     41.16
   5 AA/TT     -0.21     -0.28      3.37      1.55     -5.22     33.07
   6 AA/TT      0.02     -0.58      3.37      1.68     -3.11     37.37
   7 AA/TT      0.24     -0.24      3.49      4.20      3.29     37.73
   8 AA/TT     -0.26      0.01      3.33     -0.19      1.12     33.11
   9 AA/TT      0.31     -0.03      2.89     -8.94     -1.25     33.31
  10 AC/GT      0.06     -0.41      3.07      2.08      7.55     35.63
  11 CG/CG      0.90     -0.74      3.80      3.41      5.16     30.83
          ~~~~~~~~~~~~~~~~~~~~~~~~~~~~~~~~~~~~~~~~~~~~~~~~~~~~~~~~~~~~
      ave.      0.16      0.09      3.30      0.18      1.32     35.47
      s.d.      0.56      0.81      0.29      3.76      5.25      4.67
****************************************************************************
NUPARM base-pair parameters
     bp        Shear    Stretch   Stagger    Buckle  Propeller  Opening
    1 C-G       0.61     -0.51      0.05     -6.18    -26.07     -2.14
    2 G-C      -0.92     -0.49     -0.22    -10.91    -15.86     -1.91
    3 C-G       0.51     -0.23      0.45     -5.91    -17.86      2.27
    4 G-C      -0.33     -0.32      0.18      9.91    -12.28     -3.63
    5 A-T       0.03     -0.23      0.68     11.85    -17.25      3.27
    6 A-T      -0.14     -0.35      0.40      7.95    -14.83      0.37
    7 A-T       0.16     -0.34      0.16      2.17    -17.54      0.90
    8 A-T       0.14     -0.25     -0.46     -5.44    -18.47      5.24
    9 A-T      -0.13     -0.27     -0.76     -8.80    -17.66     -0.93
   10 A-T      -0.08     -0.12      0.27      2.51    -13.67      4.96
   11 C-G       0.78     -0.49     -0.17     11.93    -19.83     -1.49
   12 G-C      -0.62     -0.46     -0.03    -11.55     -7.01     -3.92
          ~~~~~~~~~~~~~~~~~~~~~~~~~~~~~~~~~~~~~~~~~~~~~~~~~~~~~~~~~~~~
      ave.      0.00     -0.34      0.05     -0.21    -16.53      0.25
      s.d.      0.49      0.13      0.40      8.98      4.58      3.13
****************************************************************************
NUPARM base-pair step parameters
    step       Shift     Slide      Rise      Tilt      Roll     Twist
   1 CG/CG     -0.15      2.01      3.68      2.77      7.06     34.27
   2 GC/GC      1.27      0.97      3.27     -2.22     -7.98     45.04
   3 CG/CG     -0.73      0.71      2.90      0.96      8.08     29.04
   4 GA/TC      0.31     -0.42      3.14     -4.10     -0.27     41.32
   5 AA/TT     -0.19     -0.31      3.37      1.86     -5.35     32.82
   6 AA/TT      0.04     -0.60      3.36      1.73     -3.30     37.17
   7 AA/TT      0.26     -0.24      3.49      4.04      3.44     37.40
   8 AA/TT     -0.26      0.00      3.33      0.27      0.90     32.99
   9 AA/TT      0.28     -0.04      2.89     -9.65     -1.37     33.63
  10 AC/GT      0.07     -0.38      3.08      2.64      8.03     36.00
  11 CG/CG      0.93     -0.72      3.80      3.58      5.15     30.07
          ~~~~~~~~~~~~~~~~~~~~~~~~~~~~~~~~~~~~~~~~~~~~~~~~~~~~~~~~~~~~
      ave.      0.16      0.09      3.30      0.17      1.31     35.43
      s.d.      0.56      0.82      0.29      4.07      5.52      4.70
****************************************************************************
NUPARM base-pair helical parameters
    step       X-disp    Y-disp   h-Rise     Incl.       Tip   h-Twist
   1 CG/CG      2.06      0.82      4.00     11.30     -4.54     35.08
   2 GC/GC      2.00     -1.87      2.98     -9.60      2.74     45.77
   3 CG/CG     -0.25      1.64      2.97     15.71     -1.77     30.21
   4 GA/TC     -0.57     -0.89      3.09     -0.29      5.43     41.52
   5 AA/TT      0.42      0.69      3.36     -8.93     -3.23     33.29
   6 AA/TT     -0.47      0.20      3.40     -4.86     -2.59     37.35
   7 AA/TT     -0.87      0.19      3.46      4.97     -5.93     37.76
   8 AA/TT     -0.16      0.52      3.33      1.52     -0.47     33.01
   9 AA/TT      0.12     -1.85      2.69     -2.31     15.59     34.98
  10 AC/GT     -1.72      0.23      2.92     12.39     -3.85     36.98
  11 CG/CG     -2.57     -0.96      3.72      8.98     -6.48     30.66
          ~~~~~~~~~~~~~~~~~~~~~~~~~~~~~~~~~~~~~~~~~~~~~~~~~~~~~~~~~~~~
      ave.     -0.18     -0.12      3.27      2.63     -0.46     36.05
      s.d.      1.38      1.13      0.38      8.72      6.41      4.60
****************************************************************************
RNA base-pair parameters
     bp        Shear    Stretch   Stagger    Buckle  Propeller  Opening
    1 C-G       0.63     -0.52      0.05     -6.23    -26.08     -2.16
    2 G-C      -0.89     -0.50     -0.22    -10.95    -15.89     -1.92
    3 C-G       0.53     -0.24      0.44     -5.94    -17.86      2.28
    4 G-C      -0.35     -0.33      0.19      9.93    -12.29     -3.64
    5 A-T      -0.01     -0.25      0.67     11.90    -17.27      3.29
    6 A-T      -0.16     -0.36      0.40      7.97    -14.84      0.37
    7 A-T       0.15     -0.34      0.16      2.18    -17.54      0.90
    8 A-T       0.16     -0.26     -0.47     -5.46    -18.46      5.26
    9 A-T      -0.10     -0.28     -0.75     -8.83    -17.67     -0.93
   10 A-T      -0.08     -0.12      0.26      2.52    -13.66      4.97
   11 C-G       0.74     -0.50     -0.16     11.99    -19.86     -1.50
   12 G-C      -0.61     -0.48     -0.03    -11.56     -7.02     -3.92
          ~~~~~~~~~~~~~~~~~~~~~~~~~~~~~~~~~~~~~~~~~~~~~~~~~~~~~~~~~~~~
      ave.      0.00     -0.35      0.04     -0.21    -16.54      0.25
      s.d.      0.49      0.13      0.40      9.01      4.58      3.14
****************************************************************************
RNA base-pair step parameters
    step       Shift     Slide      Rise      Tilt      Roll     Twist
   1 CG/CG     -0.20      1.99      3.63      2.76      6.83     34.34
   2 GC/GC      1.23      1.00      3.33     -2.01     -7.63     44.93
   3 CG/CG     -0.63      0.69      3.15      0.78      7.85     28.56
   4 GA/TC      0.23     -0.40      3.17     -3.72     -0.06     41.15
   5 AA/TT     -0.18     -0.30      3.31      1.71     -5.25     33.03
   6 AA/TT      0.01     -0.59      3.28      1.70     -3.18     37.36
   7 AA/TT      0.17     -0.28      3.37      4.09      3.34     37.71
   8 AA/TT     -0.17     -0.02      3.28      0.04      1.01     33.11
   9 AA/TT      0.22     -0.06      3.06     -9.23     -1.31     33.24
  10 AC/GT      0.17     -0.43      3.23      2.32      7.71     35.58
  11 CG/CG      0.94     -0.72      3.43      3.46      5.12     30.79
          ~~~~~~~~~~~~~~~~~~~~~~~~~~~~~~~~~~~~~~~~~~~~~~~~~~~~~~~~~~~~
      ave.      0.16      0.08      3.29      0.17      1.31     35.44
      s.d.      0.53      0.82      0.15      3.88      5.34      4.67
****************************************************************************
RNA base-pair helical parameters
    step       X-disp    Y-disp   h-Rise     Incl.       Tip   h-Twist
   1 CG/CG      2.08      0.83      3.92     11.22     -4.54     35.12
   2 GC/GC      1.99     -1.77      3.06     -9.64      2.53     45.62
   3 CG/CG     -0.33      1.40      3.21     15.37     -1.53     29.63
   4 GA/TC     -0.56     -0.72      3.14     -0.09      5.16     41.31
   5 AA/TT      0.38      0.60      3.30     -9.03     -2.93     33.49
   6 AA/TT     -0.48      0.21      3.31     -4.85     -2.59     37.53
   7 AA/TT     -0.88      0.29      3.33      5.04     -6.17     38.08
   8 AA/TT     -0.20      0.31      3.28      1.75     -0.07     33.13
   9 AA/TT      0.09     -1.74      2.89     -2.20     15.51     34.53
  10 AC/GT     -1.77      0.06      3.07     12.22     -3.68     36.48
  11 CG/CG     -2.36     -1.04      3.35      9.40     -6.36     31.40
          ~~~~~~~~~~~~~~~~~~~~~~~~~~~~~~~~~~~~~~~~~~~~~~~~~~~~~~~~~~~~
      ave.     -0.19     -0.14      3.26      2.65     -0.42     36.03
      s.d.      1.35      1.04      0.26      8.68      6.34      4.55
****************************************************************************
Strand I base step parameters
    step       Shift     Slide      Rise      Tilt      Roll     Twist
   1  C/G      -1.17      1.63      4.00      6.63      9.28     34.22
   2  G/C       1.15      0.79      3.53      7.06    -11.96     45.95
   3  C/G      -1.48      0.69      3.24     12.00     11.08     24.66
   4  G/A      -0.35     -0.08      3.40      2.76      1.66     44.60
   5  A/A      -0.75     -0.09      3.38      4.27     -1.32     31.43
   6  A/A      -0.42     -0.43      3.32      4.17     -2.83     37.34
   7  A/A      -0.39     -0.21      3.27      6.53      2.20     39.07
   8  A/A      -0.74     -0.20      3.29      3.36     -0.60     29.75
   9  A/A      -0.32     -0.13      3.36      1.04     -0.27     36.72
  10  A/C      -0.02     -0.31      3.12     11.88      6.69     30.86
  11  C/G      -0.06     -0.72      3.62     -4.68     11.43     29.68
          ~~~~~~~~~~~~~~~~~~~~~~~~~~~~~~~~~~~~~~~~~~~~~~~~~~~~~~~~~~~~
      ave.     -0.41      0.09      3.41      5.00      2.31     34.93
      s.d.      0.68      0.68      0.24      4.73      6.98      6.56
****************************************************************************
Strand I base helical parameters
    step       X-disp    Y-disp   h-Rise     Incl.       Tip   h-Twist
   1  C/G       0.93      1.31      4.00     14.99    -10.71     36.07
   2  G/C       2.05     -2.59      3.35    -14.48     -8.55     48.00
   3  C/G      -0.88      3.51      2.36     22.74    -24.63     29.58
   4  G/A      -0.27     -1.07      3.37      2.13     -3.54     44.72
   5  A/A       0.09      0.38      3.25     -2.38     -7.73     31.74
   6  A/A      -0.28     -0.59      3.28     -4.32     -6.36     37.68
   7  A/A      -0.57     -0.46      3.14      3.20     -9.48     39.68
   8  A/A      -0.26      0.34      3.19     -1.16     -6.45     29.94
   9  A/A      -0.16     -1.15      3.35     -0.41     -1.62     36.73
  10  A/C      -1.58      0.10      2.79     11.70    -20.77     33.73
  11  C/G      -3.54     -2.62      3.09     20.92      8.55     32.14
          ~~~~~~~~~~~~~~~~~~~~~~~~~~~~~~~~~~~~~~~~~~~~~~~~~~~~~~~~~~~~
      ave.     -0.41     -0.26      3.20      4.81     -8.30     36.37
      s.d.      1.40      1.74      0.40     11.45      8.88      5.93
****************************************************************************
Strand II base step parameters
    step       Shift     Slide      Rise      Tilt      Roll     Twist
   1  G/C       0.79      2.31      3.71     -1.11      4.43     33.92
   2  C/G       1.38      1.19      3.23    -10.81     -3.47     42.31
   3  G/C       0.19      0.67      3.32    -10.87      4.66     30.98
   4  C/T       0.84     -0.69      3.11     -9.68     -1.38     36.75
   5  T/T       0.38     -0.51      3.46     -0.97     -9.35     33.92
   6  T/T       0.43     -0.75      3.42     -0.75     -3.52     37.00
   7  T/T       0.66     -0.30      3.74      1.87      4.38     35.95
   8  T/T       0.35      0.22      3.51     -3.81      2.75     35.80
   9  T/T       0.82      0.01      2.96    -18.93     -2.65     28.50
  10  T/G       0.31     -0.57      3.44     -7.84      8.32     38.95
  11  G/C       1.96     -0.77      3.57     11.25     -1.36     32.93
          ~~~~~~~~~~~~~~~~~~~~~~~~~~~~~~~~~~~~~~~~~~~~~~~~~~~~~~~~~~~~
      ave.      0.74      0.07      3.41     -4.69      0.26     35.18
      s.d.      0.53      0.97      0.24      8.08      5.09      3.77
****************************************************************************
Strand II base helical parameters
    step       X-disp    Y-disp   h-Rise     Incl.       Tip   h-Twist
   1  G/C       3.08      0.25      3.95      7.43      1.86     34.23
   2  C/G       1.91     -1.03      2.68     -4.59     14.30     43.81
   3  G/C       0.35     -0.45      3.13      8.24     19.20     33.16
   4  C/T      -0.90     -0.66      2.82     -2.10     14.75     38.03
   5  T/T       0.71      1.03      3.46    -15.40      1.60     35.20
   6  T/T      -0.66      1.03      3.46     -5.43      1.16     37.18
   7  T/T      -1.20      1.06      3.70      6.94     -2.97     36.27
   8  T/T      -0.08      0.64      3.46      4.38      6.06     36.11
   9  T/T       0.38     -2.12      2.01     -4.70     33.53     34.32
  10  T/G      -1.81      0.43      3.12     11.91     11.21     40.59
  11  G/C      -1.04      0.64      4.03     -2.27    -18.86     34.83
          ~~~~~~~~~~~~~~~~~~~~~~~~~~~~~~~~~~~~~~~~~~~~~~~~~~~~~~~~~~~~
      ave.      0.07      0.07      3.26      0.40      7.44     36.70
      s.d.      1.44      1.02      0.59      8.06     13.56      3.13
