Local base-pair helical parameters
    step       X-disp    Y-disp   h-Rise     Incl.       Tip   h-Twist
   1 CT/AG     -5.02      0.43      2.88      5.75      7.52     27.66
   2 TA/TA     -4.37      0.97      2.31     20.34      2.24     30.67
   3 AC/GT     -2.94     -0.93      3.13      5.09     -0.88     35.23
   4 CG/CG     -6.50      0.04      2.05     27.37      1.59     28.03
   5 GC/GC     -3.16      1.39      2.88     14.13     -1.15     35.09
   6 CG/CG     -6.95     -2.26      1.73     30.71      1.40     28.45
   7 GC/GC     -9.10      1.39      1.87     23.81      3.05     24.11
   8 CG/CG     -3.86     -0.49      2.98     26.60    -14.73     42.74
   9 GT/AC     -3.00      1.42      2.83      9.98      3.81     29.96
  10 TA/TA     -4.53     -1.34      1.89     32.17      1.65     33.42
  11 AG/CT     -3.21     -0.41      3.07      0.33     -6.17     30.85
