Local base-pair parameters
     bp        Shear    Stretch   Stagger    Buckle  Propeller  Opening
    1 C-G       0.07     -0.17      0.18     -4.64     -6.84      0.30
    2 T-A      -0.09     -0.20      0.38      2.25    -10.87      1.62
    3 A-T      -0.02     -0.17      0.22      7.05    -16.51     -0.42
    4 C-G       0.17     -0.06      0.11      6.56    -16.98      2.19
    5 G-C      -0.24     -0.13      0.14      0.70     -7.20      3.83
    6 C-G       0.12     -0.17     -0.23      2.94    -11.90      0.86
    7 G-C      -0.06     -0.12      0.08      1.17     -3.05      0.20
    8 C-G       0.13     -0.20     -0.13      5.36     -7.09     -0.01
    9 G-C      -0.21     -0.05     -0.43    -20.97    -14.41      1.92
   10 T-A      -0.18     -0.16     -0.06     -8.61     -8.07     -0.08
   11 A-T       0.17     -0.17      0.38     -2.74    -12.78     -2.04
   12 G-C      -0.13     -0.09      0.49      6.99     -9.85     -1.65
