Local base-pair step parameters
    step       Shift     Slide      Rise      Tilt      Roll     Twist
   1 CT/AG     -0.58     -2.11      3.05     -3.58      2.74     27.30
   2 TA/TA     -0.61     -1.40      2.93     -1.16     10.54     28.82
   3 AC/GT      0.61     -1.51      3.26      0.53      3.08     35.10
   4 CG/CG     -0.09     -1.89      3.24     -0.74     12.79     24.99
   5 GC/GC     -0.78     -1.18      3.26      0.69      8.44     34.08
   6 CG/CG      1.05     -2.09      3.23     -0.66     14.42     24.58
   7 GC/GC     -0.71     -2.75      3.19     -1.24      9.67     22.08
   8 CG/CG      1.19     -1.32      3.71     10.30     18.59     37.30
   9 GT/AC     -0.92     -1.06      3.00     -1.96      5.13     29.47
  10 TA/TA      0.70     -1.25      2.98     -0.90     17.61     28.51
  11 AG/CT      0.53     -1.69      3.04      3.28      0.18     30.68
