Reference frame: Origins (Ox, Oy, Oz) followed by the direction cosines of the
                 X- (Xx, Yx, Zx), Y- (Yx, Yx, Yx), and Z- (Zx, Zx, Zx) axes
*****************************************************************************************
Local base-pair reference frames
                Ox      Oy      Oz     Xx    Xy    Xz   Yx    Yy    Yz    Zx    Zy    Zz
   1 G-C      -2.51   15.24   -1.99  0.64 -0.25 -0.72  0.76  0.15  0.63 -0.05 -0.96  0.29
   2 G-C      -3.21   11.82   -1.07  0.95  0.02 -0.32  0.31  0.24  0.92  0.09 -0.97  0.22
   3 C-G      -2.49    8.28   -0.49  0.90  0.10  0.41 -0.43  0.13  0.90  0.04 -0.99  0.16
   4 A-T      -1.47    5.23   -0.31  0.54  0.13  0.83 -0.84 -0.04  0.55  0.11 -0.99  0.09
   5 A-T      -0.77    2.28   -0.19 -0.06  0.04  1.00 -1.00  0.01 -0.06 -0.01 -1.00  0.04
   6 A-T       0.43   -1.28    0.48 -0.70  0.01  0.72 -0.72 -0.08 -0.69  0.05 -1.00  0.06
   7 A-T       1.01   -4.66   -0.17 -0.98 -0.17  0.12 -0.12 -0.04 -0.99  0.18 -0.98  0.02
   8 C-G       1.87   -8.22    0.82 -0.84 -0.17 -0.51  0.49  0.15 -0.86  0.22 -0.97 -0.04
   9 G-C       3.13  -12.17    0.94 -0.23  0.05 -0.97  0.97  0.07 -0.22  0.06 -1.00 -0.07
  10 G-C       3.91  -15.49    0.62  0.34  0.13 -0.93  0.92  0.14  0.36  0.18 -0.98 -0.07
*****************************************************************************************
Local middle reference frames
                Ox      Oy      Oz     Xx    Xy    Xz   Yx    Yy    Yz    Zx    Zy    Zz
   1 GG/CC    -2.86   13.53   -1.53  0.83 -0.13 -0.54  0.56  0.22  0.80  0.02 -0.97  0.26
   2 GC/GC    -2.85   10.05   -0.78  1.00  0.08  0.05 -0.06  0.19  0.98  0.07 -0.98  0.19
   3 CA/TG    -1.98    6.76   -0.40  0.75  0.14  0.65 -0.66  0.05  0.75  0.07 -0.99  0.13
   4 AA/TT    -1.12    3.76   -0.25  0.25  0.07  0.97 -0.97 -0.03  0.25  0.05 -1.00  0.06
   5 AA/TT    -0.17    0.50    0.14 -0.40  0.04  0.91 -0.91 -0.04 -0.40  0.02 -1.00  0.05
   6 AA/TT     0.72   -2.97    0.16 -0.89 -0.08  0.45 -0.44 -0.09 -0.89  0.11 -0.99  0.04
   7 AC/GT     1.44   -6.44    0.33 -0.96 -0.19 -0.21  0.20  0.05 -0.98  0.20 -0.98 -0.01
   8 CG/CG     2.50  -10.20    0.88 -0.59 -0.04 -0.81  0.80  0.14 -0.59  0.14 -0.99 -0.05
   9 GG/CC     3.52  -13.83    0.78  0.06  0.08 -0.99  0.99  0.11  0.07  0.12 -0.99 -0.07
*****************************************************************************************
Local middle helical reference frames
                Ox      Oy      Oz     Xx    Xy    Xz   Yx    Yy    Yz    Zx    Zy    Zz
   1 GG/CC    -1.47   12.76   -3.35  0.83 -0.16 -0.53  0.54  0.47  0.70  0.14 -0.87  0.47
   2 GC/GC    -3.02   10.06   -0.53  0.99  0.15  0.04 -0.05  0.12  0.99  0.14 -0.98  0.12
   3 CA/TG    -1.02    7.12    0.26  0.73  0.30  0.62 -0.66  0.05  0.75  0.19 -0.95  0.24
   4 AA/TT    -1.81    3.61    0.21  0.27 -0.08  0.96 -0.96 -0.15  0.25  0.13 -0.98 -0.12
   5 AA/TT    -0.43    0.74    1.84 -0.40  0.13  0.91 -0.91 -0.04 -0.40 -0.02 -0.99  0.13
   6 AA/TT     2.60   -2.64    0.15 -0.89 -0.05  0.44 -0.42 -0.27 -0.87  0.17 -0.96  0.22
   7 AC/GT     0.38   -6.78    0.04 -0.93 -0.29 -0.20  0.21  0.00 -0.98  0.29 -0.96  0.06
   8 CG/CG     1.29  -10.56    1.49 -0.61  0.09 -0.79  0.78  0.28 -0.56  0.17 -0.96 -0.24
   9 GG/CC     4.73  -13.60    1.35  0.09 -0.12 -0.99  0.99  0.13  0.07  0.12 -0.98  0.13
*****************************************************************************************
Local strand I base reference frames
                Ox      Oy      Oz     Xx    Xy    Xz   Yx    Yy    Yz    Zx    Zy    Zz
   1 G        -2.69   14.86   -1.74  0.64 -0.10 -0.76  0.76 -0.04  0.65 -0.09 -0.99  0.06
   2 G        -3.48   11.53   -0.97  0.94  0.00 -0.33  0.33  0.05  0.94  0.02 -1.00  0.04
   3 C        -2.23    8.18   -0.40  0.90  0.01  0.43 -0.43  0.06  0.90 -0.02 -1.00  0.06
   4 A        -1.50    5.12   -0.28  0.49  0.02  0.87 -0.85 -0.20  0.48  0.18 -0.98 -0.08
   5 A        -0.84    1.98   -0.12 -0.13 -0.04  0.99 -0.97 -0.20 -0.13  0.20 -0.98 -0.01
   6 A         0.17   -1.18    0.70 -0.74 -0.08  0.67 -0.64 -0.22 -0.74  0.20 -0.97  0.11
   7 A         0.67   -4.74   -0.17 -0.93 -0.35  0.07 -0.02 -0.14 -0.99  0.36 -0.92  0.12
   8 C         1.81   -8.36    0.80 -0.78 -0.33 -0.53  0.47  0.24 -0.85  0.41 -0.91 -0.03
   9 G         2.85  -11.50    0.55 -0.31 -0.02 -0.95  0.92  0.26 -0.30  0.25 -0.97 -0.06
  10 G         3.96  -15.15    0.50  0.34  0.08 -0.94  0.86  0.38  0.35  0.38 -0.92  0.06
*****************************************************************************************
Local strand II base reference frames
                Ox      Oy      Oz     Xx    Xy    Xz   Yx    Yy    Yz    Zx    Zy    Zz
   1 C        -2.32   15.63   -2.25  0.65 -0.38 -0.66  0.76  0.33  0.56  0.00 -0.86  0.50
   2 C        -2.93   12.11   -1.17  0.95  0.03 -0.32  0.27  0.42  0.87  0.16 -0.91  0.39
   3 G        -2.76    8.39   -0.57  0.90  0.19  0.39 -0.42  0.20  0.89  0.10 -0.96  0.26
   4 T        -1.43    5.34   -0.35  0.59  0.22  0.78 -0.81  0.13  0.58  0.03 -0.97  0.25
   5 T        -0.69    2.58   -0.27  0.02  0.08  1.00 -0.97  0.23 -0.00 -0.23 -0.97  0.08
   6 T         0.70   -1.37    0.26 -0.63  0.08  0.77 -0.77  0.07 -0.64 -0.10 -0.99  0.02
   7 T         1.36   -4.58   -0.16 -0.98  0.00  0.20 -0.20  0.08 -0.98 -0.02 -1.00 -0.08
   8 G         1.93   -8.09    0.85 -0.87  0.00 -0.50  0.50  0.06 -0.86  0.03 -1.00 -0.05
   9 C         3.40  -12.83    1.32 -0.13  0.09 -0.99  0.98 -0.13 -0.14 -0.14 -0.99 -0.07
  10 C         3.85  -15.83    0.74  0.36  0.18 -0.92  0.93 -0.10  0.34 -0.03 -0.98 -0.20
****************************************************************************
Local strand I base step parameters
    step       Shift     Slide      Rise      Tilt      Roll     Twist
   1  G/G      -0.88      0.11      3.39     -3.11      5.74     30.33
   2  G/C       1.28      0.33      3.38     -0.98     -2.10     45.07
   3  C/A       0.45     -0.21      3.11     13.74      3.23     35.01
   4  A/A       0.30      0.02      3.19      0.28      3.71     36.76
   5  A/A       0.42     -0.62      3.33      3.36      6.16     40.21
   6  A/A      -0.01      1.39      3.44      4.38     -8.48     39.07
   7  A/C       0.14     -0.85      3.82     -8.94     -0.63     36.09
   8  C/G       0.11      0.01      3.32      6.32      7.53     41.05
   9  G/G       0.04     -0.11      3.81     -8.25     -7.00     37.90
          ~~~~~~~~~~~~~~~~~~~~~~~~~~~~~~~~~~~~~~~~~~~~~~~~~~~~~~~~~~~~
      ave.      0.21      0.01      3.42      0.76      0.91     37.94
      s.d.      0.56      0.63      0.25      7.18      5.81      4.16
****************************************************************************
Local strand I base helical parameters
    step       X-disp    Y-disp   h-Rise     Incl.       Tip   h-Twist
   1  G/G      -0.95      1.02      3.42     10.80      5.85     31.01
   2  G/C       0.62     -1.76      3.33     -2.74      1.28     45.13
   3  C/A      -0.74      1.05      3.04      5.12    -21.78     37.66
   4  A/A      -0.45     -0.44      3.18      5.87     -0.44     36.94
   5  A/A      -1.57     -0.23      3.23      8.88     -4.85     40.79
   6  A/A       3.00      0.52      3.06    -12.45     -6.44     40.17
   7  A/C      -1.24     -1.61      3.70     -1.00     14.17     37.15
   8  C/G      -0.77      0.51      3.26     10.56     -8.85     42.16
   9  G/G       0.81     -1.21      3.69    -10.51     12.40     39.36
          ~~~~~~~~~~~~~~~~~~~~~~~~~~~~~~~~~~~~~~~~~~~~~~~~~~~~~~~~~~~~
      ave.     -0.14     -0.24      3.32      1.61     -0.96     38.93
      s.d.      1.42      1.09      0.24      8.79     11.18      3.96
****************************************************************************
Local strand II base step parameters
    step       Shift     Slide      Rise      Tilt      Roll     Twist
   1  C/C      -0.43     -1.01      3.57      0.92     11.54     33.73
   2  C/G      -0.37     -0.63      3.71      7.64     -4.33     42.16
   3  G/T       0.52     -1.17      3.08     -2.11     -3.41     28.80
   4  T/T      -0.04     -1.09      2.64    -10.79    -13.86     34.29
   5  T/T      -0.37     -2.03      3.69      5.42     -6.02     39.90
   6  T/T      -0.90     -0.16      3.17     -2.06     -7.02     38.81
   7  T/G      -0.75     -1.13      3.44      0.97     -2.76     41.24
   8  G/C      -1.61      1.01      4.61      7.29      6.22     52.36
   9  C/C       0.24      0.69      3.00     -5.13      8.19     27.79
          ~~~~~~~~~~~~~~~~~~~~~~~~~~~~~~~~~~~~~~~~~~~~~~~~~~~~~~~~~~~~
      ave.     -0.41     -0.61      3.43      0.24     -1.27     37.67
      s.d.      0.64      0.97      0.57      6.06      8.22      7.57
****************************************************************************
Local strand II base helical parameters
    step       X-disp    Y-disp   h-Rise     Incl.       Tip   h-Twist
   1  C/C      -3.39      0.84      3.06     19.20     -1.53     35.61
   2  C/G      -0.38      1.36      3.64     -5.94    -10.49     43.03
   3  G/T      -1.61     -1.48      3.14     -6.82      4.22     29.07
   4  T/T      -0.14     -1.12      2.76    -21.83     16.99     38.40
   5  T/T      -2.14      1.23      3.87     -8.71     -7.85     40.68
   6  T/T       0.58      1.09      3.19    -10.46      3.07     39.47
   7  T/G      -1.28      1.18      3.49     -3.91     -1.38     41.34
   8  G/C       0.58      2.45      4.45      6.98     -8.19     53.17
   9  C/C      -0.30     -1.52      2.98     16.43     10.30     29.39
          ~~~~~~~~~~~~~~~~~~~~~~~~~~~~~~~~~~~~~~~~~~~~~~~~~~~~~~~~~~~~
      ave.     -0.90      0.45      3.40     -1.67      0.57     38.90
      s.d.      1.32      1.44      0.53     13.33      9.10      7.32
****************************************************************************
xyz coordinates of C1' atoms

    bp        xI       yI       zI       xII      yII      zII
   1 G-C    -0.016   15.094    3.649   -8.006   14.966   -3.974
   2 G-C    -4.020   11.829    4.948   -6.743    9.760   -5.128
   3 C-G    -6.737    8.246    3.484   -2.693    6.814   -6.307
   4 A-T    -7.307    4.111    0.184    1.463    3.970   -5.320
   5 A-T    -5.700    0.879   -3.279    4.550    1.232   -2.677
   6 A-T    -1.402   -2.117   -4.897    6.402   -1.920    1.734
   7 A-T     2.823   -4.712   -5.667    4.836   -5.089    4.617
   8 C-G     6.303   -6.302   -2.545    1.359   -8.481    6.737
   9 G-C     8.518   -9.884    1.281   -1.542  -12.291    4.529
  10 G-C     7.856  -13.487    4.660   -2.116  -16.017    0.979
****************************************************************************
xyz coordinates of RN9/YN1 atoms

    bp        xI       yI       zI       xII      yII      zII
   1 G-C    -0.053   14.832    2.208   -6.579   14.633   -3.984
   2 G-C    -3.198   11.748    3.741   -5.383   10.169   -4.698
   3 C-G    -5.330    8.450    3.130   -2.016    7.236   -5.091
   4 A-T    -5.967    4.194    0.783    1.436    4.484   -3.943
   5 A-T    -5.041    1.142   -1.999    3.668    1.460   -1.527
   6 A-T    -1.750   -2.042   -3.473    4.975   -1.791    2.144
   7 A-T     1.764   -4.909   -4.702    3.500   -4.935    3.992
   8 C-G     4.948   -6.862   -2.381    0.782   -8.359    5.411
   9 G-C     7.424  -10.316    0.412   -0.868  -12.356    3.227
  10 G-C     7.410  -13.533    3.282   -0.842  -15.591    0.357
****************************************************************************
xyz coordinates of RC8/YC6 atoms

    bp        xI       yI       zI       xII      yII      zII
   1 G-C     1.087   14.674    1.463   -6.165   13.962   -5.104
   2 G-C    -1.830   11.772    3.688   -4.330    9.981   -5.564
   3 C-G    -4.445    8.498    4.161   -0.665    7.407   -4.965
   4 A-T    -5.666    4.140    2.127    2.650    4.684   -3.306
   5 A-T    -5.605    1.011   -0.761    4.258    1.423   -0.286
   6 A-T    -2.989   -2.236   -2.904    4.612   -1.735    3.485
   7 A-T     0.548   -5.422   -5.030    2.372   -4.980    4.795
   8 C-G     4.218   -7.156   -3.504   -0.562   -8.380    5.138
   9 G-C     7.405  -10.233   -0.964   -1.562  -12.171    2.045
  10 G-C     8.223  -13.273    2.214   -0.892  -15.306   -0.979
****************************************************************************
xyz coordinates of O1P atoms w.r.t. the middle frame of each dimer

    step       xI      yI      zI     xII     yII     zII
   1 GG/CC   -4.21    9.90    1.09   -4.54    9.65   -1.60
   2 GC/GC   -3.64   10.04    1.29   -3.76    9.98   -0.97
   3 CA/TG   -4.12    9.75    1.05   -4.74    9.88   -0.73
   4 AA/TT   -4.94    9.52    0.95   -5.02    9.58   -2.24
   5 AA/TT   -4.56    9.27    1.83   -5.49    9.16   -0.83
   6 AA/TT   -3.48   10.04   -0.36   -5.00    9.61   -1.96
   7 AC/GT   -4.00    9.93    0.26   -5.08    9.17   -1.35
   8 CG/CG   -3.31    9.47   -3.11   -3.26    9.89    0.93
   9 GG/CC   -2.64   10.01   -2.78   -3.87   10.35    0.37
****************************************************************************
xyz coordinates of O1P atoms w.r.t. the middle helix frame of each dimer

    step      xIH     yIH     zIH     xIIH    yIIH    zIIH
   1 GG/CC   -6.36   10.15    3.79   -6.77    8.86    0.82
   2 GC/GC   -3.55    9.84    0.32   -3.69   10.16   -1.39
   3 CA/TG   -5.46    9.86    0.42   -6.00    9.76    0.16
   4 AA/TT   -5.10    8.81    0.51   -4.80    9.98   -4.15
   5 AA/TT   -6.38    9.72    1.40   -7.21    8.71   -0.32
   6 AA/TT   -1.74   10.65   -2.28   -3.38    8.25   -3.54
   7 AC/GT   -5.13    9.89    0.20   -6.04    9.13   -2.30
   8 CG/CG   -3.17   11.23   -2.21   -3.23    8.25    2.71
   9 GG/CC   -2.63    8.79   -1.98   -3.40   11.62   -0.20
****************************************************************************
xyz coordinates of O2P atoms w.r.t. the middle frame of each dimer

    step       xI      yI      zI     xII     yII     zII
   1 GG/CC   -2.32    9.42    2.77   -2.26   10.47   -0.78
   2 GC/GC   -1.49    9.09    2.30   -1.81    9.27    0.54
   3 CA/TG   -1.89    8.93    2.04   -2.54    9.44    0.51
   4 AA/TT   -2.84    8.94    2.31   -3.02    9.67   -0.63
   5 AA/TT   -2.30    8.53    2.81   -3.20    9.19    0.32
   6 AA/TT   -1.63    9.30    1.25   -2.84    9.19   -0.63
   7 AC/GT   -2.09    8.96    1.67   -3.25    9.12    0.44
   8 CG/CG   -1.77    9.44   -1.06   -1.31    8.66    2.07
   9 GG/CC   -0.56    9.20   -1.52   -1.66    9.76    1.52
****************************************************************************
xyz coordinates of O2P atoms w.r.t. the middle helix frame of each dimer

    step      xIH     yIH     zIH     xIIH    yIIH    zIIH
   1 GG/CC   -4.42    9.25    5.21   -4.52    9.42    1.91
   2 GC/GC   -1.47    8.97    1.54   -1.64    9.55    0.02
   3 CA/TG   -3.43    9.03    1.76   -3.63    9.32    1.00
   4 AA/TT   -2.81    8.38    1.59   -3.06   10.29   -2.28
   5 AA/TT   -4.22    8.98    2.59   -4.83    8.73    0.62
   6 AA/TT    0.07   10.22   -0.51   -1.18    8.07   -2.22
   7 AC/GT   -3.08    8.98    1.45   -4.40    9.18   -0.33
   8 CG/CG   -1.92   10.90    0.01   -1.16    6.89    3.40
   9 GG/CC   -0.35    7.95   -1.18   -1.47   11.00    1.36
****************************************************************************
xyz coordinates of P atoms w.r.t. the middle frame of each dimer

    step       xI      yI      zI     xII     yII     zII
   1 GG/CC   -3.24    8.96    1.69   -3.18    9.35   -1.11
   2 GC/GC   -2.68    8.93    1.43   -2.80    8.95   -0.52
   3 CA/TG   -3.05    8.72    1.13   -3.53    9.05   -0.52
   4 AA/TT   -3.85    8.57    1.28   -3.87    8.91   -1.59
   5 AA/TT   -3.39    8.35    1.82   -4.14    8.57   -0.65
   6 AA/TT   -2.70    8.95    0.28   -3.92    8.70   -1.52
   7 AC/GT   -3.06    8.83    0.55   -3.85    8.55   -0.79
   8 CG/CG   -2.48    8.72   -2.15   -2.48    8.65    1.16
   9 GG/CC   -1.78    8.90   -2.32   -2.83    9.35    0.70
****************************************************************************
xyz coordinates of P atoms w.r.t. the middle helix frame of each dimer

    step      xIH     yIH     zIH     xIIH    yIIH    zIIH
   1 GG/CC   -5.38    9.08    4.09   -5.43    8.43    1.26
   2 GC/GC   -2.60    8.74    0.60   -2.70    9.15   -0.94
   3 CA/TG   -4.42    8.83    0.67   -4.77    8.93    0.15
   4 AA/TT   -3.97    7.89    0.79   -3.76    9.41   -3.26
   5 AA/TT   -5.22    8.81    1.50   -5.86    8.11   -0.26
   6 AA/TT   -0.98    9.71   -1.43   -2.28    7.42   -2.97
   7 AC/GT   -4.15    8.80    0.44   -4.88    8.55   -1.59
   8 CG/CG   -2.46   10.34   -1.25   -2.44    6.99    2.65
   9 GG/CC   -1.70    7.67   -1.73   -2.45   10.61    0.31
****************************************************************************
xyz coordinates of P atoms

    bp        xI       yI       zI       xII      yII      zII
   1 G-C     ----     ----     ----   -10.683   10.771   -6.998
   2 G-C    -0.514   14.302    7.820   -5.057    7.660   -9.587
   3 C-G    -5.972   10.126    8.116    1.366    5.329   -9.418
   4 A-T    -9.925    5.623    4.319    6.601    2.156   -6.153
   5 A-T   -10.307    1.938   -1.713    9.352    0.015   -0.152
   6 A-T    -6.399   -1.747   -6.237    8.219   -3.387    6.233
   7 A-T    -0.788   -3.822   -9.036    3.581   -6.900    9.483
   8 C-G     6.249   -5.952   -7.684   -3.103  -10.213    8.009
   9 G-C    10.607   -6.713   -2.101   -6.013  -14.414    2.967
  10 G-C    11.947  -10.668    3.357    ----     ----     ---- 
*******************************************************************************************
Phosphorus-phosphorus distance in Angstroms

            1      2      3      4      5      6      7      8      9     10
            C      C      G      T      T      T      T      G      C      C   
   1 G    ----   ----   ----   ----   ----   ----   ----   ----   ----   ----
   2 G    18.3   19.2   19.5   19.8   19.1   19.8   21.7   24.7   29.6   ----
   3 C    15.8   17.9   19.6   20.6   20.1   19.7   19.6   20.5   25.1   ----
   4 A    12.5   14.9   17.8   19.9   20.6   20.3   19.1   17.6   20.5   ----
   5 A    10.3   11.1   14.4   17.5   19.8   20.8   19.9   17.1   17.5   ----
   6 A    13.3   10.1   11.0   13.6   17.0   19.3   19.3   16.9   15.7   ----
   7 A    17.7   12.3    9.4    9.9   14.0   17.7   19.3   18.4   16.8   ----
   8 C    23.8   17.8   12.4    8.3   10.1   14.3   17.4   18.8   18.3   ----
   9 G    28.0   22.5   16.9   10.5    7.1    9.3   13.5   17.4   19.0   ----
  10 G    32.8   28.2   23.0   16.8   11.5    8.7   11.0   15.8   18.4   ----
****************************************************************************
Strand I helix radius

    step          P        O4'       C1'
   1  G/G      10.76      7.89      7.20
   2  G/C       7.63      4.64      4.10
   3  C/A      10.53      7.69      7.18
   4  A/A       9.14      6.33      5.70
   5  A/A       9.41      7.15      6.50
   6  A/A       9.27      6.01      5.77
   7  A/C       8.33      6.02      5.23
   8  C/G       9.97      7.40      6.73
   9  G/G       8.05      4.96      4.49
****************************************************************************
Strand II helix radius

    step          P        O4'       C1'
   1  C/C      10.52      7.92      7.16
   2  C/G       8.28      5.63      4.96
   3  G/T      11.60      8.39      7.92
   4  T/T       9.94      6.60      6.36
   5  T/T       9.25      6.75      6.20
   6  T/T       8.23      4.97      4.58
   7  T/G       8.89      6.06      5.63
   8  G/C       6.63      4.18      3.40
   9  C/C      11.22      8.18      7.37
****************************************************************************************
Base-pair helix axis

               Ox      Oy      Oz     Xx    Xy    Xz   Yx    Yy    Yz    Zx    Zy    Zz
   1 GG/CC   -1.69   14.20   -4.14  0.65 -0.28 -0.71  0.75  0.40  0.52  0.14 -0.87  0.47
             -1.24   11.32   -2.57  0.95 -0.02 -0.31  0.28  0.49  0.82  0.14 -0.87  0.47
   2 GC/GC   -3.27   11.85   -0.76  0.94  0.09 -0.34  0.32  0.16  0.93  0.14 -0.98  0.12
             -2.76    8.27   -0.30  0.90  0.18  0.40 -0.42  0.06  0.91  0.14 -0.98  0.12
   3 CA/TG   -1.33    8.61   -0.12  0.88  0.27  0.38 -0.43  0.14  0.89  0.19 -0.95  0.24
             -0.72    5.62    0.64  0.51  0.31  0.80 -0.84 -0.03  0.54  0.19 -0.95  0.24
   4 AA/TT   -2.00    5.08    0.39  0.56 -0.03  0.83 -0.82 -0.17  0.54  0.13 -0.98 -0.12
             -1.62    2.15    0.03 -0.05 -0.13  0.99 -0.99 -0.12 -0.07  0.13 -0.98 -0.12
   5 AA/TT   -0.39    2.52    1.60 -0.06  0.13  0.99 -1.00  0.01 -0.06 -0.02 -0.99  0.13
             -0.46   -1.04    2.08 -0.70  0.11  0.71 -0.72 -0.08 -0.69 -0.02 -0.99  0.13
   6 AA/TT    2.34   -1.10   -0.20 -0.70  0.04  0.71 -0.70 -0.27 -0.67  0.17 -0.96  0.22
              2.87   -4.19    0.50 -0.98 -0.14  0.12 -0.09 -0.23 -0.97  0.17 -0.96  0.22
   7 AC/GT   -0.15   -5.00   -0.06 -0.95 -0.28  0.13 -0.11 -0.09 -0.99  0.29 -0.96  0.06
              0.91   -8.55    0.15 -0.81 -0.27 -0.51  0.51  0.10 -0.86  0.29 -0.96  0.06
   8 CG/CG    0.96   -8.68    1.97 -0.87 -0.03 -0.49  0.47  0.29 -0.83  0.17 -0.96 -0.24
              1.62  -12.45    1.01 -0.24  0.20 -0.95  0.96  0.22 -0.20  0.17 -0.96 -0.24
   9 GG/CC    4.53  -11.97    1.13 -0.21 -0.16 -0.97  0.97  0.09 -0.22  0.12 -0.98  0.13
              4.94  -15.23    1.57  0.38 -0.08 -0.92  0.92  0.16  0.36  0.12 -0.98  0.13
****************************************************************************************
Strand I helix axis

               Ox      Oy      Oz     Xx    Xy    Xz   Yx    Yy    Yz    Zx    Zy    Zz
   1  G/G    -2.87   14.51   -3.07  0.64 -0.21 -0.74  0.77  0.15  0.62 -0.02 -0.97  0.25
             -2.92   11.20   -2.20  0.94 -0.10 -0.32  0.33  0.23  0.91 -0.02 -0.97  0.25
   2  G/C    -3.48   11.55    0.89  0.94 -0.02 -0.33  0.33  0.00  0.94 -0.02 -1.00  0.01
             -3.55    8.21    0.91  0.90 -0.01  0.44 -0.44  0.01  0.90 -0.02 -1.00  0.01
   3  C/A    -1.13    8.30   -1.06  0.85  0.38  0.37 -0.45  0.15  0.88  0.28 -0.91  0.29
             -0.28    5.52   -0.16  0.40  0.39  0.83 -0.87 -0.11  0.47  0.28 -0.91  0.29
   4  A/A    -1.66    5.09    0.34  0.49  0.03  0.87 -0.87 -0.10  0.49  0.10 -0.99 -0.02
             -1.34    1.92    0.27 -0.13 -0.03  0.99 -0.99 -0.10 -0.13  0.10 -0.99 -0.02
   5  A/A    -1.29    2.04    1.41 -0.14  0.04  0.99 -0.99 -0.04 -0.14  0.04 -1.00  0.05
             -1.17   -1.18    1.57 -0.75  0.00  0.66 -0.66 -0.06 -0.75  0.04 -1.00  0.05
   6  A/A     2.77   -1.04   -0.86 -0.77  0.03  0.64 -0.59 -0.42 -0.69  0.25 -0.91  0.34
              3.54   -3.81    0.18 -0.97 -0.25  0.05  0.04 -0.34 -0.94  0.25 -0.91  0.34
   7  A/C    -0.37   -5.70   -1.64 -0.82 -0.57  0.10 -0.01 -0.15 -0.99  0.58 -0.81  0.12
              1.77   -8.68   -1.20 -0.66 -0.55 -0.52  0.48  0.22 -0.85  0.58 -0.81  0.12
   8  C/G     0.96   -8.71    0.82 -0.84 -0.19 -0.50  0.40  0.40 -0.82  0.36 -0.89 -0.26
              2.14  -11.62   -0.03 -0.35  0.13 -0.93  0.86  0.43 -0.27  0.36 -0.89 -0.26
   9  G/G     4.22  -11.23    0.96 -0.27 -0.23 -0.94  0.95  0.08 -0.29  0.14 -0.97  0.20
              4.73  -14.80    1.68  0.40 -0.13 -0.91  0.91  0.20  0.37  0.14 -0.97  0.20
****************************************************************************************
Strand II helix axis

               Ox      Oy      Oz     Xx    Xy    Xz   Yx    Yy    Yz    Zx    Zy    Zz
   1  C/C    -0.71   13.91   -4.84  0.65 -0.36 -0.67  0.71  0.60  0.37  0.27 -0.72  0.64
              0.10   11.72   -2.87  0.94  0.05 -0.33  0.20  0.69  0.69  0.27 -0.72  0.64
   2  C/G    -2.99   11.75   -2.53  0.91  0.20 -0.37  0.30  0.32  0.90  0.30 -0.92  0.23
             -1.90    8.39   -1.68  0.87  0.37  0.34 -0.40  0.10  0.91  0.30 -0.92  0.23
   3  G/T    -1.91    8.70    1.42  0.91  0.12  0.40 -0.41  0.08  0.91  0.08 -0.99  0.12
             -1.66    5.59    1.81  0.59  0.15  0.79 -0.80  0.01  0.60  0.08 -0.99  0.12
   4  T/T    -2.21    5.05    0.41  0.62 -0.07  0.78 -0.77 -0.25  0.59  0.15 -0.97 -0.21
             -1.80    2.39   -0.17  0.00 -0.21  0.98 -0.99 -0.15 -0.03  0.15 -0.97 -0.21
   5  T/T     0.61    2.95    1.79  0.04  0.22  0.98 -1.00  0.08  0.02 -0.07 -0.97  0.22
              0.33   -0.82    2.63 -0.62  0.22  0.75 -0.78 -0.08 -0.62 -0.07 -0.97  0.22
   6  T/T     1.91   -1.27    0.50 -0.63  0.03  0.77 -0.77 -0.11 -0.63  0.07 -0.99  0.09
              2.13   -4.43    0.79 -0.98 -0.05  0.20 -0.19 -0.10 -0.98  0.07 -0.99  0.09
   7  T/G     0.33   -4.56    1.25 -0.98  0.03  0.20 -0.20  0.01 -0.98 -0.03 -1.00 -0.01
              0.23   -8.04    1.23 -0.87  0.03 -0.50  0.50 -0.01 -0.87 -0.03 -1.00 -0.01
   8  G/C     1.21   -8.61    3.19 -0.87  0.14 -0.48  0.50  0.18 -0.85 -0.04 -0.97 -0.23
              1.04  -12.95    2.18 -0.12  0.23 -0.97  0.99 -0.01 -0.12 -0.04 -0.97 -0.23
   9  C/C     4.85  -12.62    0.81 -0.13 -0.09 -0.99  0.98  0.16 -0.14  0.17 -0.98  0.07
              5.35  -15.56    1.01  0.37 -0.00 -0.93  0.91  0.18  0.36  0.17 -0.98  0.07
