  10 # base-pairs
   1 # ***local base-pair & helical parameters***
#        Shear    Stretch   Stagger   Buckle   Prop-Tw   Opening     X-disp    Y-disp    h-Rise    Incl.     Tip     h-Twist
G-C     -0.416    -0.079     0.908    21.574    16.984    -1.694     0.000     0.000     0.000     0.000     0.000     0.000
G-C     -0.597    -0.130     0.557    22.043    -1.476    -1.324    -2.340     0.934     3.316    15.780     2.128    32.992
C-G      0.536    -0.104     0.250     7.764   -10.999     1.200     0.166    -0.275     3.650    -4.333    -4.469    43.768
A-T     -0.002     0.103     0.222    17.903   -10.998     8.377    -1.262     0.121     3.147     0.479   -10.093    32.897
A-T      0.139     0.136     0.611    24.367    -7.153     8.437    -0.287    -0.846     2.975    -7.509     9.346    37.198
A-T      0.692     0.058    -0.196    16.416    -8.485     9.344    -1.781     0.486     3.592     0.021    -5.637    40.737
A-T      0.701     0.100     0.040    14.128   -20.673     7.727     1.812     0.914     3.209   -11.152    -1.701    39.835
C-G      0.168    -0.059     0.238   -10.382   -20.039     0.871    -1.216    -0.053     3.713    -2.868     6.256    38.429
G-C      0.951    -0.273    -1.300   -21.763    -5.394   -10.911    -0.238     1.519     3.951     8.611    -8.492    47.607
G-C      0.352     0.106    -0.627   -28.207    -5.507    -1.858     0.512    -1.332     3.322     1.258    12.150    34.293
