  10 # base-pairs
   0 # ***local base-pair & step parameters***
#        Shear    Stretch   Stagger   Buckle   Prop-Tw   Opening     Shift     Slide     Rise      Tilt      Roll      Twist
G-C     -0.416    -0.079     0.908    21.574    16.984    -1.694     0.000     0.000     0.000     0.000     0.000     0.000
G-C     -0.597    -0.130     0.557    22.043    -1.476    -1.324    -0.653    -0.418     3.528    -1.194     8.856    31.792
C-G      0.536    -0.104     0.250     7.764   -10.999     1.200     0.468    -0.132     3.625     3.325    -3.225    43.534
A-T     -0.002     0.103     0.222    17.903   -10.998     8.377     0.463    -0.690     3.120     5.689     0.270    32.414
A-T      0.139     0.136     0.611    24.367    -7.153     8.437     0.078    -0.555     2.977    -5.923    -4.759    36.441
A-T      0.692     0.058    -0.196    16.416    -8.485     9.344    -0.006    -1.239     3.608     3.918     0.014    40.556
A-T      0.701     0.100     0.040    14.128   -20.673     7.727    -0.530     0.628     3.397     1.152    -7.555    39.124
C-G      0.168    -0.059     0.238   -10.382   -20.039     0.871    -0.346    -0.975     3.655    -4.109    -1.884    38.172
G-C      0.951    -0.273    -1.300   -21.763    -5.394   -10.911    -0.680     0.363     4.069     6.812     6.908    46.665
G-C      0.352     0.106    -0.627   -28.207    -5.507    -1.858     0.101     0.373     3.405    -7.114     0.736    33.561
