****************************************************************************
CEHS base-pair parameters
     bp        Shear    Stretch   Stagger    Buckle  Propeller  Opening
    1 G-C      -0.42     -0.09      0.91     21.49     17.19     -1.66
    2 G-C      -0.60     -0.13      0.56     22.04     -1.49     -1.31
    3 C-G       0.54     -0.11      0.25      7.75    -11.02      1.19
    4 A-T      -0.00      0.10      0.22     17.89    -11.12      8.27
    5 A-T       0.14      0.13      0.61     24.37     -7.28      8.29
    6 A-T       0.69      0.06     -0.20     16.42     -8.57      9.25
    7 A-T       0.70      0.09      0.04     14.06    -20.82      7.56
    8 C-G       0.17     -0.06      0.24    -10.33    -20.09      0.86
    9 G-C       0.94     -0.27     -1.31    -21.79     -5.48    -10.77
   10 G-C       0.35      0.11     -0.63    -28.20     -5.62     -1.82
          ~~~~~~~~~~~~~~~~~~~~~~~~~~~~~~~~~~~~~~~~~~~~~~~~~~~~~~~~~~~~
      ave.      0.25     -0.02      0.07      6.37     -7.43      1.99
      s.d.      0.50      0.13      0.65     19.32     10.62      6.38
****************************************************************************
CEHS base-pair step parameters
    step       Shift     Slide      Rise      Tilt      Roll     Twist
   1 GG/CC     -0.66     -0.43      3.53     -1.16      8.80     32.68
   2 GC/GC      0.47     -0.13      3.62      3.24     -3.33     43.65
   3 CA/TG      0.47     -0.70      3.12      5.45     -0.18     32.64
   4 AA/TT      0.09     -0.57      2.97     -5.58     -5.04     36.40
   5 AA/TT      0.01     -1.26      3.60      4.11     -0.11     40.45
   6 AA/TT     -0.51      0.60      3.41      0.95     -7.82     39.38
   7 AC/GT     -0.35     -1.00      3.65     -3.45     -1.88     37.06
   8 CG/CG     -0.67      0.37      4.07      7.28      6.53     46.82
   9 GG/CC      0.12      0.38      3.40     -7.14      1.17     33.51
          ~~~~~~~~~~~~~~~~~~~~~~~~~~~~~~~~~~~~~~~~~~~~~~~~~~~~~~~~~~~~
      ave.     -0.11     -0.30      3.49      0.41     -0.21     38.07
      s.d.      0.45      0.65      0.32      5.06      5.27      4.98
****************************************************************************
CompDNA base-pair parameters
     bp        Shear    Stretch   Stagger    Buckle  Propeller  Opening
    1 G-C      -0.42     -0.09      0.91     21.25     17.19     -1.70
    2 G-C      -0.60     -0.13      0.56     22.04     -1.49     -1.35
    3 C-G       0.54     -0.11      0.25      7.72    -11.02      1.20
    4 A-T      -0.00      0.10      0.22     17.79    -11.09      8.44
    5 A-T       0.14      0.13      0.61     24.30     -7.26      8.61
    6 A-T       0.69      0.05     -0.20     16.36     -8.54      9.41
    7 A-T       0.70      0.09      0.04     13.82    -20.78      7.66
    8 C-G       0.17     -0.06      0.24    -10.17    -20.09      0.86
    9 G-C       0.95     -0.27     -1.30    -21.73     -5.46    -11.10
   10 G-C       0.35      0.11     -0.63    -28.16     -5.62     -1.91
          ~~~~~~~~~~~~~~~~~~~~~~~~~~~~~~~~~~~~~~~~~~~~~~~~~~~~~~~~~~~~
      ave.      0.25     -0.02      0.07      6.32     -7.42      2.01
      s.d.      0.50      0.13      0.65     19.24     10.62      6.55
****************************************************************************
CompDNA base-pair step parameters
    step       Shift     Slide      Rise      Tilt      Roll     Twist
   1 GG/CC     -0.65     -0.42      3.53     -1.25      8.85     32.58
   2 GC/GC      0.47     -0.13      3.62      3.32     -3.23     43.65
   3 CA/TG      0.46     -0.69      3.12      5.69      0.24     32.69
   4 AA/TT      0.07     -0.56      2.98     -5.95     -4.72     36.41
   5 AA/TT     -0.01     -1.24      3.61      3.92     -0.01     40.50
   6 AA/TT     -0.53      0.63      3.40      1.09     -7.56     39.38
   7 AC/GT     -0.35     -0.97      3.66     -4.11     -1.88     37.10
   8 CG/CG     -0.68      0.36      4.07      6.76      6.95     46.86
   9 GG/CC      0.10      0.37      3.41     -7.12      0.70     33.53
          ~~~~~~~~~~~~~~~~~~~~~~~~~~~~~~~~~~~~~~~~~~~~~~~~~~~~~~~~~~~~
      ave.     -0.12     -0.29      3.49      0.26     -0.07     38.08
      s.d.      0.45      0.65      0.32      5.12      5.25      4.99
****************************************************************************
Curves base-pair parameters (by Xiang-Jun Lu)
     bp        Shear    Stretch   Stagger    Buckle  Propeller  Opening
    1 G-C      -0.42     -0.07      0.93     21.96     16.58     -1.69
    2 G-C      -0.60     -0.13      0.57     22.05     -1.44     -1.32
    3 C-G       0.54     -0.10      0.25      7.82    -10.96      1.20
    4 A-T      -0.00      0.10      0.23     18.04    -10.82      8.38
    5 A-T       0.14      0.14      0.63     24.44     -6.94      8.44
    6 A-T       0.69      0.06     -0.20     16.49     -8.37      9.34
    7 A-T       0.70      0.11      0.04     14.52    -20.46      7.73
    8 C-G       0.17     -0.06      0.24    -10.65    -19.93      0.87
    9 G-C       0.95     -0.28     -1.33    -21.80     -5.26    -10.91
   10 G-C       0.35      0.10     -0.65    -28.26     -5.29     -1.86
          ~~~~~~~~~~~~~~~~~~~~~~~~~~~~~~~~~~~~~~~~~~~~~~~~~~~~~~~~~~~~
      ave.      0.25     -0.01      0.07      6.46     -7.29      2.02
      s.d.      0.50      0.14      0.66     19.45     10.39      6.47
****************************************************************************
Curves base-pair step parameters
    step       Shift     Slide      Rise      Tilt      Roll     Twist
   1 GG/CC     -0.66     -0.41      3.54     -1.14      8.86     30.92
   2 GC/GC      0.47     -0.13      3.63      3.34     -3.22     43.42
   3 CA/TG      0.47     -0.69      3.12      5.69      0.30     32.17
   4 AA/TT      0.08     -0.55      2.98     -5.90     -4.79     36.49
   5 AA/TT      0.00     -1.24      3.61      3.92      0.04     40.63
   6 AA/TT     -0.54      0.62      3.40      1.22     -7.54     38.78
   7 AC/GT     -0.34     -0.98      3.66     -4.11     -1.89     39.28
   8 CG/CG     -0.68      0.37      4.08      6.87      6.85     46.46
   9 GG/CC      0.10      0.37      3.41     -7.11      0.77     33.64
          ~~~~~~~~~~~~~~~~~~~~~~~~~~~~~~~~~~~~~~~~~~~~~~~~~~~~~~~~~~~~
      ave.     -0.12     -0.29      3.49      0.31     -0.07     37.98
      s.d.      0.45      0.65      0.32      5.13      5.24      5.19
****************************************************************************
FreeHelix base-pair parameters (by Xiang-Jun Lu)
     bp        Shear    Stretch   Stagger    Buckle  Propeller  Opening
    1 G-C      -0.42     -0.09      0.91     21.49     17.49     -1.70
    2 G-C      -0.60     -0.13      0.56     22.04     -1.52     -1.35
    3 C-G       0.54     -0.11      0.25      7.75    -11.04      1.20
    4 A-T      -0.00      0.10      0.22     17.88    -11.22      8.44
    5 A-T       0.14      0.13      0.61     24.35     -7.43      8.61
    6 A-T       0.69      0.05     -0.20     16.40     -8.63      9.41
    7 A-T       0.70      0.09      0.04     14.05    -20.93      7.66
    8 C-G       0.17     -0.06      0.24    -10.33    -20.17      0.86
    9 G-C       0.95     -0.27     -1.30    -21.76     -5.56    -11.10
   10 G-C       0.35      0.11     -0.63    -28.20     -5.80     -1.91
          ~~~~~~~~~~~~~~~~~~~~~~~~~~~~~~~~~~~~~~~~~~~~~~~~~~~~~~~~~~~~
      ave.      0.25     -0.02      0.07      6.37     -7.48      2.01
      s.d.      0.50      0.13      0.65     19.31     10.73      6.55
****************************************************************************
FreeHelix base-pair step parameters
    step       Shift     Slide      Rise      Tilt      Roll     Twist
   1 GG/CC     -0.65     -0.42      3.53     -1.25      8.85     32.58
   2 GC/GC      0.47     -0.13      3.62      3.32     -3.23     43.65
   3 CA/TG      0.46     -0.69      3.12      5.69      0.24     32.70
   4 AA/TT      0.07     -0.56      2.98     -5.95     -4.73     36.41
   5 AA/TT     -0.01     -1.24      3.61      3.92     -0.01     40.50
   6 AA/TT     -0.52      0.63      3.40      1.09     -7.56     39.38
   7 AC/GT     -0.35     -0.97      3.66     -4.11     -1.88     37.10
   8 CG/CG     -0.68      0.36      4.07      6.76      6.97     46.85
   9 GG/CC      0.10      0.37      3.41     -7.12      0.70     33.53
          ~~~~~~~~~~~~~~~~~~~~~~~~~~~~~~~~~~~~~~~~~~~~~~~~~~~~~~~~~~~~
      ave.     -0.12     -0.29      3.49      0.26     -0.07     38.08
      s.d.      0.45      0.65      0.32      5.12      5.26      4.99
****************************************************************************
NGEOM base-pair parameters
     bp        Shear    Stretch   Stagger    Buckle  Propeller  Opening
    1 G-C      -0.42     -0.08      0.91     21.57     16.98     -1.69
    2 G-C      -0.60     -0.13      0.56     22.04     -1.48     -1.32
    3 C-G       0.54     -0.10      0.25      7.76    -11.00      1.20
    4 A-T      -0.00      0.10      0.22     17.90    -11.00      8.38
    5 A-T       0.14      0.13      0.61     24.37     -7.15      8.44
    6 A-T       0.69      0.06     -0.20     16.42     -8.49      9.34
    7 A-T       0.70      0.10      0.04     14.13    -20.67      7.73
    8 C-G       0.17     -0.06      0.24    -10.38    -20.04      0.87
    9 G-C       0.94     -0.28     -1.31    -21.76     -5.39    -10.91
   10 G-C       0.35      0.11     -0.63    -28.21     -5.51     -1.86
          ~~~~~~~~~~~~~~~~~~~~~~~~~~~~~~~~~~~~~~~~~~~~~~~~~~~~~~~~~~~~
      ave.      0.25     -0.01      0.07      6.38     -7.37      2.02
      s.d.      0.50      0.14      0.65     19.33     10.54      6.47
****************************************************************************
NGEOM base-pair step parameters
    step       Shift     Slide      Rise      Tilt      Roll     Twist
   1 GG/CC     -0.66     -0.38      3.53     -1.19      8.86     31.79
   2 GC/GC      0.49     -0.15      3.62      3.33     -3.22     43.53
   3 CA/TG      0.48     -0.69      3.12      5.69      0.27     32.41
   4 AA/TT      0.05     -0.57      2.97     -5.92     -4.76     36.44
   5 AA/TT      0.02     -1.24      3.61      3.92      0.01     40.56
   6 AA/TT     -0.52      0.59      3.40      1.15     -7.55     39.12
   7 AC/GT     -0.37     -0.98      3.65     -4.11     -1.88     38.17
   8 CG/CG     -0.63      0.41      4.07      6.81      6.91     46.66
   9 GG/CC      0.07      0.38      3.41     -7.11      0.74     33.56
          ~~~~~~~~~~~~~~~~~~~~~~~~~~~~~~~~~~~~~~~~~~~~~~~~~~~~~~~~~~~~
      ave.     -0.12     -0.29      3.49      0.28     -0.07     38.03
      s.d.      0.45      0.65      0.32      5.12      5.25      5.07
****************************************************************************
NUPARM base-pair parameters
     bp        Shear    Stretch   Stagger    Buckle  Propeller  Opening
    1 G-C      -0.42     -0.09      0.91     21.50     16.88     -1.65
    2 G-C      -0.60     -0.13      0.56     22.04     -1.47     -1.30
    3 C-G       0.54     -0.11      0.25      7.75    -10.99      1.19
    4 A-T      -0.00      0.10      0.22     17.92    -10.98      8.24
    5 A-T       0.15      0.13      0.61     24.41     -7.12      8.23
    6 A-T       0.69      0.06     -0.20     16.45     -8.48      9.22
    7 A-T       0.70      0.09      0.04     14.08    -20.67      7.54
    8 C-G       0.17     -0.06      0.24    -10.33    -20.01      0.85
    9 G-C       0.93     -0.27     -1.32    -21.85     -5.38    -10.70
   10 G-C       0.35      0.11     -0.63    -28.20     -5.45     -1.80
          ~~~~~~~~~~~~~~~~~~~~~~~~~~~~~~~~~~~~~~~~~~~~~~~~~~~~~~~~~~~~
      ave.      0.25     -0.02      0.07      6.38     -7.37      1.98
      s.d.      0.49      0.13      0.65     19.34     10.51      6.35
****************************************************************************
NUPARM base-pair step parameters
    step       Shift     Slide      Rise      Tilt      Roll     Twist
   1 GG/CC     -0.67     -0.35      3.53     -1.25      9.17     32.58
   2 GC/GC      0.51     -0.18      3.62      3.47     -3.65     43.61
   3 CA/TG      0.53     -0.70      3.11      5.78     -0.43     32.59
   4 AA/TT      0.07     -0.61      2.97     -5.63     -5.50     36.36
   5 AA/TT      0.10     -1.26      3.60      4.67      0.04     40.39
   6 AA/TT     -0.49      0.52      3.42      1.21     -8.18     39.28
   7 AC/GT     -0.38     -1.02      3.64     -3.59     -1.75     37.05
   8 CG/CG     -0.53      0.47      4.08      8.12      6.47     46.60
   9 GG/CC      0.08      0.39      3.40     -7.27      1.70     33.49
          ~~~~~~~~~~~~~~~~~~~~~~~~~~~~~~~~~~~~~~~~~~~~~~~~~~~~~~~~~~~~
      ave.     -0.09     -0.30      3.49      0.61     -0.24     37.99
      s.d.      0.45      0.66      0.32      5.36      5.50      4.94
****************************************************************************
NUPARM base-pair helical parameters
    step       X-disp    Y-disp   h-Rise     Incl.       Tip   h-Twist
   1 GG/CC     -2.41      1.01      3.31     16.07      1.85     33.97
   2 GC/GC      0.19     -0.28      3.65     -4.58     -4.34     43.89
   3 CA/TG     -1.17      0.05      3.16     -0.84     -9.80     33.09
   4 AA/TT     -0.28     -0.85      2.98     -8.09      8.30     37.16
   5 AA/TT     -1.82      0.47      3.58     -0.02     -6.32     40.65
   6 AA/TT      1.83      0.89      3.23    -11.52     -1.85     40.14
   7 AC/GT     -1.35      0.02      3.70     -2.44      5.30     37.25
   8 CG/CG     -0.12      1.58      3.95      7.54     -9.36     47.70
   9 GG/CC      0.40     -1.40      3.32      2.63     11.86     34.28
          ~~~~~~~~~~~~~~~~~~~~~~~~~~~~~~~~~~~~~~~~~~~~~~~~~~~~~~~~~~~~
      ave.     -0.53      0.17      3.43     -0.14     -0.48     38.68
      s.d.      1.30      0.94      0.31      8.27      7.78      4.90
****************************************************************************
RNA base-pair parameters
     bp        Shear    Stretch   Stagger    Buckle  Propeller  Opening
    1 G-C      -0.37     -0.14      0.90     21.57     16.98     -1.66
    2 G-C      -0.60     -0.20      0.56     22.04     -1.48     -1.31
    3 C-G       0.52     -0.11      0.25      7.76    -11.00      1.19
    4 A-T      -0.03      0.05      0.21     17.92    -11.01      8.28
    5 A-T       0.12      0.04      0.60     24.39     -7.16      8.30
    6 A-T       0.67      0.01     -0.21     16.43     -8.49      9.26
    7 A-T       0.66      0.06      0.02     14.14    -20.69      7.60
    8 C-G       0.20     -0.07      0.24    -10.38    -20.04      0.86
    9 G-C       0.96     -0.36     -1.30    -21.80     -5.40    -10.77
   10 G-C       0.37     -0.00     -0.63    -28.21     -5.51     -1.82
          ~~~~~~~~~~~~~~~~~~~~~~~~~~~~~~~~~~~~~~~~~~~~~~~~~~~~~~~~~~~~
      ave.      0.25     -0.07      0.06      6.39     -7.38      1.99
      s.d.      0.49      0.13      0.64     19.35     10.55      6.39
****************************************************************************
RNA base-pair step parameters
    step       Shift     Slide      Rise      Tilt      Roll     Twist
   1 GG/CC     -0.62     -0.36      3.53     -1.18      8.94     31.73
   2 GC/GC      0.44     -0.16      3.40      3.36     -3.39     43.51
   3 CA/TG      0.39     -0.75      3.27      5.70     -0.09     32.37
   4 AA/TT      0.04     -0.63      3.06     -5.71     -5.06     36.41
   5 AA/TT      0.03     -1.37      3.48      4.24      0.02     40.51
   6 AA/TT     -0.51      0.48      3.36      1.20     -7.79     39.02
   7 AC/GT     -0.26     -1.04      3.26     -3.81     -1.80     38.15
   8 CG/CG     -0.48      0.51      3.89      7.36      6.63     46.51
   9 GG/CC     -0.05      0.39      3.31     -7.13      1.18     33.56
          ~~~~~~~~~~~~~~~~~~~~~~~~~~~~~~~~~~~~~~~~~~~~~~~~~~~~~~~~~~~~
      ave.     -0.11     -0.33      3.40      0.45     -0.15     37.97
      s.d.      0.38      0.69      0.23      5.18      5.32      5.04
****************************************************************************
RNA base-pair helical parameters
    step       X-disp    Y-disp   h-Rise     Incl.       Tip   h-Twist
   1 GG/CC     -2.31      0.86      3.32     15.73      2.08     32.99
   2 GC/GC      0.14     -0.23      3.42     -4.45     -4.41     43.77
   3 CA/TG     -1.32      0.33      3.29     -0.16     -9.98     32.87
   4 AA/TT     -0.33     -0.81      3.08     -7.85      8.86     37.20
   5 AA/TT     -1.97      0.48      3.46      0.02     -5.97     40.73
   6 AA/TT      1.65      0.90      3.18    -11.28     -1.74     39.81
   7 AC/GT     -1.34     -0.10      3.32     -2.69      5.70     38.38
   8 CG/CG     -0.04      1.34      3.80      8.05     -8.94     47.55
   9 GG/CC      0.46     -1.08      3.26      1.99     12.00     34.33
          ~~~~~~~~~~~~~~~~~~~~~~~~~~~~~~~~~~~~~~~~~~~~~~~~~~~~~~~~~~~~
      ave.     -0.56      0.19      3.35     -0.07     -0.27     38.63
      s.d.      1.27      0.81      0.21      8.16      7.88      4.97
****************************************************************************
Strand I base step parameters
    step       Shift     Slide      Rise      Tilt      Roll     Twist
   1  G/G      -1.84      0.14      3.28     -3.14      5.80     30.30
   2  G/C      -0.11      0.31      3.35     -1.01     -2.16     45.07
   3  C/A      -0.58     -0.20      3.54     13.96      3.28     34.83
   4  A/A      -0.83      0.04      3.20      0.28      3.78     36.74
   5  A/A      -0.80     -0.59      3.44      3.43      6.29     40.15
   6  A/A      -1.19      1.35      3.59      4.47     -8.64     38.97
   7  A/C      -1.03     -0.86      3.54     -9.09     -0.64     36.02
   8  C/G      -1.12      0.05      3.52      6.45      7.69     40.95
   9  G/G      -1.17     -0.15      3.55     -8.40     -7.13     37.79
          ~~~~~~~~~~~~~~~~~~~~~~~~~~~~~~~~~~~~~~~~~~~~~~~~~~~~~~~~~~~~
      ave.     -0.96      0.01      3.45      0.77      0.92     37.87
      s.d.      0.48      0.62      0.14      7.31      5.92      4.17
****************************************************************************
Strand I base helical parameters
    step       X-disp    Y-disp   h-Rise     Incl.       Tip   h-Twist
   1  G/G      -0.93      0.99      3.42     10.80      5.85     31.01
   2  G/C       0.62     -1.76      3.33     -2.74      1.28     45.13
   3  C/A      -0.77      1.05      3.04      5.12    -21.78     37.66
   4  A/A      -0.45     -0.45      3.18      5.87     -0.44     36.94
   5  A/A      -1.58     -0.25      3.23      8.88     -4.85     40.79
   6  A/A       3.02      0.48      3.06    -12.45     -6.44     40.17
   7  A/C      -1.24     -1.61      3.70     -1.00     14.17     37.15
   8  C/G      -0.80      0.47      3.26     10.56     -8.85     42.16
   9  G/G       0.77     -1.24      3.69    -10.51     12.40     39.36
          ~~~~~~~~~~~~~~~~~~~~~~~~~~~~~~~~~~~~~~~~~~~~~~~~~~~~~~~~~~~~
      ave.     -0.15     -0.26      3.32      1.61     -0.96     38.93
      s.d.      1.42      1.08      0.24      8.79     11.18      3.96
****************************************************************************
Strand II base step parameters
    step       Shift     Slide      Rise      Tilt      Roll     Twist
   1  C/C       0.62     -0.95      3.55      0.93     11.71     33.61
   2  C/G       0.98     -0.66      3.47      7.82     -4.42     42.08
   3  G/T       1.41     -1.18      3.14     -2.14     -3.45     28.79
   4  T/T       0.98     -1.13      2.96    -10.95    -14.07     34.01
   5  T/T       0.89     -2.06      3.51      5.53     -6.14     39.83
   6  T/T       0.29     -0.19      3.23     -2.10     -7.16     38.75
   7  T/G       0.52     -1.14      3.41      0.99     -2.82     41.23
   8  G/C       0.05      1.07      4.40      7.55      6.44     52.23
   9  C/C       1.09      0.71      3.15     -5.18      8.27     27.72
          ~~~~~~~~~~~~~~~~~~~~~~~~~~~~~~~~~~~~~~~~~~~~~~~~~~~~~~~~~~~~
      ave.      0.76     -0.61      3.42      0.27     -1.29     37.58
      s.d.      0.43      0.99      0.41      6.18      8.35      7.56
****************************************************************************
Strand II base helical parameters
    step       X-disp    Y-disp   h-Rise     Incl.       Tip   h-Twist
   1  C/C      -3.39      0.94      3.06     19.20     -1.53     35.61
   2  C/G      -0.39      1.37      3.64     -5.94    -10.49     43.03
   3  G/T      -1.60     -1.47      3.14     -6.82      4.22     29.07
   4  T/T      -0.03     -0.99      2.76    -21.83     16.99     38.40
   5  T/T      -2.16      1.25      3.87     -8.71     -7.85     40.68
   6  T/T       0.59      1.12      3.19    -10.46      3.07     39.47
   7  T/G      -1.28      1.18      3.49     -3.91     -1.38     41.34
   8  G/C       0.59      2.46      4.45      6.98     -8.19     53.17
   9  C/C      -0.35     -1.44      2.98     16.43     10.30     29.39
          ~~~~~~~~~~~~~~~~~~~~~~~~~~~~~~~~~~~~~~~~~~~~~~~~~~~~~~~~~~~~
      ave.     -0.89      0.49      3.40     -1.67      0.57     38.90
      s.d.      1.33      1.42      0.53     13.33      9.10      7.32
