Local base-pair step parameters
    step       Shift     Slide      Rise      Tilt      Roll     Twist
   1 GG/CC     -0.52      0.27      3.60      1.67     10.74     32.72
   2 GC/GC      0.46     -0.41      3.31      3.66     -1.25     42.22
   3 CA/TG      0.05     -1.32      3.20     -1.24      5.54     28.86
   4 AA/TT     -0.28     -0.83      3.09     -6.36    -12.13     34.40
   5 AA/TT     -0.23     -0.97      3.41      3.31     -7.25     42.77
   6 AA/TT     -0.60      0.62      3.38      1.99     -7.35     39.39
   7 AC/GT     -0.05     -0.61      3.77     -4.99     -3.51     40.96
   8 CG/CG      0.15     -0.61      3.22      4.96     -8.71     34.56
   9 GG/CC     -0.02     -0.67      4.00      3.53     12.82     35.03
