Local base-pair parameters
     bp        Shear    Stretch   Stagger    Buckle  Propeller  Opening
    1 G-C       0.27      0.03      0.77     14.41      8.08      5.38
    2 G-C       0.52     -0.01      0.14     10.95     -7.37      2.29
    3 C-G       0.89     -0.19     -0.17      2.13    -15.43      5.01
    4 A-T      -0.34     -0.01      0.12      2.68      4.70      9.14
    5 A-T      -0.05      0.00      0.85     14.39     -1.58      8.21
    6 A-T       0.59      0.08      0.21     16.47     -8.49      6.64
    7 A-T       0.80      0.10      0.20     14.26    -15.82      4.08
    8 C-G       0.73     -0.25      0.65     -7.01    -12.69     -0.37
    9 G-C      -0.49     -0.21     -0.24     -1.97     20.01     -2.54
   10 G-C       0.01     -0.06     -1.03    -17.77    -11.46     -1.42
