Local base-pair helical parameters
    step       X-disp    Y-disp   h-Rise     Incl.       Tip   h-Twist
   1 GG/CC     -1.40      1.17      3.48     18.44     -2.87     34.43
   2 GC/GC     -0.44     -0.25      3.35     -1.73     -5.06     42.39
   3 CA/TG     -3.72     -0.36      2.90     10.97      2.46     29.40
   4 AA/TT      0.32     -0.41      3.20    -19.57     10.26     36.95
   5 AA/TT     -0.56      0.65      3.49     -9.84     -4.49     43.47
   6 AA/TT      1.76      1.10      3.18    -10.79     -2.92     40.10
   7 AC/GT     -0.43     -0.54      3.79     -4.98      7.08     41.39
   8 CG/CG      0.27      0.47      3.26    -14.30     -8.14     35.94
   9 GG/CC     -3.06      0.58      3.53     20.42     -5.62     37.40
