Reference frame: Origins (Ox, Oy, Oz) followed by the direction cosines of the
                 X- (Xx, Yx, Zx), Y- (Yx, Yx, Yx), and Z- (Zx, Zx, Zx) axes
*****************************************************************************************
Local base-pair reference frames
                Ox      Oy      Oz     Xx    Xy    Xz   Yx    Yy    Yz    Zx    Zy    Zz
   1 C-G      17.29   26.74   26.21 -0.99 -0.03  0.16 -0.10  0.89 -0.45 -0.13 -0.46 -0.88
   2 G-C      16.58   25.15   22.66 -0.77  0.62 -0.16  0.63  0.68 -0.37 -0.12 -0.38 -0.92
   3 C-G      16.01   24.35   19.11 -0.18  0.88 -0.44  0.98  0.10 -0.19 -0.13 -0.46 -0.88
   4 A-T      16.37   22.75   16.42  0.42  0.84 -0.34  0.89 -0.45 -0.01 -0.16 -0.30 -0.94
   5 A-T      15.67   21.75   13.41  0.83  0.47 -0.28  0.53 -0.82  0.19 -0.14 -0.31 -0.94
   6 A-T      14.80   20.71   10.23  0.97 -0.20 -0.12 -0.15 -0.93  0.32 -0.18 -0.29 -0.94
   7 A-T      14.69   20.52    6.77  0.76 -0.64  0.07 -0.64 -0.74  0.21 -0.09 -0.21 -0.97
   8 A-T      14.20   19.62    3.73  0.25 -0.94  0.23 -0.96 -0.21  0.20 -0.14 -0.27 -0.95
   9 A-T      14.15   19.28    0.50 -0.48 -0.85  0.19 -0.87  0.49 -0.04 -0.06 -0.19 -0.98
  10 G-C      12.83   18.49   -2.56 -0.84 -0.46  0.28 -0.50  0.86 -0.10 -0.19 -0.23 -0.95
  11 C-G      13.40   18.46   -6.31 -1.00  0.09  0.01  0.09  0.99 -0.10 -0.01 -0.10 -1.00
  12 G-C      13.18   18.32   -9.74 -0.74  0.67  0.05  0.65  0.74 -0.21 -0.17 -0.12 -0.98
*****************************************************************************************
Local middle reference frames
                Ox      Oy      Oz     Xx    Xy    Xz   Yx    Yy    Yz    Zx    Zy    Zz
   1 CG/CG    16.94   25.95   24.43 -0.95  0.31 -0.01  0.29  0.85 -0.44 -0.13 -0.42 -0.90
   2 GC/GC    16.30   24.75   20.88 -0.50  0.81 -0.31  0.85  0.41 -0.31 -0.12 -0.42 -0.90
   3 CA/TG    16.19   23.55   17.76  0.13  0.91 -0.40  0.98 -0.17 -0.08 -0.15 -0.38 -0.91
   4 AA/TT    16.02   22.25   14.91  0.65  0.68 -0.33  0.74 -0.66  0.10 -0.15 -0.31 -0.94
   5 AA/TT    15.24   21.23   11.82  0.97  0.15 -0.21  0.20 -0.94  0.27 -0.16 -0.30 -0.94
   6 AA/TT    14.75   20.62    8.50  0.90 -0.43 -0.01 -0.41 -0.87  0.28 -0.13 -0.25 -0.96
   7 AA/TT    14.44   20.07    5.25  0.53 -0.84  0.14 -0.84 -0.50  0.22 -0.11 -0.24 -0.96
   8 AA/TT    14.17   19.45    2.11 -0.13 -0.96  0.24 -0.99  0.15  0.07 -0.10 -0.23 -0.97
   9 AG/CT    13.49   18.88   -1.03 -0.69 -0.68  0.24 -0.71  0.70 -0.06 -0.13 -0.21 -0.97
  10 GC/GC    13.12   18.47   -4.43 -0.97 -0.20  0.14 -0.22  0.97 -0.14 -0.10 -0.16 -0.98
  11 CG/CG    13.29   18.39   -8.03 -0.92  0.40  0.04  0.39  0.91 -0.14 -0.09 -0.11 -0.99
*****************************************************************************************
Local middle helical reference frames
                Ox      Oy      Oz     Xx    Xy    Xz   Yx    Yy    Yz    Zx    Zy    Zz
   1 CG/CG    17.05   26.66   24.09 -0.96  0.27 -0.11  0.29  0.86 -0.42 -0.01 -0.43 -0.90
   2 GC/GC    17.28   24.25   20.84 -0.49  0.83 -0.25  0.84  0.37 -0.41 -0.25 -0.41 -0.88
   3 CA/TG    15.25   23.58   17.62  0.13  0.94 -0.31  0.98 -0.08  0.17  0.13 -0.33 -0.93
   4 AA/TT    16.19   22.47   14.80  0.65  0.67 -0.37  0.74 -0.66  0.11 -0.17 -0.34 -0.92
   5 AA/TT    15.00   21.73   11.72  0.97  0.15 -0.18  0.19 -0.95  0.23 -0.14 -0.26 -0.96
   6 AA/TT    16.99   21.05    8.40  0.91 -0.36  0.20 -0.41 -0.84  0.36  0.04 -0.41 -0.91
   7 AA/TT    13.79   19.80    5.44  0.51 -0.86  0.02 -0.83 -0.49  0.26 -0.21 -0.15 -0.97
   8 AA/TT    15.11   19.52    2.09 -0.12 -0.94  0.33 -0.99  0.11 -0.04  0.00 -0.33 -0.94
   9 AG/CT    11.89   20.09   -0.65 -0.71 -0.69  0.12 -0.67  0.72  0.17 -0.20  0.04 -0.98
  10 GC/GC    15.41   18.28   -4.08 -0.97 -0.24  0.00 -0.22  0.87 -0.43  0.10 -0.42 -0.90
  11 CG/CG    12.42   18.05   -7.96 -0.90  0.40  0.17  0.41  0.91  0.07 -0.13  0.13 -0.98
*****************************************************************************************
Local strand I base reference frames
                Ox      Oy      Oz     Xx    Xy    Xz   Yx    Yy    Yz    Zx    Zy    Zz
   1 C        17.81   26.84   26.32 -0.98 -0.18  0.10 -0.21  0.80 -0.56  0.02 -0.57 -0.82
   2 G        16.69   24.77   22.76 -0.79  0.56 -0.25  0.62  0.70 -0.35 -0.02 -0.43 -0.90
   3 C        15.86   24.27   19.13 -0.22  0.87 -0.45  0.97  0.18 -0.13 -0.03 -0.46 -0.89
   4 A        16.39   23.18   16.27  0.38  0.81 -0.45  0.89 -0.46 -0.08 -0.27 -0.37 -0.89
   5 A        15.71   21.83   13.26  0.79  0.41 -0.46  0.52 -0.84  0.13 -0.34 -0.34 -0.88
   6 A        15.40   20.71   10.05  0.91 -0.26 -0.33 -0.17 -0.94  0.29 -0.39 -0.21 -0.90
   7 A        14.73   20.78    6.99  0.75 -0.65 -0.13 -0.61 -0.75  0.25 -0.26 -0.11 -0.96
   8 A        14.34   19.52    3.59  0.23 -0.97  0.07 -0.95 -0.21  0.24 -0.21 -0.12 -0.97
   9 A        14.04   18.78    0.83 -0.44 -0.90  0.04 -0.90  0.44 -0.00 -0.02 -0.03 -1.00
  10 G        12.61   18.23   -2.60 -0.82 -0.54  0.20 -0.56  0.82 -0.10 -0.11 -0.19 -0.97
  11 C        13.27   18.37   -6.50 -0.99  0.02 -0.12  0.03  0.99 -0.10  0.12 -0.11 -0.99
  12 G        13.31   17.85   -9.69 -0.81  0.59  0.02  0.58  0.80 -0.17 -0.11 -0.12 -0.99
*****************************************************************************************
Local strand II base reference frames
                Ox      Oy      Oz     Xx    Xy    Xz   Yx    Yy    Yz    Zx    Zy    Zz
   1 G        16.76   26.65   26.10 -0.96  0.13  0.24  0.03  0.93 -0.36 -0.27 -0.34 -0.90
   2 C        16.47   25.53   22.55 -0.74  0.67 -0.06  0.64  0.67 -0.38 -0.22 -0.32 -0.92
   3 G        16.16   24.43   19.08 -0.14  0.89 -0.44  0.97  0.02 -0.26 -0.22 -0.46 -0.86
   4 T        16.35   22.31   16.57  0.45  0.86 -0.22  0.89 -0.45  0.05 -0.06 -0.22 -0.97
   5 T        15.62   21.67   13.56  0.84  0.53 -0.10  0.53 -0.81  0.26  0.06 -0.27 -0.96
   6 T        14.21   20.72   10.41  0.99 -0.13  0.09 -0.15 -0.92  0.36  0.03 -0.37 -0.93
   7 T        14.65   20.27    6.56  0.74 -0.62  0.26 -0.66 -0.73  0.16  0.09 -0.29 -0.95
   8 T        14.05   19.72    3.87  0.26 -0.89  0.37 -0.96 -0.21  0.17 -0.07 -0.40 -0.91
   9 T        14.25   19.79    0.17 -0.52 -0.78  0.34 -0.85  0.52 -0.10 -0.10 -0.34 -0.93
  10 C        13.05   18.75   -2.51 -0.85 -0.38  0.36 -0.44  0.89 -0.12 -0.28 -0.26 -0.92
  11 G        13.53   18.56   -6.12 -0.98  0.16  0.13  0.15  0.98 -0.11 -0.15 -0.09 -0.99
  12 C        13.05   18.79   -9.79 -0.67  0.74  0.07  0.70  0.66 -0.25 -0.23 -0.12 -0.97
****************************************************************************
Local strand I base step parameters
    step       Shift     Slide      Rise      Tilt      Roll     Twist
   1  C/G       1.08     -0.25      4.12     -8.00      4.46     50.06
   2  G/C       1.39      0.01      3.49      1.49     -1.37     39.10
   3  C/A       0.32      0.96      2.94     14.03      3.71     35.26
   4  A/A       0.13      0.36      3.35      3.93     -1.66     33.06
   5  A/A       0.90      0.31      3.29      8.37     -1.41     40.69
   6  A/A       0.06     -0.68      3.06      8.62      4.44     27.10
   7  A/A       0.95      0.06      3.52      1.91      2.03     36.99
   8  A/A       0.51     -0.09      2.83     10.78     -6.72     39.48
   9  A/G       0.91      0.81      3.55      2.07     10.76     29.65
  10  G/C      -0.82      0.52      3.83     -1.31    -14.02     36.33
  11  C/G      -0.08     -0.12      3.23      5.20     12.28     33.79
          ~~~~~~~~~~~~~~~~~~~~~~~~~~~~~~~~~~~~~~~~~~~~~~~~~~~~~~~~~~~~
      ave.      0.49      0.17      3.38      4.28      1.14     36.50
      s.d.      0.64      0.48      0.38      6.12      7.47      6.11
****************************************************************************
Local strand I base helical parameters
    step       X-disp    Y-disp   h-Rise     Incl.       Tip   h-Twist
   1  C/G      -0.68     -1.95      3.88      5.22      9.37     50.84
   2  G/C       0.19     -1.89      3.54     -2.05     -2.22     39.15
   3  C/A       1.04      1.18      2.93      5.83    -22.05     38.04
   4  A/A       0.90      0.44      3.32     -2.90     -6.86     33.32
   5  A/A       0.59     -0.35      3.38     -2.01    -11.88     41.53
   6  A/A      -2.29      1.68      2.80      9.12    -17.69     28.75
   7  A/A      -0.20     -1.22      3.56      3.20     -3.01     37.09
   8  A/A       0.52      0.30      2.84     -9.65    -15.47     41.39
   9  A/G      -0.80     -1.24      3.67     20.18     -3.88     31.57
  10  G/C       2.75      1.05      3.43    -21.51      2.00     38.88
  11  C/G      -1.90      0.84      2.97     20.17     -8.55     36.26
          ~~~~~~~~~~~~~~~~~~~~~~~~~~~~~~~~~~~~~~~~~~~~~~~~~~~~~~~~~~~~
      ave.      0.01     -0.11      3.30      2.33     -7.30     37.89
      s.d.      1.42      1.29      0.36     12.17      9.14      5.86
****************************************************************************
Local strand II base step parameters
    step       Shift     Slide      Rise      Tilt      Roll     Twist
   1  G/C      -0.53      0.39      3.68     -2.57     -2.31     38.77
   2  C/G       0.10      0.62      3.60      4.15     -7.67     43.06
   3  G/T      -0.98      0.79      3.04     -6.80     16.45     32.68
   4  T/T      -0.40     -0.62      3.07     -6.58      2.46     30.84
   5  T/T      -1.51     -0.42      3.22     -5.66     -2.58     40.69
   6  T/T      -0.17     -0.85      3.80      5.57      0.94     33.44
   7  T/T      -0.70      0.32      2.70    -11.34      1.11     33.12
   8  T/T      -1.50     -0.28      3.38     -2.25     -3.50     46.02
   9  T/C       0.58      0.32      3.04    -10.19      4.68     30.30
  10  C/G      -1.29      0.26      3.41     -9.01     -9.26     34.05
  11  G/C       0.11      0.65      3.65      4.09      3.48     37.94
          ~~~~~~~~~~~~~~~~~~~~~~~~~~~~~~~~~~~~~~~~~~~~~~~~~~~~~~~~~~~~
      ave.     -0.57      0.11      3.33     -3.69      0.35     36.45
      s.d.      0.70      0.56      0.34      6.02      6.93      5.20
****************************************************************************
Local strand II base helical parameters
    step       X-disp    Y-disp   h-Rise     Incl.       Tip   h-Twist
   1  G/C       0.90      0.44      3.67     -3.47      3.87     38.91
   2  C/G       1.62      0.29      3.44    -10.32     -5.59     43.90
   3  G/T      -1.01      0.61      3.20     26.89     11.12     37.09
   4  T/T      -1.57     -0.41      3.03      4.55     12.17     31.61
   5  T/T      -0.31      1.52      3.41     -3.69      8.08     41.14
   6  T/T      -1.64      1.33      3.70      1.63     -9.60     33.90
   7  T/T       0.38     -0.32      2.79      1.88     19.21     34.97
   8  T/T      -0.04      1.71      3.46     -4.46      2.87     46.20
   9  T/C      -0.18     -2.70      2.73      8.60     18.71     32.26
  10  C/G       1.81      0.71      3.44    -15.15     14.74     36.35
  11  G/C       0.51      0.42      3.68      5.32     -6.25     38.30
          ~~~~~~~~~~~~~~~~~~~~~~~~~~~~~~~~~~~~~~~~~~~~~~~~~~~~~~~~~~~~
      ave.      0.04      0.33      3.32      1.07      6.30     37.69
      s.d.      1.16      1.21      0.34     11.05     10.11      4.64
****************************************************************************
xyz coordinates of C1' atoms

    bp        xI       yI       zI       xII      yII      zII
   1 C-G    19.116   31.595   23.135   19.024   21.323   27.465
   2 G-C    21.976   27.179   21.549   14.971   20.305   24.774
   3 C-G    21.664   23.126   19.562   11.316   22.080   21.556
   4 A-T    20.155   18.718   16.976   10.533   22.499   16.832
   5 A-T    16.477   16.308   15.127   10.660   24.603   12.423
   6 A-T    12.281   16.325   12.436   12.514   25.889    8.271
   7 A-T     9.624   18.494    8.659   16.274   25.661    5.086
   8 A-T     8.765   20.859    4.678   18.509   23.093    2.119
   9 A-T    10.419   23.386    0.717   20.025   19.035   -0.197
  10 G-C    11.653   23.956   -3.665   17.465   14.856   -2.796
  11 C-G    15.903   23.647   -6.738   15.128   12.829   -5.817
  12 G-C    18.425   20.578  -10.567   10.975   13.398   -8.580
****************************************************************************
xyz coordinates of RN9/YN1 atoms

    bp        xI       yI       zI       xII      yII      zII
   1 C-G    18.120   30.737   23.642   17.864   22.230   27.445
   2 G-C    20.513   27.245   21.477   14.526   21.644   24.372
   3 C-G    20.554   23.993   19.102   11.912   23.191   20.813
   4 A-T    19.888   20.073   16.522   11.758   23.260   16.628
   5 A-T    17.020   17.493   14.456   12.144   24.644   12.528
   6 A-T    13.482   16.785   11.752   13.645   25.039    8.672
   7 A-T    11.006   18.262    8.264   16.716   24.367    5.507
   8 A-T     9.792   19.845    4.547   18.069   21.803    2.665
   9 A-T    10.589   21.949    0.790   18.753   18.445    0.178
  10 G-C    11.118   22.670   -3.316   16.147   15.222   -2.435
  11 C-G    14.681   22.865   -6.823   14.102   13.858   -5.771
  12 G-C    16.970   20.733  -10.508   10.729   14.803   -8.725
****************************************************************************
xyz coordinates of RC8/YC6 atoms

    bp        xI       yI       zI       xII      yII      zII
   1 C-G    16.799   30.924   23.497   16.611   22.039   27.926
   2 G-C    19.731   28.262   20.990   13.271   22.169   24.478
   3 C-G    20.777   25.169   18.490   11.369   24.363   20.345
   4 A-T    20.729   20.981   15.884   11.819   24.575   16.292
   5 A-T    18.265   17.721   13.910   12.906   25.730   12.252
   6 A-T    14.618   16.085   11.462   14.940   25.397    8.587
   7 A-T    11.717   17.098    8.192   17.991   23.980    5.731
   8 A-T     9.705   18.482    4.738   18.908   20.794    3.020
   9 A-T     9.672   20.920    0.822   18.560   17.179    0.658
  10 G-C     9.807   22.271   -3.093   15.311   14.273   -1.928
  11 C-G    13.462   23.390   -7.001   12.761   13.704   -5.586
  12 G-C    16.165   21.823  -10.521    9.533   15.421   -8.534
****************************************************************************
xyz coordinates of O1P atoms w.r.t. the middle frame of each dimer

    step       xI      yI      zI     xII     yII     zII
   1 CG/CG   -4.22    8.84   -1.93   -1.73   10.47    0.13
   2 GC/GC   -3.69   10.44   -0.65   -2.59    9.59   -1.24
   3 CA/TG   -2.81    9.97    0.33   -5.08    9.24   -1.37
   4 AA/TT   -2.79   10.25    0.69   -4.99    9.49   -2.04
   5 AA/TT   -3.33    9.96   -0.57   -5.01    9.60   -1.42
   6 AA/TT   -4.30    9.68   -1.54   -4.76    9.57   -0.78
   7 AA/TT   -4.38    9.62   -1.45   -4.51    9.02   -1.39
   8 AA/TT   -3.49   10.17   -1.31   -4.50    9.59   -0.08
   9 AG/CT   -3.28   10.12   -1.25   -3.64    9.95    0.10
  10 GC/GC   -2.39    9.63   -1.07   -3.67   10.18   -0.77
  11 CG/CG   -3.64    9.89   -1.46   -2.42    9.83   -1.06
****************************************************************************
xyz coordinates of O1P atoms w.r.t. the middle helix frame of each dimer

    step      xIH     yIH     zIH     xIIH    yIIH    zIIH
   1 CG/CG   -4.50    8.09   -1.23   -1.87   11.26    0.21
   2 GC/GC   -2.72    9.65   -1.99   -1.81   10.08   -2.05
   3 CA/TG   -2.91   10.51    2.70   -5.03    8.26    1.60
   4 AA/TT   -3.06   10.27    0.90   -5.21    9.49   -2.15
   5 AA/TT   -3.17   10.47   -1.14   -4.92    8.98   -1.71
   6 AA/TT   -5.80   11.13   -1.67   -6.59    8.24    1.11
   7 AA/TT   -4.41    8.93   -0.50   -4.22    9.81   -1.60
   8 AA/TT   -3.12   10.86   -2.80   -4.36    8.61   -0.77
   9 AG/CT   -3.61    8.08    1.50   -4.11   11.73    1.93
  10 GC/GC   -0.54    9.72   -3.62   -1.13    8.55   -4.34
  11 CG/CG   -4.22   10.69    0.13   -3.07    9.14    1.29
****************************************************************************
xyz coordinates of O2P atoms w.r.t. the middle frame of each dimer

    step       xI      yI      zI     xII     yII     zII
   1 CG/CG   -3.21    9.47    0.27    0.33    9.17    0.87
   2 GC/GC   -1.61   10.18    0.70   -1.43    9.90    1.04
   3 CA/TG   -0.53    8.89    0.99   -3.07    9.48    0.23
   4 AA/TT   -1.08    8.63    1.39   -3.05    9.58   -0.40
   5 AA/TT   -1.59    8.83    0.89   -2.96   10.15   -0.04
   6 AA/TT   -2.16    9.34   -0.18   -2.58    9.34    0.48
   7 AA/TT   -2.22    9.32   -0.11   -3.07    9.43    0.75
   8 AA/TT   -1.66    9.44    0.12   -2.31    8.95    1.08
   9 AG/CT   -1.12    9.42   -0.13   -1.46    8.91    0.81
  10 GC/GC   -1.81    9.64    1.34   -1.86    9.24    0.81
  11 CG/CG   -1.65    9.32    0.08   -0.97    9.04    0.93
****************************************************************************
xyz coordinates of O2P atoms w.r.t. the middle helix frame of each dimer

    step      xIH     yIH     zIH     xIIH    yIIH    zIIH
   1 CG/CG   -3.26    8.66    0.86    0.11    9.94    1.14
   2 GC/GC   -0.74    9.53   -0.48   -0.51   10.62    0.10
   3 CA/TG   -0.68    9.27    3.25   -2.87    8.09    3.02
   4 AA/TT   -1.33    8.64    1.52   -3.33    9.56   -0.42
   5 AA/TT   -1.47    9.41    0.43   -2.83    9.59   -0.41
   6 AA/TT   -4.02   10.65    0.12   -4.18    7.93    1.82
   7 AA/TT   -2.10    8.59    0.55   -3.07   10.13    0.72
   8 AA/TT   -1.43   10.31   -1.13   -2.07    8.10    0.25
   9 AG/CT   -1.34    7.17    2.16   -2.02   10.52    2.64
  10 GC/GC    0.36   10.46   -1.43    0.42    8.17   -2.31
  11 CG/CG   -2.43    9.80    1.77   -1.39    7.98    2.87
****************************************************************************
xyz coordinates of P atoms w.r.t. the middle frame of each dimer

    step       xI      yI      zI     xII     yII     zII
   1 CG/CG   -3.81    8.37   -0.55   -0.97    9.19    0.13
   2 GC/GC   -2.65    9.48   -0.08   -2.24    9.07    0.13
   3 CA/TG   -1.85    8.83    0.31   -3.85    8.65   -0.76
   4 AA/TT   -2.35    8.83    0.54   -3.83    8.81   -1.43
   5 AA/TT   -2.67    8.68   -0.15   -3.71    9.18   -0.86
   6 AA/TT   -3.23    8.76   -1.01   -3.57    8.70   -0.40
   7 AA/TT   -3.29    8.75   -0.97   -3.40    8.68   -0.49
   8 AA/TT   -2.67    9.00   -0.87   -3.42    8.60    0.16
   9 AG/CT   -2.41    9.01   -0.76   -2.79    8.69    0.20
  10 GC/GC   -2.26    8.84    0.17   -3.05    8.98   -0.04
  11 CG/CG   -2.77    8.85   -0.79   -2.09    8.76   -0.04
****************************************************************************
xyz coordinates of P atoms w.r.t. the middle helix frame of each dimer

    step      xIH     yIH     zIH     xIIH    yIIH    zIIH
   1 CG/CG   -3.95    7.58    0.09   -1.10    9.98    0.26
   2 GC/GC   -1.72    8.75   -1.25   -1.37    9.70   -0.66
   3 CA/TG   -1.94    9.41    2.47   -3.75    7.54    1.92
   4 AA/TT   -2.62    8.85    0.73   -4.07    8.80   -1.49
   5 AA/TT   -2.52    9.21   -0.63   -3.61    8.58   -1.17
   6 AA/TT   -4.86   10.15   -0.98   -5.35    7.36    1.14
   7 AA/TT   -3.27    8.04   -0.20   -3.23    9.43   -0.58
   8 AA/TT   -2.35    9.75   -2.15   -3.25    7.65   -0.52
   9 AG/CT   -2.70    6.89    1.62   -3.26   10.46    1.84
  10 GC/GC   -0.22    9.34   -2.23   -0.64    7.65   -3.20
  11 CG/CG   -3.42    9.53    0.68   -2.62    7.89    2.02
****************************************************************************
xyz coordinates of P atoms

    bp        xI       yI       zI       xII      yII      zII
   1 C-G     ----     ----     ----    15.227   17.879   28.610
   2 G-C    23.030   32.108   21.299    9.693   19.251   24.537
   3 C-G    25.743   26.569   18.799    7.102   21.274   19.339
   4 A-T    24.574   20.212   17.483    6.764   25.047   13.989
   5 A-T    20.957   14.623   16.022    9.660   29.072    9.324
   6 A-T    14.432   12.711   14.871   15.077   29.597    5.692
   7 A-T     8.357   14.693   11.989   19.875   27.094    2.375
   8 A-T     5.461   18.722    7.659   23.104   21.526    0.862
   9 A-T     5.712   23.533    2.928   21.633   14.762   -0.994
  10 G-C     8.829   26.984   -1.395   18.034   10.399   -3.645
  11 C-G    13.355   27.436   -6.139   11.778    9.577   -6.942
  12 G-C    19.357   25.429   -8.587    ----     ----     ---- 
*******************************************************************************************
Phosphorus-phosphorus distance in Angstroms

            1      2      3      4      5      6      7      8      9     10     11     12
            G      C      G      T      T      T      T      T      T      C      G      C   
   1 C    ----   ----   ----   ----   ----   ----   ----   ----   ----   ----   ----   ----
   2 G    17.8   18.8   19.4   19.2   18.2   17.7   19.8   23.0   28.3   33.4   37.8   ----
   3 C    16.8   18.5   19.4   19.6   18.8   17.2   17.4   18.8   23.4   28.7   33.9   ----
   4 A    14.7   16.5   17.6   18.8   19.2   17.8   17.3   16.7   19.5   24.2   29.6   ----
   5 A    14.2   14.9   15.7   17.7   19.5   19.1   18.5   16.8   17.0   20.3   25.2   ----
   6 A    14.7   12.6   12.1   14.6   17.9   19.2   19.8   18.7   17.5   19.0   22.2   ----
   7 A    18.3   13.4    9.9   10.7   14.7   17.5   19.5   19.7   18.6   18.9   19.9   ----
   8 A    23.1   17.4   12.1    9.0   11.3   14.6   17.5   19.1   18.8   18.8   18.4   ----
   9 A    28.0   22.4   16.6   11.2    9.3   11.5   14.6   17.6   18.6   19.2   18.1   ----
  10 G    32.0   27.1   21.6   15.6   11.0    9.8   11.7   15.4   17.7   19.1   18.5   ----
  11 C    36.1   32.0   26.9   21.3   16.0   12.1   10.7   13.4   16.0   17.8   17.9   ----
  12 G    38.2   35.1   30.8   25.9   20.7   15.5   11.1   10.9   13.3   15.9   17.6   ----
****************************************************************************
Strand I helix radius

    step          P        O4'       C1'
   1  C/G       7.90      5.29      4.57
   2  G/C       8.16      4.99      4.17
   3  C/A      10.03      7.50      6.70
   4  A/A       9.57      6.42      5.96
   5  A/A       8.68      5.78      5.29
   6  A/A      12.11      9.00      8.46
   7  A/A       8.50      5.44      4.87
   8  A/A       9.41      5.93      5.73
   9  A/G       8.52      5.95      5.06
  10  G/C       9.32      5.94      6.05
  11  C/G      10.79      8.18      7.44
****************************************************************************
Strand II helix radius

    step          P        O4'       C1'
   1  G/C       8.82      6.04      5.14
   2  C/G       8.77      5.36      5.06
   3  G/T       9.18      6.38      5.64
   4  T/T      10.78      7.54      7.00
   5  T/T       8.60      5.20      4.66
   6  T/T       9.05      6.40      5.68
   7  T/T       9.53      6.29      5.96
   8  T/T       7.76      4.88      4.36
   9  T/C      11.67      9.25      8.45
  10  C/G       8.01      5.07      4.43
  11  G/C       8.72      5.92      5.29
****************************************************************************************
Base-pair helix axis

               Ox      Oy      Oz     Xx    Xy    Xz   Yx    Yy    Yz    Zx    Zy    Zz
   1 CG/CG   17.08   27.51   25.85 -1.00 -0.08  0.05 -0.10  0.90 -0.43 -0.01 -0.43 -0.90
             17.03   25.82   22.33 -0.78  0.57 -0.26  0.63  0.70 -0.34 -0.01 -0.43 -0.90
   2 GC/GC   17.72   24.99   22.41 -0.75  0.65 -0.09  0.61  0.64 -0.47 -0.25 -0.41 -0.88
             16.84   23.52   19.26 -0.17  0.91 -0.38  0.95  0.05 -0.29 -0.25 -0.41 -0.88
   3 CA/TG   15.04   24.09   19.06 -0.18  0.92 -0.35  0.97  0.21  0.06  0.13 -0.33 -0.93
             15.45   23.07   16.17  0.42  0.87 -0.25  0.90 -0.36  0.25  0.13 -0.33 -0.93
   4 AA/TT   16.47   23.02   16.30  0.41  0.83 -0.38  0.89 -0.45 -0.00 -0.17 -0.34 -0.92
             15.91   21.92   13.30  0.83  0.46 -0.32  0.53 -0.82  0.20 -0.17 -0.34 -0.92
   5 AA/TT   15.24   22.17   13.36  0.84  0.48 -0.25  0.53 -0.84  0.15 -0.14 -0.26 -0.96
             14.76   21.30   10.08  0.98 -0.19 -0.09 -0.16 -0.95  0.28 -0.14 -0.26 -0.96
   6 AA/TT   16.92   21.71    9.87  0.99 -0.12  0.10 -0.15 -0.90  0.40  0.04 -0.41 -0.91
             17.05   20.38    6.94  0.77 -0.57  0.29 -0.64 -0.71  0.29  0.04 -0.41 -0.91
   7 AA/TT   14.13   20.04    6.97  0.74 -0.67 -0.06 -0.64 -0.73  0.25 -0.21 -0.15 -0.97
             13.44   19.57    3.90  0.23 -0.97  0.10 -0.95 -0.20  0.24 -0.21 -0.15 -0.97
   8 AA/TT   15.11   20.04    3.58  0.26 -0.91  0.32 -0.97 -0.24  0.08  0.00 -0.33 -0.94
             15.12   18.99    0.60 -0.48 -0.83  0.29 -0.88  0.45 -0.16  0.00 -0.33 -0.94
   9 AG/CT   12.21   20.03    0.93 -0.50 -0.86  0.07 -0.84  0.50  0.19 -0.20  0.04 -0.98
             11.56   20.16   -2.23 -0.87 -0.47  0.16 -0.46  0.88  0.13 -0.20  0.04 -0.98
  10 GC/GC   15.24   19.01   -2.53 -0.85 -0.51  0.14 -0.52  0.75 -0.41  0.10 -0.42 -0.90
             15.59   17.55   -5.64 -0.99  0.05 -0.14  0.11  0.90 -0.41  0.10 -0.42 -0.90
  11 CG/CG   12.64   17.83   -6.29 -0.99  0.09  0.14  0.11  0.99  0.12 -0.13  0.13 -0.98
             12.20   18.27   -9.62 -0.72  0.67  0.18  0.68  0.73  0.01 -0.13  0.13 -0.98
****************************************************************************************
Strand I helix axis

               Ox      Oy      Oz     Xx    Xy    Xz   Yx    Yy    Yz    Zx    Zy    Zz
   1  C/G    16.74   28.32   25.36 -0.96 -0.27 -0.04 -0.22  0.85 -0.48  0.16 -0.45 -0.88
             17.36   26.56   21.96 -0.78  0.49 -0.40  0.61  0.74 -0.27  0.16 -0.45 -0.88
   2  G/C    18.00   25.96   22.07 -0.79  0.58 -0.22  0.61  0.69 -0.39 -0.08 -0.44 -0.90
             17.73   24.41   18.90 -0.22  0.88 -0.41  0.97  0.17 -0.16 -0.08 -0.44 -0.90
   3  C/A    14.93   23.01   19.26 -0.21  0.97 -0.08  0.98  0.21 -0.04 -0.02 -0.08 -1.00
             14.88   22.76   16.33  0.43  0.90 -0.08  0.90 -0.43  0.02 -0.02 -0.08 -1.00
   4  A/A    15.63   22.63   16.63  0.41  0.85 -0.34  0.87 -0.47 -0.12 -0.27 -0.25 -0.93
             14.75   21.81   13.54  0.82  0.45 -0.35  0.50 -0.86  0.09 -0.27 -0.25 -0.93
   5  A/A    15.40   21.25   13.46  0.84  0.47 -0.27  0.51 -0.85  0.10 -0.18 -0.22 -0.96
             14.77   20.50   10.22  0.97 -0.21 -0.14 -0.18 -0.95  0.25 -0.18 -0.22 -0.96
   6  A/A    17.86   21.83    9.21  0.99 -0.16 -0.05 -0.13 -0.89  0.43 -0.11 -0.42 -0.90
             17.54   20.66    6.69  0.80 -0.57  0.16 -0.58 -0.71  0.40 -0.11 -0.42 -0.90
   7  A/A    14.15   19.75    7.34  0.76 -0.65 -0.08 -0.60 -0.74  0.31 -0.25 -0.19 -0.95
             13.25   19.08    3.97  0.24 -0.96  0.12 -0.94 -0.20  0.29 -0.25 -0.19 -0.95
   8  A/A    14.50   20.06    3.39  0.26 -0.91  0.33 -0.97 -0.25  0.07  0.02 -0.34 -0.94
             14.54   19.09    0.72 -0.44 -0.84  0.30 -0.90  0.41 -0.17  0.02 -0.34 -0.94
   9  A/G    12.67   18.61    1.33 -0.43 -0.90  0.10 -0.83  0.44  0.34 -0.35  0.06 -0.93
             11.38   18.85   -2.09 -0.80 -0.53  0.27 -0.48  0.84  0.24 -0.35  0.06 -0.93
  10  G/C    15.45   19.00   -2.59 -0.82 -0.55  0.17 -0.56  0.69 -0.45  0.13 -0.46 -0.88
             15.90   17.41   -5.60 -0.99  0.01 -0.15  0.08  0.89 -0.46  0.13 -0.46 -0.88
  11  C/G    11.36   17.57   -6.65 -1.00  0.01  0.03  0.01  0.97  0.25 -0.03  0.25 -0.97
             11.29   18.30   -9.53 -0.80  0.58  0.17  0.60  0.78  0.18 -0.03  0.25 -0.97
****************************************************************************************
Strand II helix axis

               Ox      Oy      Oz     Xx    Xy    Xz   Yx    Yy    Yz    Zx    Zy    Zz
   1  G/C    17.64   26.16   26.12 -0.98  0.10  0.18  0.02  0.91 -0.42 -0.21 -0.41 -0.89
             16.87   24.66   22.85 -0.75  0.65 -0.12  0.63  0.64 -0.44 -0.21 -0.41 -0.89
   2  C/G    17.44   24.21   22.67 -0.71  0.71  0.03  0.58  0.60 -0.54 -0.40 -0.37 -0.84
             16.07   22.94   19.78 -0.10  0.93 -0.36  0.91 -0.06 -0.41 -0.40 -0.37 -0.84
   3  G/T    15.45   25.06   18.39 -0.13  0.79 -0.60  0.95  0.26  0.14  0.27 -0.56 -0.78
             16.31   23.27   15.87  0.47  0.79 -0.40  0.84 -0.26  0.47  0.27 -0.56 -0.78
   4  T/T    17.40   23.38   15.95  0.44  0.79 -0.42  0.90 -0.42  0.13 -0.08 -0.44 -0.90
             17.16   22.06   13.23  0.84  0.45 -0.29  0.53 -0.78  0.33 -0.08 -0.44 -0.90
   5  T/T    15.07   23.08   13.19  0.84  0.49 -0.23  0.53 -0.82  0.19 -0.10 -0.29 -0.95
             14.75   22.10    9.94  0.98 -0.17 -0.05 -0.15 -0.94  0.30 -0.10 -0.29 -0.95
   6  T/T    16.00   21.83   10.29  0.97 -0.06  0.24 -0.15 -0.91  0.39  0.19 -0.41 -0.89
             16.72   20.31    6.99  0.72 -0.56  0.41 -0.67 -0.72  0.19  0.19 -0.41 -0.89
   7  T/T    14.16   20.30    6.65  0.73 -0.68 -0.07 -0.66 -0.72  0.19 -0.18 -0.09 -0.98
             13.66   20.03    3.91  0.22 -0.97  0.05 -0.96 -0.20  0.20 -0.18 -0.09 -0.98
   8  T/T    15.71   20.09    3.73  0.26 -0.91  0.33 -0.97 -0.24  0.09 -0.01 -0.34 -0.94
             15.69   18.91    0.48 -0.52 -0.80  0.29 -0.85  0.49 -0.17 -0.01 -0.34 -0.94
   9  T/C    11.89   21.11    0.30 -0.54 -0.84  0.02 -0.84  0.54  0.05 -0.05  0.01 -1.00
             11.75   21.12   -2.43 -0.91 -0.42  0.04 -0.42  0.91  0.03 -0.05  0.01 -1.00
  10  C/G    14.98   19.01   -2.47 -0.88 -0.46  0.12 -0.47  0.80 -0.37  0.07 -0.38 -0.92
             15.22   17.71   -5.65 -0.99  0.10 -0.12  0.14  0.92 -0.37  0.07 -0.38 -0.92
  11  G/C    13.94   18.06   -6.23 -0.96  0.17  0.24  0.17  0.99 -0.02 -0.24  0.02 -0.97
             13.08   18.14   -9.81 -0.65  0.74  0.17  0.73  0.67 -0.16 -0.24  0.02 -0.97
