  12 # base-pairs
   1 # ***local base-pair & helical parameters***
#        Shear    Stretch   Stagger   Buckle   Prop-Tw   Opening     X-disp    Y-disp    h-Rise    Incl.     Tip     h-Twist
C-G     -1.008    -0.030    -0.414    15.047   -15.586   -12.036     0.000     0.000     0.000     0.000     0.000     0.000
G-C     -0.674    -0.459     0.071    -2.231   -12.803    -2.090    -0.125    -0.857     3.905     1.619     6.755    44.606
C-G     -0.103    -0.324     0.068   -10.688    -1.438    -5.011     0.947    -0.701     3.588    -6.398    -4.177    41.256
A-T      0.849    -0.351     0.009     7.102   -13.914    -2.124     0.045     1.001     3.089    16.105    -5.643    35.664
A-T      0.235    -0.134     0.214     7.571   -22.403    -0.272    -0.316     0.030     3.241     0.607     2.449    32.305
A-T      1.207    -0.287     0.126     4.493   -25.687     0.061     0.145     0.588     3.429    -2.822    -1.938    41.480
A-T     -0.246    -0.337    -0.526    -5.234   -22.060    -3.245    -1.938     1.362     3.218     4.980   -13.596    31.378
A-T      0.199    -0.297     0.284    -4.032   -17.949    -1.076     0.104    -0.765     3.177     2.380     7.766    35.929
A-T      1.087    -0.334    -0.442    -4.660   -18.258    -5.985     0.197     0.997     3.161    -7.161    -5.754    43.762
G-C      0.577    -0.218     0.294     1.235   -10.530    -7.868    -0.359    -2.091     3.222    13.717     7.292    31.407
C-G      0.241    -0.171     0.395    -0.404   -15.089    -6.976     2.305     0.875     3.449   -18.769     8.440    37.598
G-C     -0.810    -0.544    -0.024    -4.478    -5.043   -10.764    -0.698     0.704     3.385    12.429    -7.927    36.989
