  12 # base-pairs
   0 # ***local base-pair & step parameters***
#        Shear    Stretch   Stagger   Buckle   Prop-Tw   Opening     Shift     Slide     Rise      Tilt      Roll      Twist
C-G     -1.008    -0.030    -0.414    15.047   -15.586   -12.036     0.000     0.000     0.000     0.000     0.000     0.000
G-C     -0.674    -0.459     0.071    -2.231   -12.803    -2.090     0.221     0.008     3.954    -5.116     1.227    44.310
C-G     -0.103    -0.324     0.068   -10.688    -1.438    -5.011     0.739     0.291     3.596     2.935    -4.496    40.920
A-T      0.849    -0.351     0.009     7.102   -13.914    -2.124    -0.324     0.852     3.015     3.410     9.732    34.187
A-T      0.235    -0.134     0.214     7.571   -22.403    -0.272    -0.150    -0.143     3.239    -1.362     0.338    32.275
A-T      1.207    -0.287     0.126     4.493   -25.687     0.061    -0.308    -0.056     3.442     1.372    -1.997    41.412
A-T     -0.246    -0.337    -0.526    -5.234   -22.060    -3.245     0.022    -0.771     3.376     7.281     2.667    30.429
A-T      0.199    -0.297     0.284    -4.032   -17.949    -1.076     0.060     0.190     3.206    -4.776     1.464    35.591
A-T      1.087    -0.334    -0.442    -4.660   -18.258    -5.985    -0.446    -0.224     3.212     4.273    -5.318    43.253
G-C      0.577    -0.218     0.294     1.235   -10.530    -7.868     0.730     0.562     3.294    -3.903     7.341    30.313
C-G      0.241    -0.171     0.395    -0.404   -15.089    -6.976    -1.064     0.373     3.626    -5.335   -11.864    35.352
G-C     -0.810    -0.544    -0.024    -4.478    -5.043   -10.764     0.004     0.263     3.433     4.979     7.807    35.850
