****************************************************************************
CEHS base-pair parameters
     bp        Shear    Stretch   Stagger    Buckle  Propeller  Opening
    1 C-G      -1.01     -0.03     -0.42     15.03    -15.76    -11.85
    2 G-C      -0.67     -0.46      0.07     -2.23    -12.81     -2.08
    3 C-G      -0.10     -0.32      0.07    -10.69     -1.44     -5.00
    4 A-T       0.85     -0.35      0.01      7.08    -13.93     -2.11
    5 A-T       0.23     -0.14      0.21      7.52    -22.44     -0.27
    6 A-T       1.21     -0.29      0.13      4.46    -25.70      0.06
    7 A-T      -0.24     -0.34     -0.52     -5.20    -22.08     -3.18
    8 A-T       0.20     -0.30      0.28     -4.02    -17.96     -1.06
    9 A-T       1.09     -0.33     -0.44     -4.64    -18.29     -5.91
   10 G-C       0.58     -0.22      0.30      1.23    -10.56     -7.83
   11 C-G       0.24     -0.17      0.40     -0.40    -15.12     -6.92
   12 G-C      -0.81     -0.54     -0.02     -4.48     -5.07    -10.75
          ~~~~~~~~~~~~~~~~~~~~~~~~~~~~~~~~~~~~~~~~~~~~~~~~~~~~~~~~~~~~
      ave.      0.13     -0.29      0.01      0.30    -15.10     -4.74
      s.d.      0.73      0.14      0.31      7.12      7.06      3.99
****************************************************************************
CEHS base-pair step parameters
    step       Shift     Slide      Rise      Tilt      Roll     Twist
   1 CG/CG      0.22      0.04      3.95     -5.91      1.22     43.72
   2 GC/GC      0.74      0.30      3.59      2.90     -4.54     40.95
   3 CA/TG     -0.32      0.86      3.01      3.54      9.92     34.43
   4 AA/TT     -0.15     -0.14      3.24     -1.47      0.36     32.43
   5 AA/TT     -0.31     -0.05      3.44      1.33     -2.00     41.29
   6 AA/TT      0.02     -0.76      3.38      7.60      2.71     29.92
   7 AA/TT      0.06      0.20      3.21     -4.98      1.59     35.69
   8 AA/TT     -0.45     -0.21      3.21      4.68     -5.15     43.25
   9 AG/CT      0.73      0.59      3.29     -4.01      7.63     30.48
  10 GC/GC     -1.07      0.40      3.62     -5.25    -11.64     35.39
  11 CG/CG      0.01      0.28      3.43      4.80      7.93     35.76
          ~~~~~~~~~~~~~~~~~~~~~~~~~~~~~~~~~~~~~~~~~~~~~~~~~~~~~~~~~~~~
      ave.     -0.05      0.14      3.40      0.29      0.73     36.66
      s.d.      0.52      0.43      0.26      4.80      6.42      4.93
****************************************************************************
CompDNA base-pair parameters
     bp        Shear    Stretch   Stagger    Buckle  Propeller  Opening
    1 C-G      -1.01     -0.02     -0.41     14.86    -15.67    -12.03
    2 G-C      -0.67     -0.46      0.07     -2.21    -12.80     -2.08
    3 C-G      -0.10     -0.32      0.07    -10.69     -1.44     -5.03
    4 A-T       0.85     -0.35      0.01      7.03    -13.93     -2.11
    5 A-T       0.23     -0.14      0.21      7.38    -22.44     -0.27
    6 A-T       1.21     -0.29      0.13      4.34    -25.70      0.06
    7 A-T      -0.24     -0.34     -0.53     -5.11    -22.08     -3.19
    8 A-T       0.20     -0.30      0.28     -3.97    -17.96     -1.06
    9 A-T       1.09     -0.33     -0.44     -4.58    -18.27     -5.91
   10 G-C       0.58     -0.22      0.29      1.23    -10.53     -7.84
   11 C-G       0.24     -0.17      0.40     -0.40    -15.09     -6.92
   12 G-C      -0.81     -0.54     -0.02     -4.47     -5.05    -10.76
          ~~~~~~~~~~~~~~~~~~~~~~~~~~~~~~~~~~~~~~~~~~~~~~~~~~~~~~~~~~~~
      ave.      0.13     -0.29      0.00      0.28    -15.08     -4.76
      s.d.      0.73      0.14      0.31      7.05      7.06      4.02
****************************************************************************
CompDNA base-pair step parameters
    step       Shift     Slide      Rise      Tilt      Roll     Twist
   1 CG/CG      0.22      0.01      3.95     -5.11      1.25     43.78
   2 GC/GC      0.74      0.29      3.60      2.94     -4.49     40.93
   3 CA/TG     -0.32      0.85      3.01      3.41      9.73     34.33
   4 AA/TT     -0.15     -0.14      3.24     -1.36      0.34     32.43
   5 AA/TT     -0.31     -0.05      3.44      1.36     -2.00     41.29
   6 AA/TT      0.02     -0.77      3.38      7.28      2.67     29.98
   7 AA/TT      0.06      0.19      3.21     -4.78      1.45     35.71
   8 AA/TT     -0.45     -0.23      3.21      4.28     -5.31     43.21
   9 AG/CT      0.73      0.56      3.29     -3.90      7.34     30.48
  10 GC/GC     -1.06      0.37      3.63     -5.30    -11.87     35.17
  11 CG/CG      0.00      0.26      3.43      4.96      7.81     35.77
          ~~~~~~~~~~~~~~~~~~~~~~~~~~~~~~~~~~~~~~~~~~~~~~~~~~~~~~~~~~~~
      ave.     -0.05      0.12      3.40      0.34      0.63     36.64
      s.d.      0.52      0.43      0.26      4.59      6.40      4.93
****************************************************************************
Curves base-pair parameters (by Xiang-Jun Lu)
     bp        Shear    Stretch   Stagger    Buckle  Propeller  Opening
    1 C-G      -1.01     -0.04     -0.42     15.28    -15.40    -12.04
    2 G-C      -0.67     -0.46      0.07     -2.25    -12.80     -2.09
    3 C-G      -0.10     -0.32      0.07    -10.69     -1.43     -5.01
    4 A-T       0.85     -0.35      0.01      7.19    -13.88     -2.12
    5 A-T       0.24     -0.13      0.22      7.82    -22.34     -0.27
    6 A-T       1.21     -0.28      0.13      4.69    -25.66      0.06
    7 A-T      -0.25     -0.34     -0.54     -5.40    -22.03     -3.25
    8 A-T       0.20     -0.30      0.29     -4.12    -17.93     -1.08
    9 A-T       1.09     -0.34     -0.45     -4.76    -18.24     -5.98
   10 G-C       0.58     -0.22      0.30      1.24    -10.53     -7.87
   11 C-G       0.24     -0.17      0.40     -0.41    -15.09     -6.98
   12 G-C      -0.81     -0.54     -0.02     -4.49     -5.04    -10.76
          ~~~~~~~~~~~~~~~~~~~~~~~~~~~~~~~~~~~~~~~~~~~~~~~~~~~~~~~~~~~~
      ave.      0.13     -0.29      0.00      0.34    -15.03     -4.78
      s.d.      0.73      0.14      0.31      7.24      7.04      4.03
****************************************************************************
Curves base-pair step parameters
    step       Shift     Slide      Rise      Tilt      Roll     Twist
   1 CG/CG      0.22      0.01      3.96     -5.12      1.21     44.89
   2 GC/GC      0.74      0.29      3.60      2.94     -4.50     40.89
   3 CA/TG     -0.32      0.85      3.03      3.42      9.73     33.94
   4 AA/TT     -0.15     -0.14      3.24     -1.36      0.33     32.12
   5 AA/TT     -0.31     -0.06      3.44      1.38     -1.99     41.53
   6 AA/TT      0.02     -0.77      3.38      7.28      2.66     30.94
   7 AA/TT      0.06      0.19      3.21     -4.77      1.48     35.50
   8 AA/TT     -0.45     -0.22      3.22      4.26     -5.33     43.28
   9 AG/CT      0.73      0.56      3.30     -3.91      7.34     30.10
  10 GC/GC     -1.06      0.38      3.65     -5.38    -11.85     35.39
  11 CG/CG      0.00      0.26      3.44      5.00      7.79     35.89
          ~~~~~~~~~~~~~~~~~~~~~~~~~~~~~~~~~~~~~~~~~~~~~~~~~~~~~~~~~~~~
      ave.     -0.05      0.12      3.41      0.34      0.63     36.77
      s.d.      0.52      0.43      0.26      4.61      6.39      5.10
****************************************************************************
FreeHelix base-pair parameters (by Xiang-Jun Lu)
     bp        Shear    Stretch   Stagger    Buckle  Propeller  Opening
    1 C-G      -1.01     -0.02     -0.41     15.00    -15.81    -12.03
    2 G-C      -0.67     -0.46      0.07     -2.23    -12.81     -2.08
    3 C-G      -0.10     -0.32      0.07    -10.69     -1.45     -5.03
    4 A-T       0.85     -0.35      0.01      7.08    -13.96     -2.11
    5 A-T       0.23     -0.14      0.21      7.52    -22.48     -0.27
    6 A-T       1.21     -0.29      0.13      4.46    -25.72      0.06
    7 A-T      -0.24     -0.34     -0.53     -5.20    -22.10     -3.19
    8 A-T       0.20     -0.30      0.28     -4.02    -17.97     -1.06
    9 A-T       1.09     -0.33     -0.44     -4.64    -18.28     -5.91
   10 G-C       0.58     -0.22      0.29      1.23    -10.53     -7.84
   11 C-G       0.24     -0.17      0.40     -0.40    -15.09     -6.92
   12 G-C      -0.81     -0.54     -0.02     -4.48     -5.05    -10.76
          ~~~~~~~~~~~~~~~~~~~~~~~~~~~~~~~~~~~~~~~~~~~~~~~~~~~~~~~~~~~~
      ave.      0.13     -0.29      0.00      0.30    -15.10     -4.76
      s.d.      0.73      0.14      0.31      7.11      7.07      4.02
****************************************************************************
FreeHelix base-pair step parameters
    step       Shift     Slide      Rise      Tilt      Roll     Twist
   1 CG/CG      0.22      0.01      3.95     -5.11      1.25     43.77
   2 GC/GC      0.74      0.29      3.60      2.94     -4.50     40.93
   3 CA/TG     -0.32      0.85      3.01      3.42      9.73     34.33
   4 AA/TT     -0.15     -0.14      3.24     -1.36      0.34     32.43
   5 AA/TT     -0.31     -0.05      3.44      1.36     -2.01     41.29
   6 AA/TT      0.02     -0.77      3.38      7.28      2.68     29.98
   7 AA/TT      0.06      0.19      3.21     -4.78      1.45     35.71
   8 AA/TT     -0.45     -0.22      3.21      4.29     -5.31     43.21
   9 AG/CT      0.73      0.56      3.29     -3.91      7.34     30.48
  10 GC/GC     -1.06      0.37      3.63     -5.33    -11.88     35.17
  11 CG/CG      0.00      0.26      3.43      4.97      7.82     35.77
          ~~~~~~~~~~~~~~~~~~~~~~~~~~~~~~~~~~~~~~~~~~~~~~~~~~~~~~~~~~~~
      ave.     -0.05      0.12      3.40      0.34      0.63     36.64
      s.d.      0.52      0.43      0.26      4.60      6.40      4.93
****************************************************************************
NGEOM base-pair parameters
     bp        Shear    Stretch   Stagger    Buckle  Propeller  Opening
    1 C-G      -1.00     -0.03     -0.42     15.05    -15.59    -12.04
    2 G-C      -0.67     -0.46      0.07     -2.23    -12.80     -2.09
    3 C-G      -0.10     -0.32      0.07    -10.69     -1.44     -5.01
    4 A-T       0.85     -0.35      0.01      7.10    -13.91     -2.12
    5 A-T       0.23     -0.13      0.21      7.57    -22.40     -0.27
    6 A-T       1.21     -0.29      0.13      4.49    -25.69      0.06
    7 A-T      -0.25     -0.34     -0.53     -5.23    -22.06     -3.25
    8 A-T       0.20     -0.30      0.28     -4.03    -17.95     -1.08
    9 A-T       1.09     -0.34     -0.44     -4.66    -18.26     -5.98
   10 G-C       0.58     -0.22      0.29      1.23    -10.53     -7.87
   11 C-G       0.24     -0.17      0.40     -0.40    -15.09     -6.98
   12 G-C      -0.81     -0.54     -0.02     -4.48     -5.04    -10.76
          ~~~~~~~~~~~~~~~~~~~~~~~~~~~~~~~~~~~~~~~~~~~~~~~~~~~~~~~~~~~~
      ave.      0.13     -0.29      0.00      0.31    -15.06     -4.78
      s.d.      0.73      0.14      0.31      7.13      7.06      4.03
****************************************************************************
NGEOM base-pair step parameters
    step       Shift     Slide      Rise      Tilt      Roll     Twist
   1 CG/CG      0.19      0.02      3.96     -5.12      1.23     44.31
   2 GC/GC      0.76      0.27      3.59      2.94     -4.50     40.92
   3 CA/TG     -0.31      0.89      3.00      3.41      9.73     34.19
   4 AA/TT     -0.16     -0.14      3.24     -1.36      0.34     32.27
   5 AA/TT     -0.30     -0.07      3.44      1.37     -2.00     41.41
   6 AA/TT      0.05     -0.76      3.38      7.28      2.67     30.43
   7 AA/TT      0.04      0.20      3.21     -4.78      1.46     35.59
   8 AA/TT     -0.42     -0.25      3.21      4.27     -5.32     43.25
   9 AG/CT      0.71      0.59      3.29     -3.90      7.34     30.31
  10 GC/GC     -1.09      0.31      3.62     -5.33    -11.86     35.35
  11 CG/CG      0.03      0.30      3.43      4.98      7.81     35.85
          ~~~~~~~~~~~~~~~~~~~~~~~~~~~~~~~~~~~~~~~~~~~~~~~~~~~~~~~~~~~~
      ave.     -0.05      0.12      3.40      0.34      0.63     36.72
      s.d.      0.52      0.44      0.26      4.60      6.40      5.01
****************************************************************************
NUPARM base-pair parameters
     bp        Shear    Stretch   Stagger    Buckle  Propeller  Opening
    1 C-G      -1.00     -0.03     -0.43     15.08    -15.62    -11.82
    2 G-C      -0.67     -0.46      0.07     -2.23    -12.80     -2.08
    3 C-G      -0.10     -0.32      0.07    -10.70     -1.44     -4.99
    4 A-T       0.85     -0.35      0.01      7.09    -13.91     -2.10
    5 A-T       0.24     -0.14      0.21      7.52    -22.39     -0.27
    6 A-T       1.21     -0.29      0.13      4.46    -25.68      0.06
    7 A-T      -0.25     -0.34     -0.52     -5.20    -22.06     -3.18
    8 A-T       0.20     -0.30      0.28     -4.02    -17.95     -1.06
    9 A-T       1.09     -0.33     -0.44     -4.65    -18.28     -5.90
   10 G-C       0.58     -0.22      0.30      1.24    -10.55     -7.83
   11 C-G       0.24     -0.17      0.40     -0.40    -15.12     -6.92
   12 G-C      -0.81     -0.54     -0.02     -4.50     -5.06    -10.75
          ~~~~~~~~~~~~~~~~~~~~~~~~~~~~~~~~~~~~~~~~~~~~~~~~~~~~~~~~~~~~
      ave.      0.13     -0.29      0.00      0.31    -15.07     -4.74
      s.d.      0.73      0.14      0.31      7.13      7.05      3.99
****************************************************************************
NUPARM base-pair step parameters
    step       Shift     Slide      Rise      Tilt      Roll     Twist
   1 CG/CG      0.12      0.06      3.96     -6.54      0.87     43.63
   2 GC/GC      0.78      0.24      3.59      3.14     -4.96     40.90
   3 CA/TG     -0.29      0.94      2.99      3.72     10.54     34.27
   4 AA/TT     -0.16     -0.13      3.24     -1.54      0.33     32.42
   5 AA/TT     -0.29     -0.08      3.44      1.42     -2.13     41.28
   6 AA/TT      0.08     -0.74      3.38      7.89      2.77     29.84
   7 AA/TT      0.02      0.22      3.21     -5.22      1.74     35.65
   8 AA/TT     -0.39     -0.27      3.22      5.06     -5.61     43.17
   9 AG/CT      0.70      0.64      3.28     -4.14      8.00     30.39
  10 GC/GC     -1.12      0.28      3.62     -5.50    -12.24     35.16
  11 CG/CG      0.06      0.36      3.42      5.07      8.22     35.63
          ~~~~~~~~~~~~~~~~~~~~~~~~~~~~~~~~~~~~~~~~~~~~~~~~~~~~~~~~~~~~
      ave.     -0.04      0.14      3.40      0.31      0.68     36.58
      s.d.      0.52      0.45      0.26      5.08      6.78      4.94
****************************************************************************
NUPARM base-pair helical parameters
    step       X-disp    Y-disp   h-Rise     Incl.       Tip   h-Twist
   1 CG/CG     -0.03     -0.96      3.89      1.11      8.09     44.10
   2 GC/GC      0.98     -0.72      3.59     -6.60     -4.17     41.30
   3 CA/TG      0.01      1.05      3.10     16.70     -5.72     36.04
   4 AA/TT     -0.30      0.01      3.24      0.60      2.65     32.46
   5 AA/TT      0.15      0.59      3.43     -2.83     -1.91     41.36
   6 AA/TT     -1.99      1.49      3.21      4.86    -14.39     30.96
   7 AA/TT      0.10     -0.80      3.17      2.63      8.03     36.06
   8 AA/TT      0.20      1.05      3.16     -6.97     -6.27     43.79
   9 AG/CT     -0.38     -2.17      3.23     14.46      7.30     31.69
  10 GC/GC      2.48      1.02      3.46    -18.35      8.17     37.55
  11 CG/CG     -0.68      0.69      3.40     12.45     -7.67     36.88
          ~~~~~~~~~~~~~~~~~~~~~~~~~~~~~~~~~~~~~~~~~~~~~~~~~~~~~~~~~~~~
      ave.      0.05      0.11      3.35      1.64     -0.54     37.47
      s.d.      1.09      1.14      0.23     10.40      7.83      4.68
****************************************************************************
RNA base-pair parameters
     bp        Shear    Stretch   Stagger    Buckle  Propeller  Opening
    1 C-G      -1.04     -0.08     -0.40     15.07    -15.61    -11.89
    2 G-C      -0.67     -0.46      0.08     -2.23    -12.80     -2.08
    3 C-G      -0.10     -0.34      0.07    -10.69     -1.44     -5.00
    4 A-T       0.83     -0.36      0.01      7.10    -13.91     -2.11
    5 A-T       0.21     -0.14      0.21      7.57    -22.40     -0.27
    6 A-T       1.19     -0.29      0.13      4.49    -25.69      0.06
    7 A-T      -0.23     -0.34     -0.52     -5.24    -22.06     -3.20
    8 A-T       0.21     -0.30      0.29     -4.03    -17.95     -1.07
    9 A-T       1.10     -0.34     -0.43     -4.66    -18.27     -5.93
   10 G-C       0.58     -0.23      0.31      1.24    -10.54     -7.85
   11 C-G       0.24     -0.18      0.41     -0.40    -15.10     -6.94
   12 G-C      -0.81     -0.56     -0.01     -4.48     -5.05    -10.75
          ~~~~~~~~~~~~~~~~~~~~~~~~~~~~~~~~~~~~~~~~~~~~~~~~~~~~~~~~~~~~
      ave.      0.13     -0.30      0.01      0.31    -15.07     -4.75
      s.d.      0.73      0.13      0.30      7.14      7.05      4.00
****************************************************************************
RNA base-pair step parameters
    step       Shift     Slide      Rise      Tilt      Roll     Twist
   1 CG/CG      0.04      0.13      3.68     -5.73      1.05     44.26
   2 GC/GC      0.81      0.31      3.47      3.00     -4.67     40.89
   3 CA/TG     -0.36      0.93      3.27      3.53     10.05     34.09
   4 AA/TT     -0.18     -0.13      3.25     -1.44      0.34     32.27
   5 AA/TT     -0.31     -0.07      3.39      1.39     -2.04     41.41
   6 AA/TT      0.10     -0.74      3.23      7.53      2.70     30.38
   7 AA/TT      0.01      0.22      3.22     -4.95      1.58     35.57
   8 AA/TT     -0.34     -0.20      3.21      4.59     -5.39     43.21
   9 AG/CT      0.74      0.66      3.37     -3.99      7.62     30.23
  10 GC/GC     -1.11      0.40      3.62     -5.38    -11.95     35.24
  11 CG/CG      0.08      0.40      3.35      4.99      7.95     35.74
          ~~~~~~~~~~~~~~~~~~~~~~~~~~~~~~~~~~~~~~~~~~~~~~~~~~~~~~~~~~~~
      ave.     -0.05      0.17      3.37      0.32      0.66     36.66
      s.d.      0.53      0.45      0.16      4.79      6.53      5.02
****************************************************************************
RNA base-pair helical parameters
    step       X-disp    Y-disp   h-Rise     Incl.       Tip   h-Twist
   1 CG/CG      0.05     -0.67      3.65      1.36      7.38     44.64
   2 GC/GC      1.00     -0.79      3.46     -6.50     -4.18     41.26
   3 CA/TG     -0.04      1.13      3.35     16.37     -5.76     35.71
   4 AA/TT     -0.29      0.07      3.25      0.60      2.56     32.31
   5 AA/TT      0.14      0.60      3.38     -2.82     -1.91     41.48
   6 AA/TT     -1.88      1.24      3.08      4.99    -13.89     31.41
   7 AA/TT      0.12     -0.73      3.20      2.52      7.92     35.95
   8 AA/TT      0.26      0.91      3.16     -7.08     -6.03     43.79
   9 AG/CT     -0.31     -2.17      3.30     14.07      7.38     31.43
  10 GC/GC      2.41      0.91      3.43    -18.61      8.37     37.60
  11 CG/CG     -0.52      0.59      3.33     12.46     -7.82     36.95
          ~~~~~~~~~~~~~~~~~~~~~~~~~~~~~~~~~~~~~~~~~~~~~~~~~~~~~~~~~~~~
      ave.      0.09      0.10      3.33      1.58     -0.55     37.50
      s.d.      1.04      1.07      0.16     10.36      7.68      4.77
****************************************************************************
Strand I base step parameters
    step       Shift     Slide      Rise      Tilt      Roll     Twist
   1  C/G      -0.51     -0.22      3.89     -8.26      4.61     49.95
   2  G/C       0.19      0.00      3.53      1.52     -1.40     39.09
   3  C/A      -0.71      0.98      3.37     14.26      3.77     35.07
   4  A/A      -0.88      0.35      3.47      3.98     -1.68     33.04
   5  A/A      -0.32      0.30      3.54      8.55     -1.44     40.61
   6  A/A      -0.76     -0.66      3.34      8.70      4.49     27.03
   7  A/A      -0.18      0.07      3.58      1.95      2.07     36.98
   8  A/A      -0.65     -0.12      3.16     10.99     -6.85     39.31
   9  A/G       0.00      0.85      3.61      2.09     10.88     29.56
  10  G/C      -1.95      0.45      3.80     -1.33    -14.25     36.15
  11  C/G      -1.10     -0.07      3.40      5.28     12.45     33.64
          ~~~~~~~~~~~~~~~~~~~~~~~~~~~~~~~~~~~~~~~~~~~~~~~~~~~~~~~~~~~~
      ave.     -0.62      0.18      3.52      4.34      1.15     36.40
      s.d.      0.59      0.48      0.21      6.24      7.59      6.10
****************************************************************************
Strand I base helical parameters
    step       X-disp    Y-disp   h-Rise     Incl.       Tip   h-Twist
   1  C/G      -0.67     -1.96      3.88      5.22      9.37     50.84
   2  G/C       0.20     -1.89      3.54     -2.05     -2.22     39.15
   3  C/A       1.00      1.17      2.93      5.83    -22.05     38.04
   4  A/A       0.91      0.44      3.32     -2.90     -6.86     33.32
   5  A/A       0.60     -0.35      3.38     -2.01    -11.88     41.53
   6  A/A      -2.33      1.65      2.80      9.12    -17.69     28.75
   7  A/A      -0.21     -1.23      3.56      3.20     -3.01     37.09
   8  A/A       0.56      0.27      2.84     -9.65    -15.47     41.39
   9  A/G      -0.82     -1.35      3.67     20.18     -3.88     31.57
  10  G/C       2.73      0.93      3.43    -21.51      2.00     38.88
  11  C/G      -1.94      0.73      2.97     20.17     -8.55     36.26
          ~~~~~~~~~~~~~~~~~~~~~~~~~~~~~~~~~~~~~~~~~~~~~~~~~~~~~~~~~~~~
      ave.      0.00     -0.14      3.30      2.33     -7.30     37.89
      s.d.      1.43      1.28      0.36     12.17      9.14      5.86
****************************************************************************
Strand II base step parameters
    step       Shift     Slide      Rise      Tilt      Roll     Twist
   1  G/C       0.66      0.38      3.76     -2.62     -2.35     38.76
   2  C/G       1.45      0.57      3.48      4.25     -7.86     42.98
   3  G/T       0.00      0.85      3.23     -6.89     16.67     32.41
   4  T/T       0.53     -0.61      3.28     -6.66      2.49     30.80
   5  T/T      -0.28     -0.43      3.38     -5.78     -2.64     40.65
   6  T/T       0.90     -0.85      3.63      5.65      0.96     33.41
   7  T/T       0.29      0.32      3.05    -11.50      1.13     33.01
   8  T/T      -0.10     -0.30      3.45     -2.31     -3.59     46.00
   9  T/C       1.49      0.34      3.37    -10.31      4.74     30.20
  10  C/G      -0.28      0.22      3.68     -9.14     -9.40     33.91
  11  G/C       1.30      0.67      3.52      4.17      3.54     37.91
          ~~~~~~~~~~~~~~~~~~~~~~~~~~~~~~~~~~~~~~~~~~~~~~~~~~~~~~~~~~~~
      ave.      0.54      0.11      3.44     -3.74      0.34     36.37
      s.d.      0.68      0.56      0.21      6.11      7.04      5.23
****************************************************************************
Strand II base helical parameters
    step       X-disp    Y-disp   h-Rise     Incl.       Tip   h-Twist
   1  G/C       0.90      0.45      3.67     -3.47      3.87     38.91
   2  C/G       1.60      0.32      3.44    -10.32     -5.59     43.90
   3  G/T      -1.09      0.80      3.20     26.89     11.12     37.09
   4  T/T      -1.58     -0.41      3.03      4.55     12.17     31.61
   5  T/T      -0.30      1.53      3.41     -3.69      8.08     41.14
   6  T/T      -1.64      1.33      3.70      1.63     -9.60     33.90
   7  T/T       0.37     -0.32      2.79      1.88     19.21     34.97
   8  T/T      -0.04      1.72      3.46     -4.46      2.87     46.20
   9  T/C      -0.22     -2.68      2.73      8.60     18.71     32.26
  10  C/G       1.88      0.77      3.44    -15.15     14.74     36.35
  11  G/C       0.51      0.42      3.68      5.32     -6.25     38.30
          ~~~~~~~~~~~~~~~~~~~~~~~~~~~~~~~~~~~~~~~~~~~~~~~~~~~~~~~~~~~~
      ave.      0.04      0.36      3.32      1.07      6.30     37.69
      s.d.      1.17      1.22      0.34     11.05     10.11      4.64
