Reference frame: Origins (Ox, Oy, Oz) followed by the direction cosines of the
                 X- (Xx, Yx, Zx), Y- (Yx, Yx, Yx), and Z- (Zx, Zx, Zx) axes
*****************************************************************************************
Local base-pair reference frames
                Ox      Oy      Oz     Xx    Xy    Xz   Yx    Yy    Yz    Zx    Zy    Zz
   1 C-G       1.93   18.52    7.06  0.15 -0.59 -0.79  0.11  0.81 -0.58  0.98  0.00  0.19
   2 C-G       5.06   18.50    7.49  0.14 -0.16 -0.98  0.14  0.98 -0.14  0.98 -0.11  0.16
   3 A-T       8.58   18.58    7.74  0.06  0.54 -0.84  0.04  0.84  0.54  1.00 -0.07  0.03
   4 T-A      11.87   17.79    7.71  0.01  0.87 -0.48 -0.02  0.48  0.87  1.00  0.00  0.02
   5 T-A      15.00   18.00    7.12  0.01  0.99  0.12  0.00 -0.12  0.99  1.00 -0.01 -0.01
   6 A-T      18.48   18.39    7.11 -0.06  0.73  0.68  0.04 -0.68  0.73  1.00  0.07  0.01
   7 A-T      21.49   18.37    7.04 -0.08  0.21  0.97 -0.04 -0.98  0.21  1.00 -0.03  0.09
   8 T-A      25.06   19.24    7.03 -0.01 -0.39  0.92  0.10 -0.92 -0.39  0.99  0.09  0.05
   9 G-C      28.32   18.34    6.71 -0.07 -0.86  0.51  0.13 -0.52 -0.85  0.99  0.00  0.15
  10 G-C      31.66   18.34    6.59 -0.03 -1.00  0.03  0.15 -0.03 -0.99  0.99 -0.03  0.15
*****************************************************************************************
Local middle reference frames
                Ox      Oy      Oz     Xx    Xy    Xz   Yx    Yy    Yz    Zx    Zy    Zz
   1 CC/GG     3.50   18.51    7.28  0.14 -0.39 -0.91  0.12  0.92 -0.37  0.98 -0.06  0.17
   2 CA/TG     6.82   18.54    7.62  0.11  0.20 -0.97  0.07  0.98  0.21  0.99 -0.09  0.09
   3 AT/AT    10.23   18.18    7.73  0.04  0.73 -0.68  0.00  0.68  0.73  1.00 -0.03  0.03
   4 TT/AA    13.43   17.90    7.42  0.01  0.98 -0.19 -0.01  0.19  0.98  1.00 -0.00  0.01
   5 TA/TA    16.74   18.20    7.12 -0.03  0.91  0.42  0.01 -0.42  0.91  1.00  0.03  0.00
   6 AA/TT    19.99   18.38    7.08 -0.05  0.49  0.87 -0.01 -0.87  0.49  1.00  0.02  0.05
   7 AT/AT    23.28   18.80    7.04 -0.06 -0.10  0.99  0.04 -0.99 -0.09  1.00  0.03  0.07
   8 TG/CA    26.69   18.79    6.87 -0.04 -0.65  0.75  0.10 -0.75 -0.65  0.99  0.05  0.10
   9 GG/CC    29.99   18.34    6.65 -0.05 -0.96  0.28  0.14 -0.28 -0.95  0.99 -0.01  0.15
*****************************************************************************************
Local middle helical reference frames
                Ox      Oy      Oz     Xx    Xy    Xz   Yx    Yy    Yz    Zx    Zy    Zz
   1 CC/GG     3.50   17.25    7.21 -0.05 -0.38 -0.92 -0.03  0.92 -0.38  1.00  0.00 -0.06
   2 CA/TG     6.83   18.93    7.35  0.13  0.20 -0.97 -0.11  0.98  0.19  0.99  0.08  0.15
   3 AT/AT    10.48   19.30    6.32  0.13  0.73 -0.68 -0.11  0.69  0.72  0.99 -0.02  0.17
   4 TT/AA    13.41   18.73    7.57 -0.04  0.98 -0.19  0.01  0.19  0.98  1.00  0.04 -0.02
   5 TA/TA    16.67   18.88    7.73 -0.05  0.91  0.42 -0.11 -0.42  0.90  0.99 -0.00  0.13
   6 AA/TT    19.99   18.04    7.47  0.13  0.49  0.86 -0.03 -0.87  0.49  0.99 -0.09 -0.10
   7 AT/AT    22.94   20.19    7.83 -0.24 -0.11  0.97  0.12 -0.99 -0.08  0.96  0.09  0.25
   8 TG/CA    26.69   19.08    6.02 -0.04 -0.65  0.75 -0.10 -0.75 -0.66  0.99 -0.10 -0.04
   9 GG/CC    29.99   19.17    6.80 -0.05 -0.96  0.28  0.08 -0.28 -0.96  1.00 -0.02  0.09
*****************************************************************************************
Local strand I base reference frames
                Ox      Oy      Oz     Xx    Xy    Xz   Yx    Yy    Yz    Zx    Zy    Zz
   1 C         2.03   18.19    7.04  0.26 -0.61 -0.75  0.09  0.79 -0.61  0.96  0.09  0.26
   2 C         4.95   18.27    7.37  0.26 -0.24 -0.94  0.22  0.96 -0.18  0.94 -0.16  0.30
   3 A         8.57   18.52    7.63  0.16  0.50 -0.85  0.06  0.86  0.51  0.99 -0.13  0.11
   4 T        11.92   17.59    7.67  0.15  0.85 -0.51 -0.01  0.52  0.86  0.99 -0.12  0.09
   5 T        14.94   18.23    7.03  0.16  0.98  0.14  0.05 -0.15  0.99  0.99 -0.15 -0.07
   6 A        18.45   18.46    6.92  0.09  0.69  0.72 -0.03 -0.72  0.70  1.00 -0.09 -0.05
   7 A        21.82   18.34    6.87  0.03  0.19  0.98 -0.03 -0.98  0.19  1.00 -0.03 -0.03
   8 T        25.00   19.38    7.12  0.16 -0.40  0.90  0.05 -0.91 -0.41  0.99  0.11 -0.12
   9 G        28.33   18.10    6.95 -0.02 -0.82  0.57  0.14 -0.56 -0.81  0.99  0.07  0.12
  10 G        31.70   18.36    6.65  0.08 -1.00  0.03  0.21 -0.02 -0.98  0.98  0.08  0.20
*****************************************************************************************
Local strand II base reference frames
                Ox      Oy      Oz     Xx    Xy    Xz   Yx    Yy    Yz    Zx    Zy    Zz
   1 G         1.83   18.86    7.08  0.05 -0.56 -0.83  0.14  0.82 -0.55  0.99 -0.09  0.12
   2 G         5.17   18.73    7.62  0.01 -0.09 -1.00  0.06  0.99 -0.09  1.00 -0.06  0.01
   3 T         8.60   18.63    7.84 -0.04  0.57 -0.82  0.03  0.82  0.57  1.00 -0.01 -0.05
   4 A        11.83   17.99    7.76 -0.14  0.88 -0.45 -0.02  0.45  0.89  0.99  0.13 -0.04
   5 A        15.06   17.78    7.21 -0.13  0.99  0.10 -0.05 -0.10  0.99  0.99  0.12  0.06
   6 T        18.52   18.33    7.30 -0.21  0.74  0.63  0.08 -0.63  0.77  0.97  0.22  0.07
   7 T        21.16   18.39    7.22 -0.19  0.23  0.96 -0.06 -0.97  0.22  0.98 -0.02  0.20
   8 A        25.12   19.11    6.94 -0.18 -0.37  0.91  0.14 -0.92 -0.35  0.97  0.07  0.22
   9 C        28.31   18.58    6.48 -0.13 -0.88  0.45  0.12 -0.47 -0.88  0.98 -0.06  0.17
  10 C        31.62   18.31    6.53 -0.14 -0.99  0.03  0.09 -0.04 -0.99  0.99 -0.14  0.10
****************************************************************************
Local strand I base step parameters
    step       Shift     Slide      Rise      Tilt      Roll     Twist
   1  C/C       0.38      0.38      2.90     14.54      3.87     23.79
   2  C/A       0.60      0.71      3.51     -0.20     11.45     42.36
   3  A/T      -0.14     -0.56      3.43      0.64      1.29     28.34
   4  T/T       1.16     -0.44      2.90      9.13      0.57     38.84
   5  T/A       0.61     -0.20      3.46      0.16      3.77     37.65
   6  A/A       0.10     -0.04      3.38      2.37      2.37     32.99
   7  A/T       0.38     -0.96      3.18      7.54     -6.45     34.90
   8  T/G       0.88      1.32      3.20      7.12     12.66     30.59
   9  G/G      -0.26      0.80      3.28      4.72      0.40     33.12
          ~~~~~~~~~~~~~~~~~~~~~~~~~~~~~~~~~~~~~~~~~~~~~~~~~~~~~~~~~~~~
      ave.      0.41      0.11      3.25      5.12      3.33     33.62
      s.d.      0.46      0.74      0.23      4.94      5.81      5.66
****************************************************************************
Local strand I base helical parameters
    step       X-disp    Y-disp   h-Rise     Incl.       Tip   h-Twist
   1  C/C      -0.06      2.40      2.70      8.39    -31.56     28.09
   2  C/A      -0.25     -0.83      3.58     15.51      0.27     43.81
   3  A/T      -1.45      0.45      3.40      2.64     -1.31     28.37
   4  T/T      -0.71     -0.72      3.08      0.85    -13.50     39.87
   5  T/A      -0.82     -0.92      3.42      5.82     -0.25     37.83
   6  A/A      -0.48      0.23      3.37      4.15     -4.17     33.16
   7  A/T      -0.62      0.45      3.31    -10.49    -12.27     36.24
   8  T/G       0.03     -0.25      3.57     22.47    -12.65     33.79
   9  G/G       1.33      1.24      3.22      0.71     -8.22     33.45
          ~~~~~~~~~~~~~~~~~~~~~~~~~~~~~~~~~~~~~~~~~~~~~~~~~~~~~~~~~~~~
      ave.     -0.34      0.23      3.29      5.56     -9.30     34.96
      s.d.      0.77      1.08      0.27      9.40      9.99      5.12
****************************************************************************
Local strand II base step parameters
    step       Shift     Slide      Rise      Tilt      Roll     Twist
   1  G/G      -0.34      0.02      3.37     -3.71      5.09     28.83
   2  G/T      -0.27      0.09      3.42     -2.19      4.31     39.66
   3  T/A      -0.68     -0.50      3.18     -5.46      5.74     28.39
   4  A/A      -0.51     -0.68      3.17     -5.81     -1.65     32.21
   5  A/T      -0.10     -0.12      3.51      1.56      5.44     34.23
   6  T/T      -0.49     -0.06      2.59    -15.53     -0.96     35.83
   7  T/A      -1.14     -0.54      3.84      5.05      0.55     35.07
   8  A/C      -0.43      1.11      3.04     -7.39      2.68     39.94
   9  C/C      -0.16      0.35      3.30     -4.85      3.14     25.11
          ~~~~~~~~~~~~~~~~~~~~~~~~~~~~~~~~~~~~~~~~~~~~~~~~~~~~~~~~~~~~
      ave.     -0.46     -0.04      3.27     -4.26      2.70     33.25
      s.d.      0.31      0.55      0.34      5.77      2.79      5.09
****************************************************************************
Local strand II base helical parameters
    step       X-disp    Y-disp   h-Rise     Incl.       Tip   h-Twist
   1  G/G      -1.08     -0.15      3.34     10.06      7.35     29.50
   2  G/T      -0.39      0.13      3.42      6.32      3.21     39.94
   3  T/A      -2.19      0.19      3.09     11.43     10.87     29.45
   4  A/A      -0.92     -0.09      3.24     -2.95     10.36     32.76
   5  A/T      -1.09      0.42      3.44      9.17     -2.62     34.68
   6  T/T       0.01     -0.83      2.58     -1.48     23.91     38.96
   7  T/A      -0.99      2.73      3.63      0.91     -8.32     35.43
   8  A/C       1.32     -0.16      3.13      3.87     10.70     40.67
   9  C/C      -0.10     -1.03      3.29      7.09     10.97     25.76
          ~~~~~~~~~~~~~~~~~~~~~~~~~~~~~~~~~~~~~~~~~~~~~~~~~~~~~~~~~~~~
      ave.     -0.60      0.14      3.24      4.94      7.38     34.13
      s.d.      0.97      1.08      0.30      5.17      9.23      5.21
****************************************************************************
xyz coordinates of C1' atoms

    bp        xI       yI       zI       xII      yII      zII
   1 C-G     1.839   23.962    5.609    0.905   15.839   12.120
   2 C-G     5.524   23.945    8.768    4.789   13.626   10.593
   3 A-T     8.531   21.895   12.485    8.562   12.846    6.876
   4 T-A    11.419   18.151   13.426   12.246   13.459    4.187
   5 T-A    14.742   15.023   11.938   15.574   15.894    1.671
   6 A-T    18.074   12.881    9.037   18.657   19.888    1.613
   7 A-T    21.608   12.683    5.445   21.949   22.910    3.659
   8 T-A    24.933   15.474    2.680   24.797   24.968    6.617
   9 G-C    29.198   17.231    1.229   27.986   23.292   10.017
  10 G-C    32.692   20.747    1.258   31.530   21.023   11.736
****************************************************************************
xyz coordinates of RN9/YN1 atoms

    bp        xI       yI       zI       xII      yII      zII
   1 C-G     2.072   22.547    5.253    1.117   15.816   10.680
   2 C-G     5.641   22.938    7.731    4.870   14.336    9.325
   3 A-T     8.620   21.739   11.054    8.506   14.215    6.310
   4 T-A    11.708   18.847   12.149   12.053   14.856    4.283
   5 T-A    14.972   16.311   11.323   15.380   16.995    2.593
   6 A-T    18.190   14.336    9.162   18.398   20.256    3.025
   7 A-T    21.678   13.695    6.463   21.685   22.458    5.023
   8 T-A    25.043   15.796    4.111   24.702   23.752    7.385
   9 G-C    28.999   16.587    2.535   27.925   21.840    9.883
  10 G-C    32.559   19.563    2.113   31.379   19.756   10.987
****************************************************************************
xyz coordinates of RC8/YC6 atoms

    bp        xI       yI       zI       xII      yII      zII
   1 C-G     2.463   22.174    3.986    1.106   14.750    9.825
   2 C-G     6.089   23.117    6.483    4.852   13.804    8.048
   3 A-T     8.866   22.728   10.084    8.413   14.474    4.975
   4 T-A    11.864   20.181   12.005   11.952   15.785    3.352
   5 T-A    15.192   17.447   11.995   15.287   18.318    2.334
   6 A-T    18.295   14.960   10.353   18.107   21.541    3.371
   7 A-T    21.703   13.531    7.818   21.500   23.341    6.099
   8 T-A    25.234   14.753    5.042   24.407   23.626    8.711
   9 G-C    29.025   15.322    2.939   27.715   20.989   10.929
  10 G-C    32.689   18.263    1.796   31.150   18.542   11.573
****************************************************************************
xyz coordinates of O1P atoms w.r.t. the middle frame of each dimer

    step       xI      yI      zI     xII     yII     zII
   1 CC/GG   -4.17    9.21   -2.22   -3.66   10.17   -1.19
   2 CA/TG   -3.08    9.76   -1.01   -3.69    9.38   -1.97
   3 AT/AT   -3.64    9.73   -1.17   -4.59    9.45   -1.12
   4 TT/AA   -4.69    9.32   -0.87   -4.30    9.95   -0.85
   5 TA/TA   -4.65    9.73   -1.02   -4.69    9.25   -1.32
   6 AA/TT   -4.44    9.50   -1.05   -3.61    9.75   -0.14
   7 AT/AT   -3.98   10.04   -0.70   -4.07    9.95   -0.88
   8 TG/CA   -3.67    9.77   -1.69   -3.75    9.58   -0.82
   9 GG/CC   -3.19    9.44   -1.36   -4.52    9.35   -2.50
****************************************************************************
xyz coordinates of O1P atoms w.r.t. the middle helix frame of each dimer

    step      xIH     yIH     zIH     xIIH    yIIH    zIIH
   1 CC/GG   -4.34   10.63   -1.63   -4.22    9.05    1.02
   2 CA/TG   -3.42    9.44    0.82   -4.00    9.92   -0.35
   3 AT/AT   -5.47   10.06    0.27   -6.31    9.26   -0.41
   4 TT/AA   -5.43    9.00   -1.23   -5.13   10.24   -0.82
   5 TA/TA   -5.51    9.52    0.06   -5.58    9.60   -0.06
   6 AA/TT   -4.71    9.02    0.04   -3.73   10.26   -0.52
   7 AT/AT   -4.43   11.40   -2.18   -4.93    8.40   -0.94
   8 TG/CA   -2.84    9.56    0.32   -2.93    9.89    1.12
   9 GG/CC   -2.44    9.88   -0.83   -3.75    9.10   -1.99
****************************************************************************
xyz coordinates of O2P atoms w.r.t. the middle frame of each dimer

    step       xI      yI      zI     xII     yII     zII
   1 CC/GG   -2.36    9.80   -0.45   -2.21    9.33    0.57
   2 CA/TG   -1.69    9.23    1.21   -2.07    9.23    0.25
   3 AT/AT   -2.13    9.45    1.03   -2.76    9.97    0.61
   4 TT/AA   -2.30    9.19    0.63   -2.12    9.27    0.29
   5 TA/TA   -2.48    9.46    0.48   -2.63    9.05    0.48
   6 AA/TT   -2.56    9.07    0.92   -1.58    8.62    1.32
   7 AT/AT   -1.90    9.10    0.33   -1.95    9.10    0.66
   8 TG/CA   -1.56    9.26   -0.13   -1.57    8.93    0.62
   9 GG/CC   -1.75    9.10    0.89   -2.18    9.68   -1.07
****************************************************************************
xyz coordinates of O2P atoms w.r.t. the middle helix frame of each dimer

    step      xIH     yIH     zIH     xIIH    yIIH    zIIH
   1 CC/GG   -2.91   10.93    0.53   -2.47    7.98    2.32
   2 CA/TG   -1.98    8.53    2.88   -2.43    9.37    1.85
   3 AT/AT   -3.78    9.53    2.29   -4.65    9.57    1.51
   4 TT/AA   -3.11    8.90    0.38   -2.90    9.58    0.23
   5 TA/TA   -3.38    9.07    1.57   -3.48    9.19    1.65
   6 AA/TT   -2.50    8.54    1.62   -1.99    9.08    1.25
   7 AT/AT   -2.56   10.56   -0.72   -2.57    7.67    0.27
   8 TG/CA   -0.73    8.76    1.74   -0.75    8.96    2.41
   9 GG/CC   -0.99    9.41    1.40   -1.42    9.35   -0.54
****************************************************************************
xyz coordinates of P atoms w.r.t. the middle frame of each dimer

    step       xI      yI      zI     xII     yII     zII
   1 CC/GG   -3.44    8.91   -1.00   -3.16    8.88   -0.56
   2 CA/TG   -2.61    8.89    0.08   -2.95    8.75   -0.82
   3 AT/AT   -3.03    8.97   -0.05   -3.31    9.04   -0.37
   4 TT/AA   -3.46    8.81   -0.18   -3.28    9.03   -0.63
   5 TA/TA   -3.49    8.93   -0.49   -3.62    8.61   -0.52
   6 AA/TT   -3.51    8.80   -0.19   -2.86    8.72    0.53
   7 AT/AT   -3.24    8.82   -0.32   -3.24    9.00   -0.11
   8 TG/CA   -2.80    8.84   -0.92   -2.71    8.66   -0.30
   9 GG/CC   -2.80    8.74   -0.16   -3.29    8.93   -1.80
****************************************************************************
xyz coordinates of P atoms w.r.t. the middle helix frame of each dimer

    step      xIH     yIH     zIH     xIIH    yIIH    zIIH
   1 CC/GG   -3.85   10.14   -0.34   -3.63    7.69    1.35
   2 CA/TG   -2.93    8.40    1.73   -3.29    9.10    0.69
   3 AT/AT   -4.77    9.17    1.24   -5.10    8.76    0.39
   4 TT/AA   -4.24    8.50   -0.48   -4.10    9.33   -0.63
   5 TA/TA   -4.37    8.66    0.52   -4.49    8.88    0.62
   6 AA/TT   -3.64    8.30    0.69   -3.11    9.20    0.24
   7 AT/AT   -3.77   10.22   -1.58   -3.97    7.51   -0.26
   8 TG/CA   -1.97    8.50    0.89   -1.88    8.88    1.45
   9 GG/CC   -2.04    9.11    0.34   -2.53    8.64   -1.31
****************************************************************************
xyz coordinates of P atoms

    bp        xI       yI       zI       xII      yII      zII
   1 C-G     ----     ----     ----     2.546   11.530   13.570
   2 C-G     3.101   28.096    6.915    6.693    9.333    8.740
   3 A-T     7.236   26.679   12.024   10.423    9.572    3.409
   4 T-A    10.089   22.116   16.336   14.107   12.956   -0.826
   5 T-A    13.175   16.167   16.721   17.291   18.574   -2.219
   6 A-T    16.409   11.245   13.734   19.673   24.551    0.269
   7 A-T    19.923    8.988    8.355   23.248   28.071    4.668
   8 T-A    23.497   10.331    2.968   26.250   27.110   10.478
   9 G-C    26.759   13.910   -1.066   30.700   24.014   14.464
  10 G-C    31.195   18.534   -2.439    ----     ----     ---- 
*******************************************************************************************
Phosphorus-phosphorus distance in Angstroms

            1      2      3      4      5      6      7      8      9     10
            G      G      T      A      A      T      T      A      C      C   
   1 C    ----   ----   ----   ----   ----   ----   ----   ----   ----   ----
   2 C    17.9   19.2   20.2   20.3   19.4   18.2   20.3   23.4   28.9   ----
   3 A    15.9   17.7   19.4   20.0   19.2   17.2   17.7   19.1   23.7   ----
   4 T    13.3   15.3   18.0   19.9   20.2   18.9   18.6   17.9   20.8   ----
   5 T    12.0   12.3   15.1   17.9   19.5   19.6   19.7   18.2   19.3   ----
   6 A    13.9   11.1   12.1   14.8   17.6   19.2   20.3   19.0   19.2   ----
   7 A    18.3   13.2   10.7   11.6   14.5   17.5   19.7   19.3   19.5   ----
   8 T    23.5   17.8   13.1   10.5   11.5   15.0   17.8   18.6   19.3   ----
   9 G    28.4   22.8   17.5   12.7   10.6   12.9   15.7   17.5   18.9   ----
  10 G    33.6   28.5   23.4   18.0   13.9   13.3   14.3   16.3   17.8   ----
****************************************************************************
Strand I helix radius

    step          P        O4'       C1'
   1  C/C      11.97      8.72      8.16
   2  C/A       8.51      5.89      5.11
   3  A/T      10.53      7.61      6.97
   4  T/T       9.18      6.03      5.54
   5  T/A       9.24      6.33      5.51
   6  A/A       9.87      7.01      6.32
   7  A/T       9.80      6.51      6.37
   8  T/G       8.91      6.22      5.44
   9  G/G      10.12      7.01      6.70
****************************************************************************
Strand II helix radius

    step          P        O4'       C1'
   1  G/G      10.11      7.20      6.56
   2  G/T       9.41      6.58      5.94
   3  T/A      10.57      7.45      6.90
   4  A/A      10.04      6.69      6.30
   5  A/T       9.42      6.72      6.00
   6  T/T      10.06      7.13      6.50
   7  T/A       7.63      4.86      4.28
   8  A/C       8.96      5.99      5.63
   9  C/C      10.69      7.34      6.86
****************************************************************************************
Base-pair helix axis

               Ox      Oy      Oz     Xx    Xy    Xz   Yx    Yy    Yz    Zx    Zy    Zz
   1 CC/GG    1.95   17.25    7.31 -0.05 -0.59 -0.80 -0.04  0.81 -0.59  1.00  0.00 -0.06
              5.04   17.26    7.12 -0.06 -0.15 -0.99 -0.01  0.99 -0.15  1.00  0.00 -0.06
   2 CA/TG    5.10   18.79    7.08  0.16 -0.16 -0.97 -0.05  0.98 -0.17  0.99  0.08  0.15
              8.56   19.07    7.62  0.09  0.54 -0.84 -0.15  0.84  0.52  0.99  0.08  0.15
   3 AT/AT    8.88   19.32    6.04  0.15  0.53 -0.83 -0.08  0.85  0.53  0.99 -0.02  0.17
             12.09   19.27    6.59  0.09  0.87 -0.48 -0.14  0.48  0.86  0.99 -0.02  0.17
   4 TT/AA   11.84   18.67    7.59 -0.04  0.87 -0.48 -0.00  0.48  0.87  1.00  0.04 -0.02
             14.98   18.79    7.54 -0.03  0.99  0.12  0.02 -0.12  0.99  1.00  0.04 -0.02
   5 TA/TA   14.95   18.88    7.51 -0.01  0.99  0.12 -0.12 -0.12  0.98  0.99 -0.00  0.13
             18.38   18.87    7.94 -0.08  0.73  0.68 -0.09 -0.68  0.72  0.99 -0.00  0.13
   6 AA/TT   18.51   18.18    7.62  0.13  0.73  0.67  0.01 -0.68  0.73  0.99 -0.09 -0.10
             21.47   17.90    7.33  0.11  0.20  0.97 -0.07 -0.98  0.21  0.99 -0.09 -0.10
   7 AT/AT   21.24   20.02    7.40 -0.26  0.20  0.94  0.04 -0.97  0.22  0.96  0.09  0.25
             24.64   20.35    8.26 -0.19 -0.41  0.89  0.18 -0.91 -0.37  0.96  0.09  0.25
   8 TG/CA   25.02   19.25    6.09 -0.01 -0.39  0.92 -0.11 -0.92 -0.39  0.99 -0.10 -0.04
             28.35   18.90    5.96 -0.07 -0.86  0.51 -0.09 -0.51 -0.86  0.99 -0.10 -0.04
   9 GG/CC   28.35   19.21    6.64 -0.07 -0.86  0.51  0.07 -0.52 -0.85  1.00 -0.02  0.09
             31.64   19.13    6.96 -0.03 -1.00  0.03  0.09 -0.03 -1.00  1.00 -0.02  0.09
****************************************************************************************
Strand I helix axis

               Ox      Oy      Oz     Xx    Xy    Xz   Yx    Yy    Yz    Zx    Zy    Zz
   1  C/C     2.15   16.26    8.46 -0.28 -0.60 -0.75 -0.06  0.79 -0.61  0.96 -0.13 -0.26
              4.74   15.91    7.76 -0.28 -0.16 -0.95  0.08  0.98 -0.19  0.96 -0.13 -0.26
   2  C/A     4.99   19.01    6.92  0.26 -0.24 -0.93 -0.03  0.97 -0.26  0.96  0.10  0.25
              8.44   19.36    7.80  0.17  0.50 -0.85 -0.21  0.86  0.46  0.96  0.10  0.25
   3  A/T     8.76   18.86    6.17  0.14  0.50 -0.86  0.01  0.86  0.50  0.99 -0.08  0.11
             12.12   18.58    6.55  0.13  0.85 -0.51 -0.05  0.52  0.85  0.99 -0.08  0.11
   4  T/T    11.84   18.57    7.92 -0.08  0.85 -0.52 -0.02  0.52  0.85  1.00  0.08 -0.02
             14.91   18.83    7.84 -0.08  0.99  0.15  0.04 -0.15  0.99  1.00  0.08 -0.02
   5  T/A    15.02   18.90    8.05  0.15  0.98  0.14 -0.05 -0.13  0.99  0.99 -0.16  0.03
             18.40   18.37    8.15  0.09  0.69  0.72 -0.13 -0.71  0.70  0.99 -0.16  0.03
   6  A/A    18.48   18.96    7.11  0.02  0.70  0.72 -0.10 -0.71  0.70  0.99 -0.09  0.06
             21.83   18.66    7.30 -0.04  0.19  0.98 -0.10 -0.98  0.19  0.99 -0.09  0.06
   7  A/T    21.64   18.89    7.38 -0.18  0.17  0.97  0.16 -0.97  0.20  0.97  0.19  0.15
             24.86   19.51    7.86 -0.05 -0.43  0.90  0.23 -0.88 -0.41  0.97  0.19  0.15
   8  T/G    24.91   19.17    6.99 -0.06 -0.37  0.93 -0.33 -0.87 -0.37  0.94 -0.33 -0.08
             28.27   18.00    6.72 -0.23 -0.79  0.56 -0.25 -0.51 -0.82  0.94 -0.33 -0.08
   9  G/G    28.38   19.90    7.23 -0.16 -0.82  0.55  0.13 -0.56 -0.82  0.98 -0.06  0.19
             31.54   19.71    7.86 -0.06 -1.00  0.01  0.19 -0.02 -0.98  0.98 -0.06  0.19
****************************************************************************************
Strand II helix axis

               Ox      Oy      Oz     Xx    Xy    Xz   Yx    Yy    Yz    Zx    Zy    Zz
   1  G/G     2.01   18.37    6.13  0.17 -0.56 -0.81 -0.03  0.82 -0.57  0.98  0.12  0.12
              5.30   18.79    6.54  0.14 -0.08 -0.99 -0.11  0.99 -0.10  0.98  0.12  0.12
   2  G/T     5.20   18.56    7.24  0.06 -0.09 -0.99 -0.05  0.99 -0.09  1.00  0.05  0.06
              8.62   18.74    7.44  0.02  0.57 -0.82 -0.08  0.82  0.57  1.00  0.05  0.06
   3  T/A     8.96   19.73    5.97  0.15  0.57 -0.81 -0.16  0.82  0.55  0.97  0.05  0.22
             11.98   19.88    6.65  0.05  0.90 -0.43 -0.22  0.43  0.88  0.97  0.05  0.22
   4  A/A    11.87   18.85    7.42  0.04  0.89 -0.45  0.03  0.45  0.89  1.00 -0.05 -0.01
             15.10   18.68    7.39  0.05  0.99  0.10  0.00 -0.10  0.99  1.00 -0.05 -0.01
   5  A/T    14.95   18.90    6.90 -0.17  0.98  0.09 -0.21 -0.13  0.97  0.96  0.15  0.22
             18.27   19.41    7.67 -0.26  0.73  0.63 -0.07 -0.66  0.75  0.96  0.15  0.22
   6  T/T    18.61   17.80    7.93  0.20  0.77  0.61  0.11 -0.63  0.77  0.97 -0.09 -0.21
             21.12   17.58    7.39  0.22  0.20  0.95 -0.04 -0.98  0.22  0.97 -0.09 -0.21
   7  T/A    21.05   21.27    7.55 -0.33  0.23  0.92 -0.08 -0.97  0.21  0.94 -0.00  0.34
             24.47   21.26    8.78 -0.32 -0.38  0.87  0.13 -0.93 -0.36  0.94 -0.00  0.34
   8  A/C    25.12   19.43    5.65  0.01 -0.36  0.93  0.07 -0.93 -0.36  1.00  0.07  0.02
             28.24   19.66    5.71  0.06 -0.88  0.47  0.05 -0.47 -0.88  1.00  0.07  0.02
   9  C/C    28.31   18.01    5.62  0.06 -0.88  0.47 -0.01 -0.47 -0.88  1.00  0.05 -0.03
             31.60   18.17    5.51  0.05 -1.00  0.04 -0.03 -0.04 -1.00  1.00  0.05 -0.03
