  10 # base-pairs
   1 # ***local base-pair & helical parameters***
#        Shear    Stretch   Stagger   Buckle   Prop-Tw   Opening     X-disp    Y-disp    h-Rise    Incl.     Tip     h-Twist
C-G      0.454    -0.489     0.186    -3.894   -12.825    -3.330     0.000     0.000     0.000     0.000     0.000     0.000
C-G      0.288    -0.447    -0.201     8.521   -15.688    -7.010    -0.560     1.170     3.102     8.589   -11.456    27.639
A-T      0.119    -0.202    -0.030     1.230   -11.598    -4.032    -0.362    -0.355     3.512    11.010     1.424    41.874
T-A     -0.311    -0.268     0.086     0.667   -16.481    -4.591    -1.852     0.283     3.249     6.845     5.051    28.843
T-A      0.427    -0.241    -0.120     5.768   -16.253     2.441    -0.830    -0.322     3.142    -0.980    -2.722    36.068
A-T     -0.160    -0.369    -0.072    -7.006   -17.543     6.118    -0.919    -0.283     3.458     7.393    -1.456    36.166
A-T     -0.403    -0.058     0.635     2.143   -13.000     1.689    -0.186    -0.518     2.988     1.674    11.005    35.538
T-A      0.056    -0.328    -0.093    -5.239   -19.076     3.383    -0.734     1.548     3.522    -4.783   -10.542    35.772
G-C      0.646    -0.148     0.088     1.747    -7.474    -6.431     0.872    -0.361     3.345    12.224     0.122    36.332
G-C     -0.043    -0.107     0.089     6.514   -12.448     1.703     0.784     0.389     3.313     3.304     0.180    29.327
