  10 # base-pairs
   0 # ***local base-pair & step parameters***
#        Shear    Stretch   Stagger   Buckle   Prop-Tw   Opening     Shift     Slide     Rise      Tilt      Roll      Twist
C-G      0.454    -0.489     0.186    -3.894   -12.825    -3.330     0.000     0.000     0.000     0.000     0.000     0.000
C-G      0.288    -0.447    -0.201     8.521   -15.688    -7.010     0.052     0.191     3.157     5.419     4.063    26.812
A-T      0.119    -0.202    -0.030     1.230   -11.598    -4.032     0.172     0.374     3.506    -1.012     7.825    41.157
T-A     -0.311    -0.268     0.086     0.667   -16.481    -4.591    -0.422    -0.542     3.310    -2.507     3.398    28.539
T-A      0.427    -0.241    -0.120     5.768   -16.253     2.441     0.341    -0.565     3.121     1.685    -0.606    36.025
A-T     -0.160    -0.369    -0.072    -7.006   -17.543     6.118     0.260    -0.143     3.497     0.901     4.577    35.873
A-T     -0.403    -0.058     0.635     2.143   -13.000     1.689    -0.234    -0.030     2.997    -6.679     1.016    34.911
T-A      0.056    -0.328    -0.093    -5.239   -19.076     3.383    -0.326    -0.735     3.587     6.436    -2.920    35.090
G-C      0.646    -0.148     0.088     1.747    -7.474    -6.431     0.218     1.207     3.167    -0.075     7.570    35.561
G-C     -0.043    -0.107     0.089     6.514   -12.448     1.703    -0.207     0.581     3.286    -0.091     1.672    29.280
