****************************************************************************
CEHS base-pair parameters
     bp        Shear    Stretch   Stagger    Buckle  Propeller  Opening
    1 C-G       0.45     -0.49      0.19     -3.89    -12.84     -3.31
    2 C-G       0.29     -0.45     -0.20      8.50    -15.75     -6.93
    3 A-T       0.12     -0.20     -0.03      1.23    -11.61     -4.01
    4 T-A      -0.31     -0.27      0.09      0.66    -16.49     -4.54
    5 T-A       0.43     -0.24     -0.12      5.75    -16.27      2.41
    6 A-T      -0.16     -0.37     -0.08     -6.98    -17.59      6.04
    7 A-T      -0.40     -0.06      0.64      2.14    -13.00      1.68
    8 T-A       0.06     -0.33     -0.09     -5.22    -19.10      3.33
    9 G-C       0.65     -0.15      0.09      1.75     -7.49     -6.42
   10 G-C      -0.04     -0.11      0.09      6.50    -12.46      1.69
          ~~~~~~~~~~~~~~~~~~~~~~~~~~~~~~~~~~~~~~~~~~~~~~~~~~~~~~~~~~~~
      ave.      0.11     -0.27      0.06      1.04    -14.26     -1.01
      s.d.      0.35      0.14      0.24      5.13      3.42      4.54
****************************************************************************
CEHS base-pair step parameters
    step       Shift     Slide      Rise      Tilt      Roll     Twist
   1 CC/GG      0.05      0.21      3.16      5.69      4.36     27.20
   2 CA/TG      0.17      0.39      3.50     -1.30      7.96     40.85
   3 AT/AT     -0.42     -0.53      3.31     -2.39      3.53     28.51
   4 TT/AA      0.34     -0.56      3.12      1.21     -0.60     36.20
   5 TA/TA      0.26     -0.16      3.50      0.60      4.50     35.43
   6 AA/TT     -0.24     -0.04      3.00     -6.35      0.74     35.23
   7 AT/AT     -0.32     -0.75      3.58      6.25     -2.98     34.80
   8 TG/CA      0.21      1.21      3.17      0.36      7.54     35.81
   9 GG/CC     -0.20      0.58      3.29     -0.38      1.66     29.43
          ~~~~~~~~~~~~~~~~~~~~~~~~~~~~~~~~~~~~~~~~~~~~~~~~~~~~~~~~~~~~
      ave.     -0.02      0.04      3.29      0.41      2.97     33.72
      s.d.      0.28      0.63      0.20      3.87      3.62      4.41
****************************************************************************
CompDNA base-pair parameters
     bp        Shear    Stretch   Stagger    Buckle  Propeller  Opening
    1 C-G       0.45     -0.49      0.19     -3.86    -12.83     -3.31
    2 C-G       0.29     -0.45     -0.20      8.41    -15.72     -6.96
    3 A-T       0.12     -0.20     -0.03      1.22    -11.60     -4.01
    4 T-A      -0.31     -0.27      0.09      0.66    -16.48     -4.54
    5 T-A       0.43     -0.24     -0.12      5.69    -16.27      2.42
    6 A-T      -0.16     -0.37     -0.07     -6.90    -17.56      6.06
    7 A-T      -0.40     -0.06      0.64      2.12    -13.00      1.68
    8 T-A       0.06     -0.33     -0.09     -5.14    -19.09      3.34
    9 G-C       0.65     -0.15      0.09      1.74     -7.47     -6.42
   10 G-C      -0.04     -0.11      0.09      6.46    -12.46      1.70
          ~~~~~~~~~~~~~~~~~~~~~~~~~~~~~~~~~~~~~~~~~~~~~~~~~~~~~~~~~~~~
      ave.      0.11     -0.27      0.06      1.04    -14.25     -1.01
      s.d.      0.35      0.14      0.24      5.08      3.42      4.55
****************************************************************************
CompDNA base-pair step parameters
    step       Shift     Slide      Rise      Tilt      Roll     Twist
   1 CC/GG      0.05      0.19      3.16      5.42      4.06     27.22
   2 CA/TG      0.17      0.37      3.51     -0.99      7.83     40.81
   3 AT/AT     -0.42     -0.54      3.31     -2.50      3.40     28.53
   4 TT/AA      0.34     -0.57      3.12      1.68     -0.61     36.21
   5 TA/TA      0.26     -0.14      3.50      0.90      4.58     35.38
   6 AA/TT     -0.23     -0.03      3.00     -6.68      1.00     35.29
   7 AT/AT     -0.33     -0.73      3.59      6.44     -2.91     34.85
   8 TG/CA      0.22      1.21      3.17     -0.09      7.57     35.73
   9 GG/CC     -0.21      0.58      3.29     -0.09      1.67     29.43
          ~~~~~~~~~~~~~~~~~~~~~~~~~~~~~~~~~~~~~~~~~~~~~~~~~~~~~~~~~~~~
      ave.     -0.02      0.04      3.29      0.45      2.95     33.72
      s.d.      0.28      0.63      0.20      3.94      3.57      4.40
****************************************************************************
Curves base-pair parameters (by Xiang-Jun Lu)
     bp        Shear    Stretch   Stagger    Buckle  Propeller  Opening
    1 C-G       0.45     -0.49      0.19     -3.94    -12.82     -3.33
    2 C-G       0.29     -0.45     -0.20      8.65    -15.63     -7.01
    3 A-T       0.12     -0.20     -0.03      1.24    -11.60     -4.03
    4 T-A      -0.31     -0.27      0.09      0.68    -16.48     -4.59
    5 T-A       0.43     -0.24     -0.12      5.87    -16.23      2.44
    6 A-T      -0.16     -0.37     -0.07     -7.14    -17.50      6.12
    7 A-T      -0.40     -0.06      0.64      2.17    -13.00      1.69
    8 T-A       0.05     -0.33     -0.09     -5.36    -19.05      3.38
    9 G-C       0.65     -0.15      0.09      1.75     -7.47     -6.43
   10 G-C      -0.04     -0.11      0.09      6.58    -12.42      1.70
          ~~~~~~~~~~~~~~~~~~~~~~~~~~~~~~~~~~~~~~~~~~~~~~~~~~~~~~~~~~~~
      ave.      0.11     -0.27      0.06      1.05    -14.22     -1.01
      s.d.      0.35      0.14      0.24      5.23      3.40      4.59
****************************************************************************
Curves base-pair step parameters
    step       Shift     Slide      Rise      Tilt      Roll     Twist
   1 CC/GG      0.05      0.19      3.16      5.42      4.06     26.41
   2 CA/TG      0.17      0.37      3.51     -1.04      7.82     41.42
   3 AT/AT     -0.42     -0.54      3.31     -2.51      3.40     28.55
   4 TT/AA      0.34     -0.56      3.12      1.69     -0.60     35.84
   5 TA/TA      0.26     -0.14      3.50      0.91      4.58     36.35
   6 AA/TT     -0.23     -0.03      3.00     -6.68      1.03     34.58
   7 AT/AT     -0.33     -0.73      3.59      6.43     -2.92     35.37
   8 TG/CA      0.22      1.21      3.17     -0.06      7.57     35.31
   9 GG/CC     -0.21      0.58      3.29     -0.09      1.67     29.13
          ~~~~~~~~~~~~~~~~~~~~~~~~~~~~~~~~~~~~~~~~~~~~~~~~~~~~~~~~~~~~
      ave.     -0.02      0.04      3.30      0.45      2.96     33.66
      s.d.      0.28      0.63      0.20      3.95      3.56      4.72
****************************************************************************
FreeHelix base-pair parameters (by Xiang-Jun Lu)
     bp        Shear    Stretch   Stagger    Buckle  Propeller  Opening
    1 C-G       0.45     -0.49      0.19     -3.89    -12.84     -3.31
    2 C-G       0.29     -0.45     -0.20      8.49    -15.76     -6.96
    3 A-T       0.12     -0.20     -0.03      1.23    -11.60     -4.01
    4 T-A      -0.31     -0.27      0.09      0.66    -16.48     -4.54
    5 T-A       0.43     -0.24     -0.12      5.75    -16.29      2.42
    6 A-T      -0.16     -0.37     -0.07     -6.98    -17.60      6.06
    7 A-T      -0.40     -0.06      0.64      2.14    -13.00      1.68
    8 T-A       0.06     -0.33     -0.09     -5.21    -19.11      3.34
    9 G-C       0.65     -0.15      0.09      1.75     -7.48     -6.42
   10 G-C      -0.04     -0.11      0.09      6.50    -12.48      1.70
          ~~~~~~~~~~~~~~~~~~~~~~~~~~~~~~~~~~~~~~~~~~~~~~~~~~~~~~~~~~~~
      ave.      0.11     -0.27      0.06      1.04    -14.26     -1.01
      s.d.      0.35      0.14      0.24      5.13      3.43      4.55
****************************************************************************
FreeHelix base-pair step parameters
    step       Shift     Slide      Rise      Tilt      Roll     Twist
   1 CC/GG      0.05      0.19      3.16      5.42      4.06     27.23
   2 CA/TG      0.17      0.37      3.51     -0.99      7.83     40.81
   3 AT/AT     -0.42     -0.54      3.31     -2.51      3.40     28.53
   4 TT/AA      0.34     -0.57      3.12      1.68     -0.61     36.21
   5 TA/TA      0.26     -0.14      3.50      0.90      4.58     35.38
   6 AA/TT     -0.23     -0.03      3.00     -6.68      1.01     35.29
   7 AT/AT     -0.33     -0.73      3.59      6.44     -2.92     34.85
   8 TG/CA      0.22      1.21      3.17     -0.09      7.57     35.73
   9 GG/CC     -0.21      0.58      3.29     -0.09      1.67     29.43
          ~~~~~~~~~~~~~~~~~~~~~~~~~~~~~~~~~~~~~~~~~~~~~~~~~~~~~~~~~~~~
      ave.     -0.02      0.04      3.29      0.45      2.95     33.72
      s.d.      0.28      0.63      0.20      3.95      3.57      4.40
****************************************************************************
NGEOM base-pair parameters
     bp        Shear    Stretch   Stagger    Buckle  Propeller  Opening
    1 C-G       0.45     -0.49      0.19     -3.89    -12.83     -3.33
    2 C-G       0.29     -0.45     -0.20      8.52    -15.69     -7.01
    3 A-T       0.12     -0.20     -0.03      1.23    -11.60     -4.03
    4 T-A      -0.31     -0.27      0.09      0.67    -16.48     -4.59
    5 T-A       0.43     -0.24     -0.12      5.77    -16.25      2.44
    6 A-T      -0.16     -0.37     -0.07     -7.01    -17.54      6.12
    7 A-T      -0.40     -0.06      0.64      2.14    -13.00      1.69
    8 T-A       0.06     -0.33     -0.09     -5.24    -19.08      3.38
    9 G-C       0.65     -0.15      0.09      1.75     -7.47     -6.43
   10 G-C      -0.04     -0.11      0.09      6.51    -12.45      1.70
          ~~~~~~~~~~~~~~~~~~~~~~~~~~~~~~~~~~~~~~~~~~~~~~~~~~~~~~~~~~~~
      ave.      0.11     -0.27      0.06      1.05    -14.24     -1.01
      s.d.      0.35      0.14      0.24      5.15      3.42      4.59
****************************************************************************
NGEOM base-pair step parameters
    step       Shift     Slide      Rise      Tilt      Roll     Twist
   1 CC/GG      0.07      0.20      3.16      5.42      4.06     26.81
   2 CA/TG      0.17      0.42      3.50     -1.01      7.83     41.16
   3 AT/AT     -0.43     -0.53      3.31     -2.51      3.40     28.54
   4 TT/AA      0.35     -0.57      3.12      1.68     -0.61     36.03
   5 TA/TA      0.26     -0.12      3.50      0.90      4.58     35.87
   6 AA/TT     -0.26     -0.03      3.00     -6.68      1.02     34.91
   7 AT/AT     -0.29     -0.75      3.59      6.44     -2.92     35.09
   8 TG/CA      0.22      1.24      3.15     -0.08      7.57     35.56
   9 GG/CC     -0.21      0.59      3.28     -0.09      1.67     29.28
          ~~~~~~~~~~~~~~~~~~~~~~~~~~~~~~~~~~~~~~~~~~~~~~~~~~~~~~~~~~~~
      ave.     -0.01      0.05      3.29      0.45      2.96     33.69
      s.d.      0.29      0.64      0.20      3.95      3.57      4.56
****************************************************************************
NUPARM base-pair parameters
     bp        Shear    Stretch   Stagger    Buckle  Propeller  Opening
    1 C-G       0.45     -0.49      0.19     -3.89    -12.83     -3.31
    2 C-G       0.29     -0.45     -0.20      8.51    -15.70     -6.92
    3 A-T       0.12     -0.20     -0.03      1.23    -11.61     -4.01
    4 T-A      -0.31     -0.27      0.09      0.67    -16.49     -4.54
    5 T-A       0.43     -0.24     -0.12      5.75    -16.25      2.41
    6 A-T      -0.16     -0.37     -0.08     -6.99    -17.56      6.03
    7 A-T      -0.40     -0.06      0.64      2.14    -13.00      1.68
    8 T-A       0.06     -0.33     -0.09     -5.22    -19.08      3.33
    9 G-C       0.65     -0.15      0.09      1.75     -7.49     -6.42
   10 G-C      -0.04     -0.11      0.09      6.50    -12.44      1.69
          ~~~~~~~~~~~~~~~~~~~~~~~~~~~~~~~~~~~~~~~~~~~~~~~~~~~~~~~~~~~~
      ave.      0.11     -0.27      0.06      1.04    -14.24     -1.01
      s.d.      0.35      0.14      0.24      5.14      3.42      4.54
****************************************************************************
NUPARM base-pair step parameters
    step       Shift     Slide      Rise      Tilt      Roll     Twist
   1 CC/GG      0.08      0.24      3.15      5.82      4.66     27.15
   2 CA/TG      0.15      0.48      3.49     -1.44      8.36     40.74
   3 AT/AT     -0.44     -0.50      3.31     -2.47      3.63     28.49
   4 TT/AA      0.36     -0.57      3.12      1.28     -0.66     36.20
   5 TA/TA      0.26     -0.12      3.50      0.61      4.84     35.40
   6 AA/TT     -0.29     -0.04      2.99     -6.68      0.70     35.17
   7 AT/AT     -0.26     -0.78      3.58      6.55     -3.09     34.73
   8 TG/CA      0.22      1.27      3.14      0.36      7.90     35.73
   9 GG/CC     -0.21      0.60      3.28     -0.39      1.66     29.42
          ~~~~~~~~~~~~~~~~~~~~~~~~~~~~~~~~~~~~~~~~~~~~~~~~~~~~~~~~~~~~
      ave.     -0.02      0.07      3.29      0.40      3.11     33.67
      s.d.      0.29      0.65      0.20      4.04      3.82      4.39
****************************************************************************
NUPARM base-pair helical parameters
    step       X-disp    Y-disp   h-Rise     Incl.       Tip   h-Twist
   1 CC/GG     -0.64      1.23      3.10      9.60    -11.68     28.16
   2 CA/TG     -0.34     -0.40      3.52     10.98      1.96     41.56
   3 AT/AT     -1.87      0.32      3.25      7.09      4.82     28.82
   4 TT/AA     -0.82     -0.39      3.14     -1.03     -1.97     36.23
   5 TA/TA     -0.97     -0.34      3.46      7.36     -0.96     35.71
   6 AA/TT     -0.16     -0.46      2.99      1.07     10.43     35.79
   7 AT/AT     -0.79      1.57      3.52     -4.75    -10.29     35.45
   8 TG/CA      0.88     -0.29      3.35     12.23     -0.58     36.59
   9 GG/CC      0.80      0.32      3.31      3.19      0.76     29.47
          ~~~~~~~~~~~~~~~~~~~~~~~~~~~~~~~~~~~~~~~~~~~~~~~~~~~~~~~~~~~~
      ave.     -0.43      0.17      3.29      5.08     -0.84     34.20
      s.d.      0.87      0.76      0.19      5.80      6.87      4.45
****************************************************************************
RNA base-pair parameters
     bp        Shear    Stretch   Stagger    Buckle  Propeller  Opening
    1 C-G       0.46     -0.49      0.19     -3.89    -12.83     -3.31
    2 C-G       0.27     -0.46     -0.18      8.53    -15.70     -6.95
    3 A-T       0.12     -0.20     -0.02      1.23    -11.60     -4.02
    4 T-A      -0.31     -0.27      0.10      0.67    -16.49     -4.56
    5 T-A       0.41     -0.25     -0.13      5.77    -16.25      2.42
    6 A-T      -0.14     -0.38     -0.09     -7.01    -17.55      6.06
    7 A-T      -0.41     -0.06      0.63      2.14    -13.00      1.68
    8 T-A       0.07     -0.33     -0.10     -5.24    -19.08      3.35
    9 G-C       0.64     -0.15      0.09      1.75     -7.48     -6.42
   10 G-C      -0.05     -0.11      0.09      6.51    -12.45      1.69
          ~~~~~~~~~~~~~~~~~~~~~~~~~~~~~~~~~~~~~~~~~~~~~~~~~~~~~~~~~~~~
      ave.      0.11     -0.27      0.06      1.05    -14.24     -1.01
      s.d.      0.34      0.15      0.24      5.15      3.42      4.56
****************************************************************************
RNA base-pair step parameters
    step       Shift     Slide      Rise      Tilt      Roll     Twist
   1 CC/GG      0.13      0.25      3.34      5.59      4.33     26.77
   2 CA/TG      0.13      0.49      3.37     -1.22      8.00     41.06
   3 AT/AT     -0.42     -0.49      3.30     -2.48      3.50     28.52
   4 TT/AA      0.24     -0.56      3.20      1.48     -0.63     36.02
   5 TA/TA      0.21     -0.17      3.30      0.75      4.67     35.87
   6 AA/TT     -0.20     -0.07      3.14     -6.63      0.85     34.87
   7 AT/AT     -0.32     -0.78      3.47      6.44     -2.98     35.04
   8 TG/CA      0.36      1.25      3.26      0.14      7.67     35.51
   9 GG/CC     -0.33      0.61      3.36     -0.24      1.66     29.28
          ~~~~~~~~~~~~~~~~~~~~~~~~~~~~~~~~~~~~~~~~~~~~~~~~~~~~~~~~~~~~
      ave.     -0.02      0.06      3.30      0.43      3.01     33.66
      s.d.      0.29      0.65      0.10      3.96      3.66      4.54
****************************************************************************
RNA base-pair helical parameters
    step       X-disp    Y-disp   h-Rise     Incl.       Tip   h-Twist
   1 CC/GG     -0.59      1.16      3.30      9.07    -11.69     27.69
   2 CA/TG     -0.23     -0.32      3.40     11.03      1.68     41.85
   3 AT/AT     -1.78      0.28      3.24      6.97      4.94     28.84
   4 TT/AA     -0.81     -0.18      3.22     -1.00     -2.35     36.06
   5 TA/TA     -0.96     -0.22      3.26      7.42     -1.20     36.18
   6 AA/TT     -0.24     -0.64      3.12      1.38     10.76     35.50
   7 AT/AT     -0.79      1.54      3.41     -4.81    -10.39     35.75
   8 TG/CA      0.86     -0.55      3.45     12.18     -0.23     36.33
   9 GG/CC      0.82      0.59      3.39      3.24      0.47     29.33
          ~~~~~~~~~~~~~~~~~~~~~~~~~~~~~~~~~~~~~~~~~~~~~~~~~~~~~~~~~~~~
      ave.     -0.41      0.18      3.31      5.05     -0.89     34.17
      s.d.      0.85      0.77      0.11      5.73      6.96      4.60
****************************************************************************
Strand I base step parameters
    step       Shift     Slide      Rise      Tilt      Roll     Twist
   1  C/C      -0.32      0.39      3.35     14.65      3.89     23.65
   2  C/A      -0.70      0.77      3.49     -0.20     11.72     42.22
   3  A/T      -1.03     -0.55      3.45      0.65      1.30     28.34
   4  T/T      -0.00     -0.44      3.18      9.31      0.59     38.76
   5  T/A      -0.55     -0.18      3.46      0.17      3.84     37.64
   6  A/A      -0.91     -0.03      3.45      2.41      2.40     32.98
   7  A/T      -0.66     -0.98      3.41      7.66     -6.55     34.81
   8  T/G      -0.04      1.36      3.40      7.21     12.81     30.43
   9  G/G      -1.27      0.81      3.43      4.78      0.41     33.11
          ~~~~~~~~~~~~~~~~~~~~~~~~~~~~~~~~~~~~~~~~~~~~~~~~~~~~~~~~~~~~
      ave.     -0.61      0.13      3.40      5.18      3.38     33.55
      s.d.      0.43      0.76      0.09      4.99      5.91      5.66
****************************************************************************
Strand I base helical parameters
    step       X-disp    Y-disp   h-Rise     Incl.       Tip   h-Twist
   1  C/C      -0.13      2.38      2.70      8.39    -31.56     28.09
   2  C/A      -0.25     -0.89      3.58     15.51      0.27     43.81
   3  A/T      -1.45      0.45      3.40      2.64     -1.31     28.37
   4  T/T      -0.72     -0.72      3.08      0.85    -13.50     39.87
   5  T/A      -0.82     -0.93      3.42      5.82     -0.25     37.83
   6  A/A      -0.49      0.23      3.37      4.15     -4.17     33.16
   7  A/T      -0.59      0.42      3.31    -10.49    -12.27     36.24
   8  T/G      -0.05     -0.39      3.57     22.47    -12.65     33.79
   9  G/G       1.33      1.24      3.22      0.71     -8.22     33.45
          ~~~~~~~~~~~~~~~~~~~~~~~~~~~~~~~~~~~~~~~~~~~~~~~~~~~~~~~~~~~~
      ave.     -0.35      0.20      3.29      5.56     -9.30     34.96
      s.d.      0.76      1.10      0.27      9.40      9.99      5.12
****************************************************************************
Strand II base step parameters
    step       Shift     Slide      Rise      Tilt      Roll     Twist
   1  G/G       0.54      0.04      3.48     -3.75      5.14     28.80
   2  G/T       0.94      0.11      3.49     -2.23      4.40     39.64
   3  T/A       0.19     -0.48      3.35     -5.52      5.80     28.34
   4  A/A       0.47     -0.68      3.35     -5.89     -1.68     32.18
   5  A/T       0.97     -0.09      3.46      1.58      5.53     34.20
   6  T/T       0.56     -0.06      3.07    -15.79     -0.98     35.60
   7  T/A      -0.03     -0.54      3.69      5.13      0.56     35.05
   8  A/C       0.77      1.12      3.26     -7.54      2.73     39.87
   9  C/C       0.61      0.36      3.45     -4.89      3.16     25.09
          ~~~~~~~~~~~~~~~~~~~~~~~~~~~~~~~~~~~~~~~~~~~~~~~~~~~~~~~~~~~~
      ave.      0.56     -0.02      3.40     -4.32      2.74     33.20
      s.d.      0.33      0.55      0.17      5.86      2.83      5.07
****************************************************************************
Strand II base helical parameters
    step       X-disp    Y-disp   h-Rise     Incl.       Tip   h-Twist
   1  G/G      -1.10     -0.12      3.34     10.06      7.35     29.50
   2  G/T      -0.40      0.14      3.42      6.32      3.21     39.94
   3  T/A      -2.23      0.22      3.09     11.43     10.87     29.45
   4  A/A      -0.91     -0.09      3.24     -2.95     10.36     32.76
   5  A/T      -1.08      0.44      3.44      9.17     -2.62     34.68
   6  T/T       0.02     -0.83      2.58     -1.48     23.91     38.96
   7  T/A      -0.99      2.73      3.63      0.91     -8.32     35.43
   8  A/C       1.31     -0.16      3.13      3.87     10.70     40.67
   9  C/C      -0.12     -1.02      3.29      7.09     10.97     25.76
          ~~~~~~~~~~~~~~~~~~~~~~~~~~~~~~~~~~~~~~~~~~~~~~~~~~~~~~~~~~~~
      ave.     -0.61      0.15      3.24      4.94      7.38     34.13
      s.d.      0.98      1.08      0.30      5.17      9.23      5.21
