Local base-pair step parameters
    step       Shift     Slide      Rise      Tilt      Roll     Twist
   1 CG/CG     -0.54     -0.33      2.98     -4.52      1.47     34.78
   2 GC/GC      0.90      0.05      3.75      6.00     -6.36     36.35
   3 CG/CG     -0.26      0.85      2.92      1.95      7.85     31.31
   4 GA/TC      0.08     -0.20      3.46      0.08      0.74     35.91
   5 AT/AT      0.25     -0.64      3.22      2.77     -0.66     38.89
   6 TA/TA     -0.09     -0.77      3.41     -2.84      3.50     34.60
   7 AT/AT     -0.20     -0.71      3.17      0.87     -3.88     30.08
   8 TC/GA     -0.14     -0.06      3.35      1.66     -5.24     45.45
   9 CG/CG      0.60      0.82      3.08     -5.88      5.62     23.97
  10 GC/GC     -1.27      0.67      3.53     -8.69     -7.89     42.07
  11 CG/CG      0.53      0.13      3.33      5.31     -6.78     34.38
