Local base-pair parameters
     bp        Shear    Stretch   Stagger    Buckle  Propeller  Opening
    1 C-G       0.70     -0.33      0.64      0.38    -14.96     -2.99
    2 G-C      -0.47     -0.40      0.90      8.97    -10.45     -3.93
    3 C-G      -0.11     -0.14      0.33     -5.22     -8.77     -0.48
    4 G-C      -0.64     -0.32      0.45     13.85    -12.80     -1.42
    5 A-T      -0.37     -0.14      0.25      2.26    -16.58     -4.17
    6 T-A       0.12     -0.15     -0.05      5.11    -13.21     -0.68
    7 A-T       0.14     -0.15      0.11     -6.62     -9.24     -1.39
    8 T-A      -0.56     -0.06      0.09     -4.45    -14.89     -1.34
    9 C-G       1.05     -0.40     -0.11     -9.29    -17.37      2.75
   10 G-C      -0.07     -0.16      0.41      8.14    -14.00     -0.34
   11 C-G       0.59     -0.28      0.60      1.06    -14.42     -3.20
   12 G-C      -0.57     -0.33      0.36      3.99    -13.05     -3.59
