Local base-pair helical parameters
    step       X-disp    Y-disp   h-Rise     Incl.       Tip   h-Twist
   1 CG/CG     -0.76      0.27      3.01      2.44      7.52     35.10
   2 GC/GC      1.06     -0.48      3.78    -10.02     -9.44     37.35
   3 CG/CG      0.25      0.79      3.02     14.26     -3.54     32.31
   4 GA/TC     -0.44     -0.12      3.45      1.20     -0.13     35.92
   5 AT/AT     -0.88     -0.05      3.24     -0.99     -4.15     38.99
   6 TA/TA     -1.83     -0.30      3.32      5.86      4.75     34.88
   7 AT/AT     -0.58      0.56      3.23     -7.43     -1.66     30.33
   8 TC/GA      0.39      0.33      3.33     -6.75     -2.14     45.76
   9 CG/CG      0.31     -3.00      2.96     13.07     13.66     25.29
  10 GC/GC      1.74      0.79      3.54    -10.74     11.83     43.60
  11 CG/CG      1.23     -0.07      3.29    -11.25     -8.81     35.41
