Reference frame: Origins (Ox, Oy, Oz) followed by the direction cosines of the
                 X- (Xx, Yx, Zx), Y- (Yx, Yx, Yx), and Z- (Zx, Zx, Zx) axes
*****************************************************************************************
Local base-pair reference frames
                Ox      Oy      Oz     Xx    Xy    Xz   Yx    Yy    Yz    Zx    Zy    Zz
   1 C-G       8.84   -4.67    6.85 -0.79  0.58  0.18 -0.29 -0.63  0.72  0.53  0.52  0.67
   2 A-T       9.83   -1.65    8.37 -0.88  0.10  0.47  0.19 -0.82  0.54  0.44  0.56  0.70
   3 T-A      10.40    1.90   10.01 -0.62 -0.37  0.69  0.64 -0.74  0.19  0.44  0.56  0.70
   4 G-C      10.67    5.08   11.83 -0.29 -0.70  0.65  0.86 -0.49 -0.15  0.42  0.52  0.74
   5 G-C      10.79    7.56   14.73  0.22 -0.87  0.43  0.88 -0.01 -0.47  0.41  0.49  0.77
   6 G-C      10.99    8.20   18.35  0.63 -0.77  0.06  0.65  0.48 -0.59  0.43  0.42  0.80
   7 C-G      11.59    9.15   21.30  0.83 -0.46 -0.31  0.25  0.81 -0.53  0.49  0.37  0.79
   8 C-G      13.51    9.08   24.16  0.81  0.04 -0.58 -0.23  0.94 -0.27  0.53  0.35  0.77
   9 C-G      16.19    9.03   26.85  0.52  0.53 -0.67 -0.65  0.75  0.09  0.55  0.39  0.74
  10 A-T      19.39    9.76   28.62  0.07  0.80 -0.60 -0.82  0.39  0.41  0.56  0.46  0.69
  11 T-A      22.95   10.63   29.99 -0.36  0.89 -0.26 -0.75 -0.11  0.65  0.55  0.43  0.71
  12 G-C      26.06   11.59   31.16 -0.71  0.69 -0.13 -0.56 -0.45  0.70  0.43  0.57  0.70
*****************************************************************************************
Local middle reference frames
                Ox      Oy      Oz     Xx    Xy    Xz   Yx    Yy    Yz    Zx    Zy    Zz
   1 CA/TG     9.33   -3.16    7.61 -0.87  0.35  0.34 -0.06 -0.76  0.65  0.49  0.54  0.68
   2 AT/AT    10.12    0.12    9.19 -0.78 -0.14  0.61  0.44 -0.81  0.38  0.44  0.56  0.70
   3 TG/CA    10.54    3.49   10.92 -0.47 -0.55  0.69  0.77 -0.64  0.02  0.43  0.54  0.72
   4 GG/CC    10.73    6.32   13.28 -0.04 -0.82  0.57  0.91 -0.27 -0.33  0.42  0.50  0.76
   5 GG/CC    10.89    7.88   16.54  0.44 -0.86  0.26  0.79  0.24 -0.56  0.42  0.45  0.79
   6 GC/GC    11.29    8.67   19.83  0.76 -0.64 -0.13  0.46  0.66 -0.59  0.46  0.39  0.80
   7 CC/GG    12.55    9.11   22.73  0.86 -0.22 -0.47  0.00  0.91 -0.42  0.51  0.36  0.78
   8 CC/GG    14.85    9.05   25.51  0.70  0.30 -0.65 -0.47  0.88 -0.10  0.54  0.37  0.75
   9 CA/TG    17.79    9.39   27.73  0.31  0.69 -0.65 -0.77  0.58  0.25  0.55  0.43  0.71
  10 AT/AT    21.17   10.19   29.31 -0.15  0.88 -0.45 -0.82  0.14  0.56  0.56  0.45  0.70
  11 TG/CA    24.50   11.11   30.58 -0.55  0.81 -0.20 -0.68 -0.29  0.68  0.49  0.50  0.71
*****************************************************************************************
Local middle helical reference frames
                Ox      Oy      Oz     Xx    Xy    Xz   Yx    Yy    Yz    Zx    Zy    Zz
   1 CA/TG     6.26   -3.01    9.30 -0.88  0.35  0.33 -0.15 -0.85  0.51  0.46  0.39  0.80
   2 AT/AT     7.58   -0.42   11.24 -0.78 -0.14  0.61  0.44 -0.81  0.39  0.44  0.57  0.69
   3 TG/CA     7.78    1.82   14.23 -0.45 -0.53  0.72  0.70 -0.71 -0.08  0.55  0.47  0.69
   4 GG/CC     9.93    4.15   15.17 -0.05 -0.83  0.55  0.88 -0.30 -0.38  0.48  0.47  0.74
   5 GG/CC    12.83    4.86   16.96  0.42 -0.88  0.23  0.73  0.18 -0.66  0.53  0.44  0.72
   6 GC/GC    12.74    6.63   20.19  0.76 -0.63 -0.12  0.38  0.60 -0.71  0.52  0.49  0.70
   7 CC/GG    14.73    9.01   21.27  0.85 -0.22 -0.47 -0.04  0.88 -0.48  0.52  0.43  0.74
   8 CC/GG    16.73   10.38   23.65  0.72  0.32 -0.61 -0.50  0.86 -0.15  0.48  0.41  0.78
   9 CA/TG    18.36   12.57   25.40  0.33  0.71 -0.63 -0.85  0.51  0.13  0.41  0.49  0.77
  10 AT/AT    21.14   12.87   27.67 -0.14  0.89 -0.43 -0.78  0.17  0.60  0.61  0.42  0.67
  11 TG/CA    23.11   17.24   29.25 -0.51  0.85 -0.11 -0.83 -0.46  0.31  0.21  0.25  0.94
*****************************************************************************************
Local strand I base reference frames
                Ox      Oy      Oz     Xx    Xy    Xz   Yx    Yy    Yz    Zx    Zy    Zz
   1 C         8.82   -4.57    6.81 -0.76  0.61  0.21 -0.31 -0.63  0.71  0.57  0.48  0.67
   2 A         9.85   -1.55    8.34 -0.84  0.09  0.54  0.24 -0.82  0.51  0.49  0.56  0.67
   3 T        10.43    2.00   10.00 -0.57 -0.35  0.75  0.66 -0.74  0.16  0.50  0.58  0.64
   4 G        10.67    5.21   11.83 -0.25 -0.66  0.71  0.86 -0.49 -0.15  0.44  0.57  0.69
   5 G        10.69    7.64   14.73  0.24 -0.82  0.52  0.87 -0.06 -0.50  0.44  0.57  0.69
   6 G        10.89    8.30   18.41  0.66 -0.74  0.12  0.62  0.45 -0.65  0.42  0.50  0.76
   7 C        11.66    9.09   21.35  0.86 -0.45 -0.25  0.30  0.82 -0.49  0.42  0.35  0.84
   8 C        13.54    9.00   24.16  0.87  0.07 -0.49 -0.19  0.96 -0.20  0.46  0.27  0.85
   9 C        16.31    9.03   26.77  0.56  0.57 -0.60 -0.64  0.76  0.12  0.53  0.32  0.79
  10 A        19.48    9.76   28.57  0.07  0.84 -0.53 -0.83  0.35  0.43  0.55  0.41  0.73
  11 T        23.01   10.64   29.97 -0.37  0.90 -0.24 -0.73 -0.12  0.67  0.57  0.42  0.70
  12 G        26.23   11.61   31.27 -0.74  0.65 -0.17 -0.47 -0.31  0.83  0.49  0.69  0.54
*****************************************************************************************
Local strand II base reference frames
                Ox      Oy      Oz     Xx    Xy    Xz   Yx    Yy    Yz    Zx    Zy    Zz
   1 G         8.86   -4.78    6.88 -0.82  0.55  0.16 -0.27 -0.62  0.74  0.50  0.56  0.66
   2 T         9.80   -1.76    8.39 -0.91  0.11  0.40  0.15 -0.82  0.56  0.39  0.57  0.73
   3 A        10.37    1.80   10.02 -0.68 -0.38  0.63  0.63 -0.75  0.22  0.39  0.54  0.75
   4 C        10.67    4.95   11.84 -0.33 -0.73  0.60  0.85 -0.50 -0.15  0.41  0.46  0.79
   5 C        10.88    7.48   14.74  0.20 -0.92  0.34  0.90  0.04 -0.43  0.38  0.39  0.84
   6 C        11.10    8.10   18.29  0.60 -0.80  0.01  0.68  0.50 -0.54  0.43  0.33  0.84
   7 G        11.52    9.21   21.25  0.80 -0.46 -0.37  0.20  0.80 -0.57  0.56  0.38  0.73
   8 G        13.48    9.15   24.17  0.75 -0.00 -0.66 -0.28  0.90 -0.32  0.60  0.43  0.68
   9 G        16.08    9.03   26.93  0.49  0.49 -0.72 -0.67  0.74  0.05  0.56  0.46  0.69
  10 T        19.31    9.76   28.66  0.07  0.75 -0.66 -0.82  0.42  0.39  0.57  0.51  0.64
  11 A        22.89   10.62   30.02 -0.36  0.89 -0.29 -0.77 -0.10  0.63  0.53  0.45  0.72
  12 C        25.88   11.58   31.06 -0.69  0.72 -0.08 -0.63 -0.55  0.54  0.35  0.42  0.84
****************************************************************************
Local strand I base step parameters
    step       Shift     Slide      Rise      Tilt      Roll     Twist
   1  C/A       0.81     -1.41      3.14      3.59      5.43     35.56
   2  A/T       0.20     -2.02      3.41      1.42     -1.47     32.20
   3  T/G      -0.41     -1.84      3.18      1.92      3.77     25.65
   4  G/G      -0.02     -1.65      3.40      0.12     -0.02     31.66
   5  G/G       0.76     -1.95      3.11      3.63      4.08     34.39
   6  G/C      -0.14     -0.87      3.01      8.67      5.07     28.51
   7  C/C       0.59     -1.01      3.18      4.15      2.60     33.55
   8  C/C       0.59     -1.33      3.51     -0.92      5.79     34.13
   9  C/A       0.53     -1.55      3.34     -1.21      6.36     32.16
  10  A/T      -0.31     -1.97      3.35      1.98      0.95     31.08
  11  T/G      -1.37     -1.26      3.09      7.67     17.23     19.28
          ~~~~~~~~~~~~~~~~~~~~~~~~~~~~~~~~~~~~~~~~~~~~~~~~~~~~~~~~~~~~
      ave.      0.11     -1.53      3.25      2.82      4.53     30.74
      s.d.      0.65      0.39      0.16      3.19      4.91      4.72
****************************************************************************
Local strand I base helical parameters
    step       X-disp    Y-disp   h-Rise     Incl.       Tip   h-Twist
   1  C/A      -2.99     -0.84      2.96      8.81     -5.81     36.13
   2  A/T      -3.36     -0.09      3.50     -2.65     -2.56     32.26
   3  T/G      -5.05      1.40      2.85      8.42     -4.28     25.99
   4  G/G      -3.03      0.06      3.40     -0.03     -0.21     31.66
   5  G/G      -3.84     -0.75      2.93      6.85     -6.10     34.81
   6  G/C      -2.58      1.83      2.67      9.92    -16.94     30.19
   7  C/C      -2.14     -0.37      3.14      4.48     -7.14     33.89
   8  C/C      -3.17     -1.14      3.23      9.78      1.55     34.61
   9  C/A      -3.80     -1.14      2.97     11.33      2.16     32.79
  10  A/T      -3.84      0.96      3.26      1.77     -3.70     31.15
  11  T/G      -5.99      4.39      1.04     40.89    -18.20     26.91
          ~~~~~~~~~~~~~~~~~~~~~~~~~~~~~~~~~~~~~~~~~~~~~~~~~~~~~~~~~~~~
      ave.     -3.62      0.39      2.91      9.05     -5.57     31.85
      s.d.      1.10      1.67      0.67     11.48      6.67      3.19
****************************************************************************
Local strand II base step parameters
    step       Shift     Slide      Rise      Tilt      Roll     Twist
   1  G/T       0.63     -1.34      3.18     -2.94      7.10     28.50
   2  T/A      -0.09     -2.02      3.39     -1.79      0.82     34.55
   3  A/C      -0.79     -1.76      3.10     -3.81      3.60     28.56
   4  C/C      -0.79     -1.35      3.52      1.13      4.82     35.47
   5  C/C       0.19     -1.47      3.30     -0.92      4.47     30.59
   6  C/G      -0.92     -0.81      2.94     -9.20      4.78     31.50
   7  G/G       0.06     -1.52      3.17     -3.82      2.86     31.62
   8  G/G      -0.33     -1.77      3.35     -2.30     -1.48     32.61
   9  G/T       0.16     -1.67      3.33     -0.94      4.06     28.26
  10  T/A      -0.44     -2.04      3.32     -3.38     -5.06     33.65
  11  A/C      -0.96     -1.87      2.55    -12.44      3.54     24.88
          ~~~~~~~~~~~~~~~~~~~~~~~~~~~~~~~~~~~~~~~~~~~~~~~~~~~~~~~~~~~~
      ave.     -0.30     -1.60      3.20     -3.67      2.68     30.93
      s.d.      0.53      0.36      0.26      3.89      3.40      3.17
****************************************************************************
Local strand II base helical parameters
    step       X-disp    Y-disp   h-Rise     Incl.       Tip   h-Twist
   1  G/T      -4.01     -1.82      2.70     14.09      5.83     29.49
   2  T/A      -3.53     -0.14      3.34      1.37      3.01     34.61
   3  A/C      -4.25      0.80      2.94      7.22      7.64     29.02
   4  C/C      -2.91      1.46      3.29      7.86     -1.84     35.80
   5  C/C      -3.59     -0.52      3.05      8.41      1.73     30.92
   6  C/G      -2.16      0.19      2.94      8.53     16.40     33.12
   7  G/G      -3.25     -0.76      3.00      5.21      6.97     31.97
   8  G/G      -2.87      0.17      3.43     -2.63      4.08     32.72
   9  G/T      -4.29     -0.54      3.06      8.27      1.91     28.56
  10  T/A      -2.63      0.17      3.61     -8.65      5.79     34.18
  11  A/C      -4.54     -0.41      2.46      7.60     26.70     27.99
          ~~~~~~~~~~~~~~~~~~~~~~~~~~~~~~~~~~~~~~~~~~~~~~~~~~~~~~~~~~~~
      ave.     -3.46     -0.13      3.08      5.21      7.11     31.67
      s.d.      0.77      0.86      0.33      6.28      7.97      2.66
****************************************************************************
xyz coordinates of C1' atoms

    bp        xI       yI       zI       xII      yII      zII
   1 C-G     9.074   -9.492   10.108   12.362   -2.839    2.550
   2 A-T    13.224   -6.136    9.702   11.350    2.255    4.449
   3 T-A    15.356   -1.019    8.942    8.815    6.715    7.294
   4 G-C    15.899    4.285    9.255    6.932    9.481   11.143
   5 G-C    14.771    9.318   10.772    5.539    9.589   16.220
   6 G-C    12.543   12.570   14.667    5.973    7.445   21.138
   7 C-G    11.082   14.633   19.345    8.464    6.061   25.238
   8 C-G    10.325   13.968   24.301   13.129    4.308   27.562
   9 C-G    11.479   11.682   28.925   18.435    3.838   28.466
  10 A-T    14.901    9.443   32.199   23.496    5.633   28.249
  11 T-A    20.031    7.724   34.114   27.830    8.922   27.371
  12 G-C    25.558    8.310   36.140   31.017   12.770   28.298
****************************************************************************
xyz coordinates of RN9/YN1 atoms

    bp        xI       yI       zI       xII      yII      zII
   1 C-G     8.402   -8.235    9.746   11.140   -2.686    3.343
   2 A-T    12.002   -5.380    9.943   10.306    1.771    5.375
   3 T-A    14.121   -0.875    9.739    8.435    5.648    8.218
   4 G-C    14.918    3.848   10.241    7.217    8.160   11.742
   5 G-C    14.330    8.389   11.805    6.522    8.480   16.258
   6 G-C    12.829   11.302   15.329    7.271    6.852   20.754
   7 C-G    11.898   13.413   19.448    9.594    6.181   24.313
   8 C-G    11.554   13.284   23.868   13.804    5.039   26.498
   9 C-G    12.694   11.758   28.088   18.507    5.024   27.611
  10 A-T    15.638   10.224   31.199   22.898    6.892   27.753
  11 T-A    20.193    8.938   33.282   26.792    9.943   27.535
  12 G-C    25.051    9.350   35.248   29.657   13.173   28.700
****************************************************************************
xyz coordinates of RC8/YC6 atoms

    bp        xI       yI       zI       xII      yII      zII
   1 C-G     7.284   -7.795   10.399   10.184   -1.700    3.225
   2 A-T    11.010   -5.582   10.862    9.085    2.373    5.537
   3 T-A    13.792   -1.705   10.793    7.294    5.473    8.963
   4 G-C    14.957    2.781   11.094    6.358    7.497   12.570
   5 G-C    15.003    7.295   12.287    6.290    7.312   16.912
   6 G-C    13.951   10.529   15.216    7.642    5.567   21.028
   7 C-G    13.127   13.269   18.876   10.560    5.236   24.058
   8 C-G    12.545   13.866   23.158   14.901    4.664   25.758
   9 C-G    13.061   12.879   27.404   19.422    5.342   26.646
  10 A-T    15.397   11.466   30.695   23.444    7.605   26.706
  11 T-A    19.323   10.005   33.368   26.635   11.142   26.899
  12 G-C    23.900   10.079   35.366   29.096   14.356   28.311
****************************************************************************
xyz coordinates of O1P atoms w.r.t. the middle frame of each dimer

    step       xI      yI      zI     xII     yII     zII
   1 CA/TG   -2.04    9.12    3.47   -2.09    9.45    2.92
   2 AT/AT   -2.78    8.95    3.41   -3.10    8.87    3.33
   3 TG/CA   -2.44    9.36    3.30   -2.90   10.06    2.73
   4 GG/CC   -2.02    9.26    3.23   -2.26    9.55    3.19
   5 GG/CC   -2.12    9.33    2.94   -1.71    9.18    3.81
   6 GC/GC   -1.59    9.82    2.74   -1.48    9.91    2.75
   7 CC/GG   -1.74    9.39    3.66   -1.72    9.57    2.55
   8 CC/GG   -2.22    9.31    3.51   -2.03    9.27    2.88
   9 CA/TG   -2.54    9.17    3.43   -2.45    9.28    3.15
  10 AT/AT   -2.76    9.09    3.27   -2.68    8.83    3.56
  11 TG/CA   -2.57    9.51    3.36   -1.74   10.30    2.12
****************************************************************************
xyz coordinates of O1P atoms w.r.t. the middle helix frame of each dimer

    step      xIH     yIH     zIH     xIIH    yIIH    zIIH
   1 CA/TG   -5.40    7.12    5.11   -5.36    9.91    4.67
   2 AT/AT   -6.07    8.87    3.36   -6.42    9.00    3.25
   3 TG/CA   -6.81    9.85    4.60   -7.51    8.59    3.95
   4 GG/CC   -4.96    9.78    3.83   -5.08    8.53    3.88
   5 GG/CC   -5.82    8.31    4.00   -5.10    9.21    5.00
   6 GC/GC   -3.93   10.21    4.24   -3.87    8.44    4.23
   7 CC/GG   -4.33    8.54    4.38   -4.28    9.87    3.31
   8 CC/GG   -4.97    8.60    4.19   -5.10    9.55    3.35
   9 CA/TG   -6.29    7.63    4.99   -6.47    9.46    4.56
  10 AT/AT   -5.78    9.77    2.79   -5.85    8.52    2.97
  11 TG/CA   -8.10    9.24    7.27   -8.24    6.41    6.06
****************************************************************************
xyz coordinates of O2P atoms w.r.t. the middle frame of each dimer

    step       xI      yI      zI     xII     yII     zII
   1 CA/TG   -0.07    7.60    2.97   -0.27    7.67    2.71
   2 AT/AT   -0.80    7.38    3.21   -0.95    7.48    3.10
   3 TG/CA   -0.40    7.87    2.88   -1.01    8.30    2.82
   4 GG/CC   -0.18    7.46    3.02   -0.17    8.09    3.19
   5 GG/CC   -0.12    7.78    2.58    0.04    7.32    3.50
   6 GC/GC    0.20    8.01    2.52    0.35    8.21    2.39
   7 CC/GG    0.11    7.64    3.29    0.01    7.71    2.37
   8 CC/GG   -0.18    7.79    3.31   -0.15    7.54    2.50
   9 CA/TG   -0.37    7.87    3.06   -0.39    7.84    2.85
  10 AT/AT   -0.71    7.52    3.15   -0.51    7.54    3.19
  11 TG/CA   -0.58    7.89    3.23    0.01    8.43    1.76
****************************************************************************
xyz coordinates of O2P atoms w.r.t. the middle helix frame of each dimer

    step      xIH     yIH     zIH     xIIH    yIIH    zIIH
   1 CA/TG   -3.42    5.72    4.35   -3.54    8.20    4.11
   2 AT/AT   -4.09    7.30    3.16   -4.27    7.62    3.04
   3 TG/CA   -4.79    8.43    3.92   -5.62    6.83    3.87
   4 GG/CC   -3.12    8.00    3.53   -2.99    7.08    3.75
   5 GG/CC   -3.81    6.81    3.53   -3.37    7.41    4.39
   6 GC/GC   -2.13    8.45    3.73   -2.04    6.82    3.63
   7 CC/GG   -2.48    6.82    3.89   -2.55    8.03    2.98
   8 CC/GG   -2.94    7.09    3.80   -3.20    7.84    2.95
   9 CA/TG   -4.13    6.42    4.33   -4.40    8.09    4.10
  10 AT/AT   -3.73    8.20    2.72   -3.67    7.20    2.72
  11 TG/CA   -6.17    7.87    6.28   -6.42    4.83    5.13
****************************************************************************
xyz coordinates of P atoms w.r.t. the middle frame of each dimer

    step       xI      yI      zI     xII     yII     zII
   1 CA/TG   -1.48    8.02    2.70   -1.57    8.23    2.27
   2 AT/AT   -2.04    7.91    2.68   -2.28    7.92    2.58
   3 TG/CA   -1.77    8.29    2.54   -2.26    8.83    2.25
   4 GG/CC   -1.45    8.09    2.51   -1.48    8.44    2.59
   5 GG/CC   -1.44    8.27    2.16   -1.20    8.02    3.07
   6 GC/GC   -1.14    8.54    2.23   -1.03    8.62    2.20
   7 CC/GG   -1.20    8.22    2.93   -1.24    8.34    1.92
   8 CC/GG   -1.49    8.24    2.86   -1.46    8.15    2.15
   9 CA/TG   -1.76    8.12    2.74   -1.75    8.21    2.45
  10 AT/AT   -1.98    8.05    2.60   -1.88    7.87    2.78
  11 TG/CA   -1.87    8.37    2.74   -1.34    8.96    1.56
****************************************************************************
xyz coordinates of P atoms w.r.t. the middle helix frame of each dimer

    step      xIH     yIH     zIH     xIIH    yIIH    zIIH
   1 CA/TG   -4.82    6.19    4.15   -4.85    8.83    3.80
   2 AT/AT   -5.34    7.82    2.63   -5.60    8.05    2.51
   3 TG/CA   -6.17    8.89    3.69   -6.85    7.43    3.33
   4 GG/CC   -4.38    8.67    3.04   -4.31    7.48    3.20
   5 GG/CC   -5.11    7.35    3.12   -4.62    8.15    4.10
   6 GC/GC   -3.47    9.01    3.53   -3.42    7.26    3.49
   7 CC/GG   -3.79    7.43    3.57   -3.80    8.69    2.58
   8 CC/GG   -4.27    7.57    3.43   -4.49    8.47    2.59
   9 CA/TG   -5.53    6.72    4.11   -5.75    8.52    3.72
  10 AT/AT   -5.02    8.69    2.17   -5.03    7.52    2.27
  11 TG/CA   -7.49    8.48    6.17   -7.76    5.43    5.04
****************************************************************************
xyz coordinates of P atoms

    bp        xI       yI       zI       xII      yII      zII
   1 C-G     ----     ----     ----    10.063    1.307    0.204
   2 A-T    11.475   -8.326   14.132    7.292    5.429    2.986
   3 T-A    16.365   -4.523   12.838    3.827    9.147    7.597
   4 G-C    18.849    0.542   11.656    2.040    8.487   13.239
   5 G-C    19.180    6.615   11.722    2.710    5.606   18.318
   6 G-C    17.714   12.072   13.230    5.549    2.749   23.307
   7 C-G    15.364   15.943   16.702   10.469    1.128   25.324
   8 C-G    13.054   17.884   22.117   16.463    0.657   25.623
   9 C-G    11.514   16.909   27.826   22.219    2.341   25.068
  10 A-T    12.500   14.097   32.874   26.326    6.154   23.797
  11 T-A    16.350   10.776   36.507   30.522   11.857   23.666
  12 G-C    21.229    8.524   38.555    ----     ----     ---- 
*******************************************************************************************
Phosphorus-phosphorus distance in Angstroms

            1      2      3      4      5      6      7      8      9     10     11     12
            G      T      A      C      C      C      G      G      G      T      A      C   
   1 C    ----   ----   ----   ----   ----   ----   ----   ----   ----   ----   ----   ----
   2 A    17.0   18.2   20.2   19.3   17.0   15.6   14.7   15.4   18.7   22.9   29.3   ----
   3 T    15.3   16.7   19.3   19.4   17.9   16.7   14.9   13.8   15.2   18.3   24.2   ----
   4 G    14.5   15.3   17.8   18.7   18.2   17.8   16.0   14.2   13.9   15.3   20.2   ----
   5 G    15.6   14.8   16.1   17.3   17.8   18.3   17.1   15.4   14.3   14.0   17.3   ----
   6 G    18.5   16.1   15.3   16.1   17.1   18.3   17.8   16.9   16.0   14.9   16.5   ----
   7 C    22.7   19.1   16.2   15.7   16.4   17.7   17.8   17.7   17.4   16.3   17.2   ----
   8 C    27.6   23.5   19.3   17.0   16.5   16.9   17.3   17.9   18.3   17.8   18.5   ----
   9 C    31.8   27.7   23.0   19.3   17.2   16.0   16.0   17.1   18.3   18.7   20.1   ----
  10 A    35.2   31.6   27.2   22.9   19.5   16.4   15.1   15.8   17.1   18.3   20.4   ----
  11 T    38.0   35.1   31.5   27.4   23.3   18.9   15.9   14.9   15.4   16.8   19.2   ----
  12 G    40.6   38.3   35.5   31.8   27.6   22.6   18.6   15.9   14.9   15.8   17.9   ----
****************************************************************************
Strand I helix radius

    step          P        O4'       C1'
   1  C/A       8.11      7.79      7.09
   2  A/T       9.41      8.54      7.84
   3  T/G      11.34     10.83     10.12
   4  G/G       9.14      8.50      7.74
   5  G/G       8.80      8.40      7.83
   6  G/C      10.78      9.73      8.82
   7  C/C       8.66      7.61      6.83
   8  C/C       8.02      7.63      7.02
   9  C/A       8.17      8.04      7.50
  10  A/T      10.57      9.64      8.93
  11  T/G      13.47     13.25     12.49
****************************************************************************
Strand II helix radius

    step          P        O4'       C1'
   1  G/T      10.85     10.37      9.60
   2  T/A       9.73      8.81      8.11
   3  A/C      10.15      8.65      8.14
   4  C/C       7.91      7.24      6.65
   5  C/C       9.57      9.20      8.45
   6  C/G       8.96      7.77      6.97
   7  G/G       9.83      9.15      8.40
   8  G/G       8.99      8.16      7.45
   9  G/T      10.03      9.66      8.97
  10  T/A       9.18      7.89      7.17
  11  A/C      11.33      9.68      9.05
****************************************************************************************
Base-pair helix axis

               Ox      Oy      Oz     Xx    Xy    Xz   Yx    Yy    Yz    Zx    Zy    Zz
   1 CA/TG    5.61   -3.58    8.17 -0.80  0.57  0.18 -0.39 -0.72  0.58  0.46  0.39  0.80
              6.91   -2.45   10.44 -0.88  0.10  0.46  0.11 -0.91  0.39  0.46  0.39  0.80
   2 AT/AT    6.83   -1.39   10.06 -0.88  0.10  0.47  0.20 -0.81  0.55  0.44  0.57  0.69
              8.33    0.56   12.43 -0.62 -0.36  0.69  0.65 -0.74  0.20  0.44  0.57  0.69
   3 TG/CA    6.99    1.14   13.23 -0.61 -0.35  0.72  0.58 -0.81  0.09  0.55  0.47  0.69
              8.58    2.50   15.24 -0.27 -0.68  0.68  0.79 -0.56 -0.25  0.55  0.47  0.69
   4 GG/CC    9.12    3.37   13.92 -0.30 -0.71  0.64  0.82 -0.53 -0.20  0.48  0.47  0.74
             10.74    4.94   16.42  0.21 -0.88  0.42  0.85 -0.05 -0.52  0.48  0.47  0.74
   5 GG/CC   12.02    4.19   15.89  0.20 -0.89  0.40  0.82 -0.07 -0.57  0.53  0.44  0.72
             13.63    5.52   18.04  0.61 -0.79  0.03  0.58  0.42 -0.69  0.53  0.44  0.72
   6 GC/GC   12.01    5.93   19.21  0.64 -0.77  0.07  0.57  0.41 -0.71  0.52  0.49  0.70
             13.48    7.33   21.18  0.84 -0.45 -0.30  0.17  0.74 -0.65  0.52  0.49  0.70
   7 CC/GG   13.93    8.35   20.13  0.83 -0.46 -0.31  0.21  0.78 -0.59  0.52  0.43  0.74
             15.52    9.67   22.41  0.81  0.04 -0.59 -0.28  0.90 -0.33  0.52  0.43  0.74
   8 CC/GG   15.93    9.70   22.35  0.84  0.06 -0.54 -0.27  0.91 -0.32  0.48  0.41  0.78
             17.53   11.07   24.95  0.55  0.55 -0.63 -0.69  0.73  0.04  0.48  0.41  0.78
   9 CA/TG   17.75   11.82   24.24  0.54  0.55 -0.64 -0.73  0.68 -0.04  0.41  0.49  0.77
             18.98   13.31   26.56  0.09  0.82 -0.57 -0.91  0.30  0.29  0.41  0.49  0.77
  10 AT/AT   20.09   12.15   26.51  0.09  0.81 -0.58 -0.79  0.41  0.46  0.61  0.42  0.67
             22.20   13.59   28.84 -0.35  0.90 -0.25 -0.71 -0.09  0.70  0.61  0.42  0.67
  11 TG/CA   22.89   16.99   28.30 -0.32  0.93 -0.18 -0.92 -0.27  0.28  0.21  0.25  0.94
             23.33   17.50   30.20 -0.68  0.73 -0.04 -0.70 -0.63  0.33  0.21  0.25  0.94
****************************************************************************************
Strand I helix axis

               Ox      Oy      Oz     Xx    Xy    Xz   Yx    Yy    Yz    Zx    Zy    Zz
   1  C/A     6.06   -3.47    7.72 -0.82  0.56  0.14 -0.39 -0.70  0.60  0.43  0.43  0.79
              7.34   -2.19   10.06 -0.89  0.04  0.46  0.17 -0.90  0.40  0.43  0.43  0.79
   2  A/T     6.99   -1.41   10.09 -0.86  0.06  0.51  0.26 -0.80  0.54  0.44  0.60  0.67
              8.52    0.69   12.43 -0.59 -0.37  0.72  0.68 -0.71  0.19  0.44  0.60  0.67
   3  T/G     6.56    1.20   13.44 -0.61 -0.38  0.70  0.58 -0.81  0.06  0.54  0.44  0.71
              8.11    2.46   15.48 -0.29 -0.70  0.65  0.79 -0.56 -0.25  0.54  0.44  0.71
   4  G/G     9.85    3.23   13.97 -0.25 -0.66  0.70  0.86 -0.49 -0.15  0.44  0.57  0.70
             11.35    5.16   16.34  0.24 -0.82  0.52  0.87 -0.06 -0.50  0.44  0.57  0.70
   5  G/G    12.01    4.19   16.02  0.18 -0.87  0.45  0.81 -0.13 -0.58  0.56  0.47  0.68
             13.65    5.56   18.01  0.61 -0.79  0.04  0.56  0.39 -0.73  0.56  0.47  0.68
   6  G/C    11.22    5.37   19.58  0.50 -0.86 -0.09  0.52  0.38 -0.77  0.70  0.33  0.64
             13.08    6.26   21.27  0.69 -0.55 -0.47  0.20  0.76 -0.62  0.70  0.33  0.64
   7  C/C    13.46    8.32   20.41  0.80 -0.50 -0.35  0.26  0.79 -0.55  0.55  0.35  0.76
             15.18    9.41   22.79  0.80  0.03 -0.59 -0.23  0.94 -0.26  0.55  0.35  0.76
   8  C/C    16.02   10.28   22.28  0.88  0.08 -0.47 -0.26  0.90 -0.34  0.40  0.43  0.81
             17.31   11.66   24.91  0.57  0.58 -0.58 -0.72  0.70 -0.02  0.40  0.43  0.81
   9  C/A    17.68   12.02   24.55  0.58  0.58 -0.57 -0.73  0.69 -0.04  0.37  0.44  0.82
             18.78   13.33   26.98  0.09  0.86 -0.50 -0.92  0.26  0.28  0.37  0.44  0.82
  10  A/T    20.45   12.57   25.95  0.04  0.82 -0.58 -0.85  0.33  0.41  0.53  0.47  0.71
             22.17   14.12   28.26 -0.41  0.87 -0.28 -0.75 -0.14  0.65  0.53  0.47  0.71
  11  T/G    24.27   17.15   26.61 -0.44  0.75 -0.50 -0.88 -0.46  0.08 -0.17  0.48  0.86
             24.09   17.65   27.51 -0.79  0.46 -0.41 -0.59 -0.75  0.30 -0.17  0.48  0.86
****************************************************************************************
Strand II helix axis

               Ox      Oy      Oz     Xx    Xy    Xz   Yx    Yy    Yz    Zx    Zy    Zz
   1  G/T     5.05   -3.72    8.82 -0.77  0.59  0.23 -0.39 -0.73  0.56  0.50  0.34  0.80
              6.40   -2.81   10.98 -0.87  0.16  0.48  0.04 -0.93  0.37  0.50  0.34  0.80
   2  T/A     6.69   -1.37   10.00 -0.89  0.14  0.44  0.14 -0.83  0.54  0.44  0.54  0.72
              8.15    0.44   12.40 -0.65 -0.35  0.67  0.62 -0.76  0.20  0.44  0.54  0.72
   3  A/C     7.31    1.12   12.99 -0.61 -0.31  0.72  0.57 -0.81  0.13  0.55  0.49  0.68
              8.92    2.55   14.99 -0.26 -0.67  0.70  0.79 -0.56 -0.24  0.55  0.49  0.68
   4  C/C     8.53    3.58   13.88 -0.34 -0.75  0.57  0.79 -0.56 -0.26  0.51  0.37  0.78
             10.20    4.79   16.44  0.19 -0.93  0.31  0.84 -0.01 -0.54  0.51  0.37  0.78
   5  C/C    12.09    4.21   15.76  0.21 -0.91  0.36  0.84 -0.02 -0.55  0.50  0.42  0.75
             13.63    5.50   18.06  0.61 -0.79  0.03  0.61  0.45 -0.66  0.50  0.42  0.75
   6  C/G    12.52    6.59   18.92  0.71 -0.66  0.23  0.62  0.43 -0.66  0.34  0.61  0.72
             13.51    8.38   21.02  0.93 -0.32 -0.16  0.13  0.72 -0.68  0.34  0.61  0.72
   7  G/G    14.45    8.45   19.84  0.87 -0.41 -0.29  0.15  0.76 -0.63  0.48  0.51  0.72
             15.87    9.97   22.00  0.81  0.05 -0.58 -0.33  0.86 -0.39  0.48  0.51  0.72
   8  G/G    15.79    9.06   22.46  0.79  0.03 -0.61 -0.26  0.92 -0.29  0.56  0.39  0.74
             17.70   10.39   24.98  0.53  0.52 -0.67 -0.64  0.76  0.09  0.56  0.39  0.74
   9  G/T    17.84   11.56   23.90  0.50  0.51 -0.70 -0.74  0.67 -0.05  0.44  0.54  0.71
             19.20   13.23   26.08  0.09  0.77 -0.64 -0.89  0.35  0.29  0.44  0.54  0.71
  10  T/A    19.79   11.75   27.01  0.13  0.79 -0.60 -0.72  0.49  0.49  0.68  0.37  0.64
             22.23   13.07   29.32 -0.30  0.93 -0.22 -0.67 -0.04  0.74  0.68  0.37  0.64
  11  A/C    22.07   15.07   30.62 -0.10  0.99  0.08 -0.84 -0.13  0.53  0.54 -0.02  0.84
             23.39   15.03   32.70 -0.48  0.81  0.32 -0.69 -0.58  0.43  0.54 -0.02  0.84
