  12 # base-pairs
   1 # ***local base-pair & helical parameters***
#        Shear    Stretch   Stagger   Buckle   Prop-Tw   Opening     X-disp    Y-disp    h-Rise    Incl.     Tip     h-Twist
C-G      0.137    -0.180     0.041    -2.789    -5.711    -0.829     0.000     0.000     0.000     0.000     0.000     0.000
A-T     -0.042    -0.184     0.098     0.144    -6.665     6.141    -3.448    -1.231     2.853    11.321    -0.612    32.715
T-A     -0.125    -0.117     0.130    -1.114    -8.777     3.771    -3.454    -0.116     3.422    -0.451     0.232    33.432
G-C     -0.190    -0.128     0.128     0.462    -8.478     0.703    -4.636     1.053     2.901     7.902     2.008    27.468
G-C     -0.187    -0.169    -0.006    -6.622   -11.684    -3.104    -3.010     0.800     3.364     4.160    -1.031    33.658
G-C     -0.281    -0.121     0.086    -7.518    -7.991     0.380    -3.719    -0.611     3.000     7.529    -2.388    32.892
C-G      0.141    -0.113     0.101     6.919    -7.525    -2.665    -2.448     0.958     2.830     9.194     0.509    30.602
C-G      0.047    -0.144    -0.024     9.406   -12.582    -0.308    -2.681    -0.555     3.083     4.757    -0.301    32.850
C-G      0.226    -0.155     0.007     4.308    -9.123     1.123    -3.054    -0.493     3.352     3.738     2.808    33.602
A-T      0.068    -0.179     0.035    -0.819    -7.750     4.985    -4.036    -0.862     3.021     9.891     2.104    30.664
T-A     -0.012    -0.127     0.039     2.099    -1.917     2.361    -3.221     0.527     3.457    -3.517     1.424    32.477
G-C     -0.260    -0.066     0.318    23.520     6.996    -0.876    -6.224     2.127     2.013    25.385     5.909    24.679
