  12 # base-pairs
   0 # ***local base-pair & step parameters***
#        Shear    Stretch   Stagger   Buckle   Prop-Tw   Opening     Shift     Slide     Rise      Tilt      Roll      Twist
C-G      0.137    -0.180     0.041    -2.789    -5.711    -0.829     0.000     0.000     0.000     0.000     0.000     0.000
A-T     -0.042    -0.184     0.098     0.144    -6.665     6.141     0.725    -1.370     3.161     0.343     6.338    32.110
T-A     -0.125    -0.117     0.130    -1.114    -8.777     3.771     0.054    -2.013     3.407    -0.133    -0.259    33.430
G-C     -0.190    -0.128     0.128     0.462    -8.478     0.703    -0.603    -1.795     3.150    -0.950     3.740    27.201
G-C     -0.187    -0.169    -0.006    -6.622   -11.684    -3.104    -0.404    -1.505     3.484     0.596     2.407    33.569
G-C     -0.281    -0.121     0.086    -7.518    -7.991     0.380     0.471    -1.713     3.225     1.348     4.250    32.596
C-G      0.141    -0.113     0.101     6.919    -7.525    -2.665    -0.531    -0.840     2.991    -0.268     4.833    30.226
C-G      0.047    -0.144    -0.024     9.406   -12.582    -0.308     0.329    -1.266     3.193     0.170     2.687    32.743
C-G      0.226    -0.155     0.007     4.308    -9.123     1.123     0.125    -1.552     3.465    -1.622     2.159    33.497
A-T      0.068    -0.179     0.035    -0.819    -7.750     4.985     0.343    -1.603     3.347    -1.107     5.205    30.209
T-A     -0.012    -0.127     0.039     2.099    -1.917     2.361    -0.376    -2.002     3.337    -0.796    -1.966    32.410
G-C     -0.260    -0.066     0.318    23.520     6.996    -0.876    -1.159    -1.588     2.844    -2.443    10.495    22.235
