****************************************************************************
CEHS base-pair parameters
     bp        Shear    Stretch   Stagger    Buckle  Propeller  Opening
    1 C-G       0.14     -0.18      0.04     -2.79     -5.71     -0.83
    2 A-T      -0.04     -0.18      0.10      0.14     -6.67      6.13
    3 T-A      -0.12     -0.12      0.13     -1.11     -8.78      3.76
    4 G-C      -0.19     -0.13      0.13      0.46     -8.48      0.70
    5 G-C      -0.19     -0.17     -0.01     -6.61    -11.70     -3.08
    6 G-C      -0.28     -0.12      0.09     -7.51     -8.00      0.38
    7 C-G       0.14     -0.11      0.10      6.91     -7.54     -2.66
    8 C-G       0.05     -0.14     -0.02      9.39    -12.61     -0.31
    9 C-G       0.23     -0.16      0.01      4.30     -9.13      1.12
   10 A-T       0.07     -0.18      0.03     -0.82     -7.76      4.97
   11 T-A      -0.01     -0.13      0.04      2.10     -1.92      2.36
   12 G-C      -0.26     -0.07      0.32     23.51      7.10     -0.86
          ~~~~~~~~~~~~~~~~~~~~~~~~~~~~~~~~~~~~~~~~~~~~~~~~~~~~~~~~~~~~
      ave.     -0.04     -0.14      0.08      2.33     -6.77      0.97
      s.d.      0.17      0.03      0.09      8.29      5.14      2.87
****************************************************************************
CEHS base-pair step parameters
    step       Shift     Slide      Rise      Tilt      Roll     Twist
   1 CA/TG      0.73     -1.37      3.16      0.15      6.30     32.15
   2 AT/AT      0.05     -2.02      3.40     -0.10     -0.34     33.41
   3 TG/CA     -0.60     -1.80      3.15     -0.84      3.69     27.24
   4 GG/CC     -0.40     -1.50      3.49      0.78      2.40     33.39
   5 GG/CC      0.48     -1.71      3.23      1.18      4.34     32.63
   6 GC/GC     -0.53     -0.84      2.99     -0.18      4.89     30.47
   7 CC/GG      0.32     -1.26      3.19      0.10      2.68     32.88
   8 CC/GG      0.12     -1.55      3.46     -1.67      2.14     33.32
   9 CA/TG      0.34     -1.61      3.34     -1.22      5.17     30.12
  10 AT/AT     -0.38     -2.01      3.33     -0.65     -2.04     32.43
  11 TG/CA     -1.15     -1.59      2.84     -2.49     10.53     21.87
          ~~~~~~~~~~~~~~~~~~~~~~~~~~~~~~~~~~~~~~~~~~~~~~~~~~~~~~~~~~~~
      ave.     -0.09     -1.57      3.24     -0.45      3.62     30.90
      s.d.      0.56      0.34      0.20      1.07      3.34      3.54
****************************************************************************
CompDNA base-pair parameters
     bp        Shear    Stretch   Stagger    Buckle  Propeller  Opening
    1 C-G       0.14     -0.18      0.04     -2.78     -5.71     -0.83
    2 A-T      -0.04     -0.18      0.10      0.14     -6.66      6.13
    3 T-A      -0.12     -0.12      0.13     -1.11     -8.78      3.76
    4 G-C      -0.19     -0.13      0.13      0.46     -8.48      0.70
    5 G-C      -0.19     -0.17     -0.01     -6.58    -11.70     -3.09
    6 G-C      -0.28     -0.12      0.09     -7.49     -8.00      0.38
    7 C-G       0.14     -0.11      0.10      6.90     -7.53     -2.66
    8 C-G       0.05     -0.14     -0.02      9.33    -12.61     -0.31
    9 C-G       0.23     -0.16      0.01      4.29     -9.13      1.12
   10 A-T       0.07     -0.18      0.04     -0.82     -7.75      4.97
   11 T-A      -0.01     -0.13      0.04      2.10     -1.92      2.36
   12 G-C      -0.26     -0.07      0.32     23.46      7.10     -0.89
          ~~~~~~~~~~~~~~~~~~~~~~~~~~~~~~~~~~~~~~~~~~~~~~~~~~~~~~~~~~~~
      ave.     -0.04     -0.14      0.08      2.32     -6.76      0.97
      s.d.      0.17      0.03      0.09      8.27      5.14      2.87
****************************************************************************
CompDNA base-pair step parameters
    step       Shift     Slide      Rise      Tilt      Roll     Twist
   1 CA/TG      0.73     -1.37      3.16      0.34      6.34     32.10
   2 AT/AT      0.05     -2.01      3.41     -0.13     -0.26     33.41
   3 TG/CA     -0.60     -1.80      3.15     -0.95      3.74     27.22
   4 GG/CC     -0.40     -1.51      3.48      0.59      2.41     33.39
   5 GG/CC      0.48     -1.71      3.22      1.34      4.25     32.61
   6 GC/GC     -0.53     -0.84      2.99     -0.27      4.83     30.44
   7 CC/GG      0.33     -1.27      3.19      0.18      2.69     32.88
   8 CC/GG      0.12     -1.55      3.47     -1.62      2.16     33.32
   9 CA/TG      0.34     -1.60      3.35     -1.10      5.21     30.08
  10 AT/AT     -0.38     -2.00      3.34     -0.80     -1.97     32.43
  11 TG/CA     -1.16     -1.59      2.84     -2.46     10.49     21.78
          ~~~~~~~~~~~~~~~~~~~~~~~~~~~~~~~~~~~~~~~~~~~~~~~~~~~~~~~~~~~~
      ave.     -0.09     -1.57      3.24     -0.44      3.63     30.88
      s.d.      0.56      0.34      0.20      1.08      3.31      3.56
****************************************************************************
Curves base-pair parameters (by Xiang-Jun Lu)
     bp        Shear    Stretch   Stagger    Buckle  Propeller  Opening
    1 C-G       0.14     -0.18      0.04     -2.80     -5.71     -0.83
    2 A-T      -0.04     -0.18      0.10      0.14     -6.66      6.14
    3 T-A      -0.12     -0.12      0.13     -1.12     -8.78      3.77
    4 G-C      -0.19     -0.13      0.13      0.46     -8.48      0.70
    5 G-C      -0.19     -0.17     -0.01     -6.68    -11.66     -3.10
    6 G-C      -0.28     -0.12      0.09     -7.55     -7.97      0.38
    7 C-G       0.14     -0.11      0.10      6.94     -7.51     -2.67
    8 C-G       0.05     -0.14     -0.02      9.50    -12.53     -0.31
    9 C-G       0.23     -0.15      0.01      4.33     -9.11      1.12
   10 A-T       0.07     -0.18      0.04     -0.82     -7.75      4.99
   11 T-A      -0.01     -0.13      0.04      2.10     -1.92      2.36
   12 G-C      -0.26     -0.06      0.33     23.59      6.80     -0.88
          ~~~~~~~~~~~~~~~~~~~~~~~~~~~~~~~~~~~~~~~~~~~~~~~~~~~~~~~~~~~~
      ave.     -0.04     -0.14      0.08      2.34     -6.77      0.97
      s.d.      0.17      0.04      0.09      8.33      5.06      2.88
****************************************************************************
Curves base-pair step parameters
    step       Shift     Slide      Rise      Tilt      Roll     Twist
   1 CA/TG      0.72     -1.37      3.17      0.35      6.34     32.07
   2 AT/AT      0.05     -2.01      3.41     -0.13     -0.26     33.45
   3 TG/CA     -0.60     -1.80      3.15     -0.95      3.74     27.17
   4 GG/CC     -0.41     -1.50      3.48      0.60      2.41     33.75
   5 GG/CC      0.47     -1.71      3.23      1.36      4.25     32.56
   6 GC/GC     -0.53     -0.84      2.99     -0.27      4.83     29.98
   7 CC/GG      0.33     -1.26      3.19      0.16      2.69     32.60
   8 CC/GG      0.13     -1.55      3.47     -1.63      2.15     33.67
   9 CA/TG      0.34     -1.60      3.35     -1.11      5.20     30.31
  10 AT/AT     -0.38     -2.00      3.34     -0.80     -1.97     32.39
  11 TG/CA     -1.16     -1.59      2.86     -2.43     10.50     22.60
          ~~~~~~~~~~~~~~~~~~~~~~~~~~~~~~~~~~~~~~~~~~~~~~~~~~~~~~~~~~~~
      ave.     -0.09     -1.57      3.24     -0.44      3.63     30.96
      s.d.      0.57      0.34      0.20      1.08      3.31      3.40
****************************************************************************
FreeHelix base-pair parameters (by Xiang-Jun Lu)
     bp        Shear    Stretch   Stagger    Buckle  Propeller  Opening
    1 C-G       0.14     -0.18      0.04     -2.79     -5.71     -0.83
    2 A-T      -0.04     -0.18      0.10      0.14     -6.66      6.13
    3 T-A      -0.12     -0.12      0.13     -1.11     -8.78      3.76
    4 G-C      -0.19     -0.13      0.13      0.46     -8.48      0.70
    5 G-C      -0.19     -0.17     -0.01     -6.61    -11.72     -3.09
    6 G-C      -0.28     -0.12      0.09     -7.51     -8.02      0.38
    7 C-G       0.14     -0.11      0.10      6.91     -7.55     -2.66
    8 C-G       0.05     -0.14     -0.02      9.39    -12.65     -0.31
    9 C-G       0.23     -0.16      0.01      4.30     -9.13      1.12
   10 A-T       0.07     -0.18      0.04     -0.82     -7.75      4.97
   11 T-A      -0.01     -0.13      0.04      2.10     -1.92      2.36
   12 G-C      -0.26     -0.07      0.32     23.51      7.25     -0.89
          ~~~~~~~~~~~~~~~~~~~~~~~~~~~~~~~~~~~~~~~~~~~~~~~~~~~~~~~~~~~~
      ave.     -0.04     -0.14      0.08      2.33     -6.76      0.97
      s.d.      0.17      0.03      0.09      8.29      5.19      2.87
****************************************************************************
FreeHelix base-pair step parameters
    step       Shift     Slide      Rise      Tilt      Roll     Twist
   1 CA/TG      0.73     -1.37      3.16      0.34      6.34     32.10
   2 AT/AT      0.05     -2.01      3.41     -0.13     -0.26     33.41
   3 TG/CA     -0.60     -1.80      3.15     -0.95      3.74     27.22
   4 GG/CC     -0.40     -1.51      3.48      0.59      2.41     33.39
   5 GG/CC      0.48     -1.71      3.22      1.34      4.25     32.61
   6 GC/GC     -0.53     -0.84      2.99     -0.27      4.83     30.45
   7 CC/GG      0.33     -1.27      3.19      0.18      2.69     32.88
   8 CC/GG      0.12     -1.55      3.47     -1.62      2.16     33.32
   9 CA/TG      0.34     -1.60      3.35     -1.10      5.21     30.08
  10 AT/AT     -0.38     -2.00      3.34     -0.80     -1.97     32.43
  11 TG/CA     -1.16     -1.59      2.84     -2.47     10.49     21.78
          ~~~~~~~~~~~~~~~~~~~~~~~~~~~~~~~~~~~~~~~~~~~~~~~~~~~~~~~~~~~~
      ave.     -0.09     -1.57      3.24     -0.44      3.63     30.88
      s.d.      0.56      0.34      0.20      1.08      3.31      3.56
****************************************************************************
NGEOM base-pair parameters
     bp        Shear    Stretch   Stagger    Buckle  Propeller  Opening
    1 C-G       0.14     -0.18      0.04     -2.79     -5.71     -0.83
    2 A-T      -0.04     -0.18      0.10      0.14     -6.66      6.14
    3 T-A      -0.12     -0.12      0.13     -1.11     -8.78      3.77
    4 G-C      -0.19     -0.13      0.13      0.46     -8.48      0.70
    5 G-C      -0.19     -0.17     -0.01     -6.62    -11.68     -3.10
    6 G-C      -0.28     -0.12      0.09     -7.52     -7.99      0.38
    7 C-G       0.14     -0.11      0.10      6.92     -7.53     -2.67
    8 C-G       0.05     -0.14     -0.02      9.41    -12.58     -0.31
    9 C-G       0.23     -0.15      0.01      4.31     -9.12      1.12
   10 A-T       0.07     -0.18      0.04     -0.82     -7.75      4.99
   11 T-A      -0.01     -0.13      0.04      2.10     -1.92      2.36
   12 G-C      -0.26     -0.07      0.32     23.52      7.00     -0.88
          ~~~~~~~~~~~~~~~~~~~~~~~~~~~~~~~~~~~~~~~~~~~~~~~~~~~~~~~~~~~~
      ave.     -0.04     -0.14      0.08      2.33     -6.77      0.97
      s.d.      0.17      0.04      0.09      8.30      5.11      2.88
****************************************************************************
NGEOM base-pair step parameters
    step       Shift     Slide      Rise      Tilt      Roll     Twist
   1 CA/TG      0.73     -1.35      3.17      0.34      6.34     32.11
   2 AT/AT      0.05     -2.01      3.41     -0.13     -0.26     33.43
   3 TG/CA     -0.61     -1.78      3.16     -0.95      3.74     27.20
   4 GG/CC     -0.40     -1.49      3.49      0.60      2.41     33.57
   5 GG/CC      0.48     -1.70      3.23      1.35      4.25     32.60
   6 GC/GC     -0.53     -0.82      3.00     -0.27      4.83     30.23
   7 CC/GG      0.33     -1.26      3.20      0.17      2.69     32.74
   8 CC/GG      0.12     -1.54      3.47     -1.62      2.16     33.50
   9 CA/TG      0.34     -1.58      3.36     -1.11      5.21     30.21
  10 AT/AT     -0.38     -2.01      3.33     -0.80     -1.97     32.41
  11 TG/CA     -1.16     -1.56      2.86     -2.44     10.49     22.24
          ~~~~~~~~~~~~~~~~~~~~~~~~~~~~~~~~~~~~~~~~~~~~~~~~~~~~~~~~~~~~
      ave.     -0.09     -1.56      3.24     -0.44      3.63     30.93
      s.d.      0.57      0.34      0.20      1.08      3.31      3.46
****************************************************************************
NUPARM base-pair parameters
     bp        Shear    Stretch   Stagger    Buckle  Propeller  Opening
    1 C-G       0.14     -0.18      0.04     -2.79     -5.71     -0.83
    2 A-T      -0.04     -0.18      0.10      0.14     -6.67      6.13
    3 T-A      -0.12     -0.12      0.13     -1.11     -8.78      3.76
    4 G-C      -0.19     -0.13      0.13      0.46     -8.48      0.70
    5 G-C      -0.19     -0.17     -0.00     -6.61    -11.68     -3.08
    6 G-C      -0.28     -0.12      0.09     -7.51     -7.99      0.38
    7 C-G       0.14     -0.11      0.10      6.92     -7.52     -2.65
    8 C-G       0.05     -0.14     -0.02      9.39    -12.57     -0.30
    9 C-G       0.23     -0.16      0.01      4.30     -9.12      1.12
   10 A-T       0.07     -0.18      0.03     -0.82     -7.76      4.97
   11 T-A      -0.01     -0.13      0.04      2.10     -1.92      2.36
   12 G-C      -0.26     -0.07      0.32     23.51      6.95     -0.86
          ~~~~~~~~~~~~~~~~~~~~~~~~~~~~~~~~~~~~~~~~~~~~~~~~~~~~~~~~~~~~
      ave.     -0.04     -0.14      0.08      2.33     -6.77      0.97
      s.d.      0.17      0.03      0.09      8.29      5.10      2.87
****************************************************************************
NUPARM base-pair step parameters
    step       Shift     Slide      Rise      Tilt      Roll     Twist
   1 CA/TG      0.73     -1.32      3.18      0.16      6.56     32.11
   2 AT/AT      0.05     -2.02      3.40     -0.11     -0.35     33.41
   3 TG/CA     -0.61     -1.78      3.16     -0.86      3.79     27.22
   4 GG/CC     -0.40     -1.48      3.50      0.83      2.46     33.38
   5 GG/CC      0.48     -1.67      3.24      1.24      4.57     32.60
   6 GC/GC     -0.54     -0.80      3.00     -0.20      5.10     30.44
   7 CC/GG      0.33     -1.24      3.20      0.09      2.77     32.88
   8 CC/GG      0.12     -1.53      3.47     -1.75      2.21     33.32
   9 CA/TG      0.34     -1.57      3.36     -1.27      5.37     30.09
  10 AT/AT     -0.38     -2.02      3.32     -0.68     -2.14     32.42
  11 TG/CA     -1.18     -1.54      2.87     -2.54     10.80     21.77
          ~~~~~~~~~~~~~~~~~~~~~~~~~~~~~~~~~~~~~~~~~~~~~~~~~~~~~~~~~~~~
      ave.     -0.10     -1.54      3.25     -0.46      3.74     30.87
      s.d.      0.57      0.35      0.19      1.11      3.45      3.56
****************************************************************************
NUPARM base-pair helical parameters
    step       X-disp    Y-disp   h-Rise     Incl.       Tip   h-Twist
   1 CA/TG     -3.51     -1.29      2.85     11.26     -0.28     32.75
   2 AT/AT     -3.46     -0.11      3.42     -0.58      0.18     33.41
   3 TG/CA     -4.67      1.10      2.90      7.78      1.77     27.49
   4 GG/CC     -3.02      0.84      3.37      4.06     -1.39     33.48
   5 GG/CC     -3.77     -0.65      2.99      7.79     -2.15     32.94
   6 GC/GC     -2.48      0.99      2.83      9.43      0.36     30.87
   7 CC/GG     -2.67     -0.58      3.09      4.71     -0.12     32.99
   8 CC/GG     -3.07     -0.51      3.35      3.66      2.93     33.43
   9 CA/TG     -4.11     -0.89      3.02      9.82      2.33     30.57
  10 AT/AT     -3.22      0.55      3.46     -3.68      1.17     32.50
  11 TG/CA     -7.08      2.59      2.03     25.16      5.79     24.24
          ~~~~~~~~~~~~~~~~~~~~~~~~~~~~~~~~~~~~~~~~~~~~~~~~~~~~~~~~~~~~
      ave.     -3.73      0.19      3.03      7.22      0.96     31.33
      s.d.      1.27      1.14      0.41      7.48      2.21      2.96
****************************************************************************
RNA base-pair parameters
     bp        Shear    Stretch   Stagger    Buckle  Propeller  Opening
    1 C-G       0.14     -0.18      0.04     -2.79     -5.71     -0.83
    2 A-T      -0.04     -0.19      0.09      0.14     -6.67      6.13
    3 T-A      -0.12     -0.12      0.13     -1.11     -8.78      3.76
    4 G-C      -0.19     -0.13      0.13      0.46     -8.48      0.70
    5 G-C      -0.18     -0.18     -0.00     -6.62    -11.69     -3.09
    6 G-C      -0.27     -0.13      0.09     -7.52     -7.99      0.38
    7 C-G       0.13     -0.12      0.10      6.92     -7.53     -2.66
    8 C-G       0.03     -0.16     -0.02      9.41    -12.58     -0.31
    9 C-G       0.22     -0.16      0.01      4.31     -9.12      1.12
   10 A-T       0.07     -0.18      0.03     -0.82     -7.75      4.98
   11 T-A      -0.01     -0.13      0.04      2.10     -1.92      2.36
   12 G-C      -0.24     -0.14      0.32     23.52      7.00     -0.86
          ~~~~~~~~~~~~~~~~~~~~~~~~~~~~~~~~~~~~~~~~~~~~~~~~~~~~~~~~~~~~
      ave.     -0.04     -0.15      0.08      2.33     -6.77      0.97
      s.d.      0.16      0.03      0.09      8.30      5.11      2.87
****************************************************************************
RNA base-pair step parameters
    step       Shift     Slide      Rise      Tilt      Roll     Twist
   1 CA/TG      0.62     -1.37      3.22      0.25      6.40     32.08
   2 AT/AT      0.09     -2.06      3.38     -0.12     -0.30     33.43
   3 TG/CA     -0.56     -1.80      3.18     -0.90      3.75     27.19
   4 GG/CC     -0.35     -1.48      3.38      0.71      2.42     33.56
   5 GG/CC      0.42     -1.68      3.22      1.29      4.38     32.58
   6 GC/GC     -0.49     -0.81      3.22     -0.23      4.93     30.21
   7 CC/GG      0.30     -1.24      3.24      0.12      2.71     32.74
   8 CC/GG      0.10     -1.54      3.39     -1.67      2.17     33.49
   9 CA/TG      0.28     -1.61      3.28     -1.18      5.26     30.19
  10 AT/AT     -0.34     -2.04      3.37     -0.73     -2.04     32.40
  11 TG/CA     -1.08     -1.56      3.19     -2.47     10.61     22.17
          ~~~~~~~~~~~~~~~~~~~~~~~~~~~~~~~~~~~~~~~~~~~~~~~~~~~~~~~~~~~~
      ave.     -0.09     -1.56      3.28     -0.45      3.66     30.91
      s.d.      0.51      0.36      0.08      1.08      3.37      3.48
****************************************************************************
RNA base-pair helical parameters
    step       X-disp    Y-disp   h-Rise     Incl.       Tip   h-Twist
   1 CA/TG     -3.51     -1.06      2.90     11.29     -0.44     32.71
   2 AT/AT     -3.53     -0.18      3.40     -0.51      0.21     33.43
   3 TG/CA     -4.68      0.97      2.92      7.84      1.89     27.46
   4 GG/CC     -2.97      0.72      3.25      4.12     -1.21     33.66
   5 GG/CC     -3.70     -0.52      2.98      7.65     -2.26     32.90
   6 GC/GC     -2.50      0.88      3.05      9.27      0.44     30.61
   7 CC/GG     -2.66     -0.51      3.12      4.73     -0.22     32.85
   8 CC/GG     -3.04     -0.46      3.27      3.70      2.86     33.60
   9 CA/TG     -4.06     -0.76      2.94      9.87      2.22     30.67
  10 AT/AT     -3.27      0.47      3.50     -3.60      1.30     32.48
  11 TG/CA     -6.54      1.85      2.30     25.49      5.93     24.70
          ~~~~~~~~~~~~~~~~~~~~~~~~~~~~~~~~~~~~~~~~~~~~~~~~~~~~~~~~~~~~
      ave.     -3.68      0.13      3.06      7.26      0.97     31.37
      s.d.      1.14      0.90      0.32      7.53      2.24      2.88
****************************************************************************
Strand I base step parameters
    step       Shift     Slide      Rise      Tilt      Roll     Twist
   1  C/A      -0.27     -1.39      3.26      3.65      5.52     35.52
   2  A/T      -0.80     -2.03      3.45      1.44     -1.49     32.20
   3  T/G      -1.21     -1.83      3.25      1.93      3.80     25.64
   4  G/G      -1.01     -1.65      3.41      0.12     -0.02     31.66
   5  G/G      -0.29     -1.93      3.23      3.69      4.14     34.37
   6  G/C      -0.99     -0.85      3.29      8.75      5.12     28.44
   7  C/C      -0.43     -1.00      3.31      4.21      2.64     33.53
   8  C/C      -0.47     -1.31      3.50     -0.93      5.88     34.10
   9  C/A      -0.48     -1.52      3.32     -1.23      6.44     32.13
  10  A/T      -1.27     -1.96      3.41      2.01      0.96     31.07
  11  T/G      -1.95     -1.22      3.36      7.71     17.31     19.11
          ~~~~~~~~~~~~~~~~~~~~~~~~~~~~~~~~~~~~~~~~~~~~~~~~~~~~~~~~~~~~
      ave.     -0.83     -1.52      3.34      2.85      4.57     30.70
      s.d.      0.51      0.40      0.09      3.22      4.94      4.76
****************************************************************************
Strand I base helical parameters
    step       X-disp    Y-disp   h-Rise     Incl.       Tip   h-Twist
   1  C/A      -3.01     -0.86      2.96      8.81     -5.81     36.13
   2  A/T      -3.36     -0.09      3.50     -2.65     -2.56     32.26
   3  T/G      -5.06      1.38      2.85      8.42     -4.28     25.99
   4  G/G      -3.03      0.06      3.40     -0.03     -0.21     31.66
   5  G/G      -3.85     -0.77      2.93      6.85     -6.10     34.81
   6  G/C      -2.63      1.81      2.67      9.92    -16.94     30.19
   7  C/C      -2.15     -0.37      3.14      4.48     -7.14     33.89
   8  C/C      -3.17     -1.16      3.23      9.78      1.55     34.61
   9  C/A      -3.80     -1.17      2.97     11.33      2.16     32.79
  10  A/T      -3.85      0.96      3.26      1.77     -3.70     31.15
  11  T/G      -6.18      3.96      1.04     40.89    -18.20     26.91
          ~~~~~~~~~~~~~~~~~~~~~~~~~~~~~~~~~~~~~~~~~~~~~~~~~~~~~~~~~~~~
      ave.     -3.64      0.34      2.91      9.05     -5.57     31.85
      s.d.      1.14      1.57      0.67     11.48      6.67      3.19
****************************************************************************
Strand II base step parameters
    step       Shift     Slide      Rise      Tilt      Roll     Twist
   1  G/T       1.51     -1.31      3.29     -2.97      7.17     28.46
   2  T/A       0.98     -2.02      3.45     -1.81      0.83     34.55
   3  A/C       0.08     -1.75      3.22     -3.85      3.64     28.54
   4  C/C       0.31     -1.32      3.50      1.14      4.90     35.45
   5  C/C       1.13     -1.45      3.34     -0.93      4.52     30.58
   6  C/G       0.02     -0.79      3.23     -9.32      4.84     31.41
   7  G/G       1.03     -1.51      3.30     -3.87      2.90     31.60
   8  G/G       0.68     -1.77      3.41     -2.33     -1.50     32.60
   9  G/T       1.04     -1.65      3.37     -0.95      4.11     28.25
  10  T/A       0.59     -2.07      3.41     -3.43     -5.13     33.62
  11  A/C      -0.22     -1.86      2.94    -12.54      3.57     24.77
          ~~~~~~~~~~~~~~~~~~~~~~~~~~~~~~~~~~~~~~~~~~~~~~~~~~~~~~~~~~~~
      ave.      0.65     -1.59      3.31     -3.71      2.71     30.89
      s.d.      0.54      0.37      0.15      3.93      3.45      3.18
****************************************************************************
Strand II base helical parameters
    step       X-disp    Y-disp   h-Rise     Incl.       Tip   h-Twist
   1  G/T      -4.03     -1.76      2.70     14.09      5.83     29.49
   2  T/A      -3.53     -0.14      3.34      1.37      3.01     34.61
   3  A/C      -4.26      0.82      2.94      7.22      7.64     29.02
   4  C/C      -2.91      1.48      3.29      7.86     -1.84     35.80
   5  C/C      -3.60     -0.50      3.05      8.41      1.73     30.92
   6  C/G      -2.20      0.21      2.94      8.53     16.40     33.12
   7  G/G      -3.26     -0.75      3.00      5.21      6.97     31.97
   8  G/G      -2.87      0.17      3.43     -2.63      4.08     32.72
   9  G/T      -4.30     -0.52      3.06      8.27      1.91     28.56
  10  T/A      -2.61      0.19      3.61     -8.65      5.79     34.18
  11  A/C      -4.59     -0.40      2.46      7.60     26.70     27.99
          ~~~~~~~~~~~~~~~~~~~~~~~~~~~~~~~~~~~~~~~~~~~~~~~~~~~~~~~~~~~~
      ave.     -3.47     -0.11      3.08      5.21      7.11     31.67
      s.d.      0.77      0.85      0.33      6.28      7.97      2.66
