Reference frame: Origins (Ox, Oy, Oz) followed by the direction cosines of the
                 X- (Xx, Yx, Zx), Y- (Yx, Yx, Yx), and Z- (Zx, Zx, Zx) axes
*****************************************************************************************
Local base-pair reference frames
                Ox      Oy      Oz     Xx    Xy    Xz   Yx    Yy    Yz    Zx    Zy    Zz
   1 C-G       8.89   -5.33   26.37  0.99 -0.16 -0.00 -0.15 -0.90 -0.41  0.06  0.40 -0.91
   2 G-C       8.73   -3.74   23.78  0.72 -0.66 -0.19 -0.69 -0.67 -0.27  0.05  0.32 -0.94
   3 C-G       9.37   -3.03   20.05  0.18 -0.88 -0.44 -0.98 -0.12 -0.16  0.09  0.46 -0.88
   4 G-C       8.84   -1.53   17.44 -0.36 -0.86 -0.35 -0.93  0.38  0.02  0.11  0.33 -0.94
   5 A-T       9.32   -0.59   14.14 -0.84 -0.48 -0.26 -0.54  0.82  0.22  0.10  0.32 -0.94
   6 T-A       9.59   -0.28   10.87 -0.99  0.14 -0.09  0.11  0.95  0.29  0.13  0.28 -0.95
   7 A-T       9.73    0.09    7.39 -0.75  0.64  0.16  0.65  0.69  0.32  0.09  0.34 -0.93
   8 T-A       9.59    0.56    4.18 -0.32  0.92  0.23  0.94  0.28  0.20  0.11  0.28 -0.95
   9 C-G       9.84    1.24    0.90  0.45  0.87  0.21  0.89 -0.46 -0.02  0.08  0.20 -0.98
  10 G-C      11.30    1.78   -1.94  0.76  0.58  0.30  0.61 -0.79 -0.03  0.22  0.20 -0.95
  11 C-G      10.92    1.20   -5.69  0.99 -0.09  0.13 -0.09 -1.00 -0.03  0.13  0.02 -0.99
  12 G-C      11.69    1.17   -8.98  0.78 -0.62 -0.05 -0.62 -0.77 -0.15  0.06  0.15 -0.99
*****************************************************************************************
Local middle reference frames
                Ox      Oy      Oz     Xx    Xy    Xz   Yx    Yy    Yz    Zx    Zy    Zz
   1 CG/CG     8.81   -4.53   25.08  0.90 -0.43 -0.11 -0.44 -0.83 -0.35  0.06  0.36 -0.93
   2 GC/GC     9.05   -3.38   21.91  0.48 -0.82 -0.32 -0.88 -0.41 -0.25  0.07  0.39 -0.92
   3 CG/CG     9.11   -2.28   18.74 -0.09 -0.91 -0.40 -0.99  0.13 -0.05  0.10  0.40 -0.91
   4 GA/TC     9.08   -1.06   15.79 -0.63 -0.71 -0.32 -0.77  0.63  0.13  0.11  0.32 -0.94
   5 AT/AT     9.45   -0.43   12.50 -0.97 -0.18 -0.17 -0.22  0.94  0.27  0.11  0.30 -0.95
   6 TA/TA     9.66   -0.09    9.13 -0.91  0.41  0.03  0.40  0.86  0.33  0.11  0.31 -0.94
   7 AT/AT     9.66    0.33    5.78 -0.56  0.80  0.21  0.82  0.50  0.26  0.10  0.31 -0.94
   8 TC/GA     9.71    0.90    2.54  0.07  0.97  0.25  0.99 -0.09  0.08  0.10  0.24 -0.97
   9 CG/CG    10.57    1.51   -0.52  0.62  0.74  0.25  0.77 -0.64 -0.01  0.15  0.20 -0.97
  10 GC/GC    11.11    1.49   -3.82  0.94  0.27  0.20  0.29 -0.96 -0.06  0.18  0.11 -0.98
  11 CG/CG    11.30    1.19   -7.33  0.92 -0.38  0.06 -0.37 -0.92 -0.12  0.10  0.09 -0.99
*****************************************************************************************
Local middle helical reference frames
                Ox      Oy      Oz     Xx    Xy    Xz   Yx    Yy    Yz    Zx    Zy    Zz
   1 CG/CG     9.57   -4.59   24.99  0.90 -0.38 -0.23 -0.44 -0.84 -0.31 -0.07  0.38 -0.92
   2 GC/GC     8.21   -2.66   21.91  0.45 -0.88 -0.17 -0.85 -0.35 -0.40  0.29  0.32 -0.90
   3 CG/CG     9.88   -2.08   18.70 -0.09 -0.93 -0.35 -0.99  0.03  0.17 -0.14  0.36 -0.92
   4 GA/TC     8.73   -1.28   15.68 -0.63 -0.71 -0.31 -0.77  0.62  0.15  0.09  0.34 -0.94
   5 AT/AT     8.63   -0.56   12.42 -0.97 -0.20 -0.11 -0.22  0.94  0.25  0.05  0.27 -0.96
   6 TA/TA     8.20    0.91    9.18 -0.90  0.44 -0.04  0.38  0.82  0.42  0.22  0.36 -0.91
   7 AT/AT     8.89    0.48    5.84 -0.56  0.80  0.23  0.83  0.54  0.14 -0.02  0.27 -0.96
   8 TC/GA     9.39    0.58    2.45  0.07  0.96  0.28  1.00 -0.07 -0.03 -0.01  0.28 -0.96
   9 CG/CG    12.51   -0.62    0.07  0.66  0.75  0.02  0.73 -0.65  0.20  0.17 -0.12 -0.98
  10 GC/GC     9.35    1.68   -3.67  0.95  0.30  0.01  0.30 -0.93 -0.23 -0.06  0.22 -0.97
  11 CG/CG    10.23    1.59   -7.59  0.90 -0.40  0.20 -0.33 -0.89 -0.30  0.30  0.20 -0.93
*****************************************************************************************
Local strand I base reference frames
                Ox      Oy      Oz     Xx    Xy    Xz   Yx    Yy    Yz    Zx    Zy    Zz
   1 C         9.28   -5.11   26.14  0.99 -0.08 -0.11 -0.12 -0.90 -0.41 -0.07  0.42 -0.90
   2 G         8.72   -3.30   23.45  0.75 -0.61 -0.26 -0.66 -0.67 -0.35  0.04  0.44 -0.90
   3 C         9.45   -2.89   19.94  0.19 -0.84 -0.50 -0.98 -0.15 -0.13  0.03  0.52 -0.85
   4 G         9.13   -1.24   17.34 -0.33 -0.83 -0.45 -0.91  0.41 -0.09  0.26  0.38 -0.89
   5 A         9.52   -0.52   14.06 -0.79 -0.46 -0.40 -0.56  0.81  0.19  0.23  0.37 -0.90
   6 T         9.52   -0.35   10.87 -0.97  0.17 -0.20  0.12  0.96  0.25  0.23  0.22 -0.95
   7 A         9.63    0.10    7.33 -0.75  0.65  0.08  0.63  0.68  0.37  0.19  0.33 -0.92
   8 T         9.65    0.31    4.06 -0.31  0.94  0.11  0.93  0.28  0.23  0.19  0.17 -0.97
   9 C         9.90    1.78    1.07  0.49  0.87  0.06  0.87 -0.49  0.06  0.08  0.03 -1.00
  10 G        11.27    1.87   -2.14  0.77  0.61  0.18  0.63 -0.77 -0.10  0.08  0.19 -0.98
  11 C        11.27    1.32   -5.94  1.00 -0.06  0.01 -0.06 -1.00 -0.04  0.01  0.04 -1.00
  12 G        11.58    1.50   -9.11  0.80 -0.58 -0.16 -0.60 -0.78 -0.19 -0.01  0.25 -0.97
*****************************************************************************************
Local strand II base reference frames
                Ox      Oy      Oz     Xx    Xy    Xz   Yx    Yy    Yz    Zx    Zy    Zz
   1 G         8.50   -5.55   26.60  0.97 -0.23  0.11 -0.17 -0.90 -0.41  0.19  0.37 -0.91
   2 C         8.73   -4.18   24.11  0.69 -0.71 -0.11 -0.72 -0.67 -0.19  0.06  0.21 -0.98
   3 G         9.30   -3.16   20.15  0.17 -0.91 -0.37 -0.97 -0.10 -0.20  0.15  0.40 -0.91
   4 C         8.56   -1.82   17.54 -0.38 -0.89 -0.24 -0.92  0.35  0.14 -0.04  0.27 -0.96
   5 T         9.11   -0.66   14.22 -0.86 -0.49 -0.11 -0.51  0.83  0.24 -0.03  0.26 -0.96
   6 A         9.66   -0.21   10.87 -0.99  0.12  0.02  0.12  0.94  0.33  0.02  0.33 -0.94
   7 T         9.83    0.08    7.45 -0.75  0.62  0.24  0.66  0.70  0.26 -0.01  0.35 -0.94
   8 A         9.52    0.82    4.29 -0.32  0.88  0.36  0.95  0.28  0.16  0.04  0.39 -0.92
   9 G         9.78    0.70    0.74  0.42  0.83  0.36  0.90 -0.42 -0.09  0.08  0.36 -0.93
  10 C        11.33    1.70   -1.74  0.73  0.55  0.41  0.59 -0.81  0.04  0.35  0.22 -0.91
  11 G        10.58    1.08   -5.43  0.96 -0.12  0.25 -0.11 -0.99 -0.03  0.26  0.00 -0.97
  12 C        11.80    0.84   -8.84  0.75 -0.66  0.06 -0.65 -0.75 -0.12  0.12  0.05 -0.99
****************************************************************************
Local strand I base step parameters
    step       Shift     Slide      Rise      Tilt      Roll     Twist
   1  C/G      -0.67     -0.22      3.21      3.22      5.12     34.26
   2  G/C       1.45      0.13      3.30      2.33     -4.94     37.74
   3  C/G      -0.23      0.78      2.99     13.94      7.20     29.98
   4  G/A       0.75     -0.01      3.30     -0.94      1.40     34.51
   5  A/T       0.90     -0.60      3.00      8.99      2.34     39.92
   6  T/A       0.36     -0.77      3.47     -5.12      5.12     34.72
   7  A/T      -0.20     -0.85      3.16      5.11     -7.97     29.57
   8  T/C       1.13     -0.29      3.13      5.55     -9.06     46.62
   9  C/G       0.52      1.01      3.30      5.98      7.09     22.47
  10  G/C      -0.46      0.88      3.71     -6.71     -6.51     41.89
  11  C/G       0.39      0.16      3.16     10.88     -5.08     33.41
          ~~~~~~~~~~~~~~~~~~~~~~~~~~~~~~~~~~~~~~~~~~~~~~~~~~~~~~~~~~~~
      ave.      0.36      0.02      3.25      3.93     -0.48     35.01
      s.d.      0.68      0.65      0.21      6.36      6.30      6.55
****************************************************************************
Local strand I base helical parameters
    step       X-disp    Y-disp   h-Rise     Incl.       Tip   h-Twist
   1  C/G      -1.13      1.60      3.08      8.61     -5.42     34.77
   2  G/C       0.83     -1.92      3.34     -7.58     -3.58     38.12
   3  C/G       0.26      2.50      2.73     12.87    -24.91     33.76
   4  G/A      -0.24     -1.40      3.28      2.36      1.58     34.55
   5  A/T      -1.09     -0.36      3.09      3.37    -12.95     40.94
   6  T/A      -2.04     -1.36      3.24      8.47      8.47     35.45
   7  A/T      -0.06      1.35      3.19    -15.13     -9.71     31.01
   8  T/C       0.35     -0.97      3.24    -11.27     -6.91     47.75
   9  C/G      -0.01      0.80      3.48     17.27    -14.58     24.29
  10  G/C       1.94     -0.12      3.57     -8.97      9.24     42.88
  11  C/G       0.99      0.93      3.08     -8.50    -18.21     35.45
          ~~~~~~~~~~~~~~~~~~~~~~~~~~~~~~~~~~~~~~~~~~~~~~~~~~~~~~~~~~~~
      ave.     -0.02      0.09      3.21      0.14     -7.00     36.27
      s.d.      1.11      1.43      0.22     10.92     10.67      6.20
****************************************************************************
Local strand II base step parameters
    step       Shift     Slide      Rise      Tilt      Roll     Twist
   1  G/C      -0.38     -0.44      2.79    -12.44     -1.69     34.44
   2  C/G       0.28     -0.01      4.11      9.55     -7.93     35.31
   3  G/C      -0.28      0.93      2.87    -10.05      8.72     31.83
   4  C/T      -0.61     -0.37      3.49      1.06      0.03     37.39
   5  T/A      -0.44     -0.67      3.33     -3.61     -3.40     37.05
   6  A/T      -0.51     -0.76      3.31     -0.55      1.84     34.74
   7  T/A      -0.21     -0.56      3.21     -3.31      0.33     30.00
   8  A/G      -1.43      0.16      3.26     -2.34     -1.45     43.52
   9  G/C       0.73      0.62      2.93    -17.62      3.93     24.08
  10  C/G      -2.03      0.50      3.19    -10.53     -9.15     41.95
  11  G/C       0.64      0.08      3.57     -0.40     -8.17     34.72
          ~~~~~~~~~~~~~~~~~~~~~~~~~~~~~~~~~~~~~~~~~~~~~~~~~~~~~~~~~~~~
      ave.     -0.39     -0.05      3.28     -4.57     -1.54     35.00
      s.d.      0.82      0.56      0.37      7.55      5.47      5.34
****************************************************************************
Local strand II base helical parameters
    step       X-disp    Y-disp   h-Rise     Incl.       Tip   h-Twist
   1  G/C      -0.50     -0.90      2.78     -2.75     20.20     36.59
   2  C/G       1.32      1.17      3.96    -12.60    -15.18     37.37
   3  G/C       0.31     -0.98      2.97     15.10     17.40     34.44
   4  C/T      -0.58      1.10      3.47      0.05     -1.65     37.41
   5  T/A      -0.58      0.19      3.40     -5.33      5.65     37.37
   6  A/T      -1.56      0.77      3.27      3.08      0.93     34.79
   7  T/A      -1.15     -0.25      3.20      0.63      6.37     30.18
   8  A/G       0.35      1.70      3.32     -1.95      3.16     43.60
   9  G/C       0.51     -4.48      2.02      8.11     36.40     30.01
  10  C/G       1.56      1.68      3.41    -12.38     14.24     44.11
  11  G/C       1.43     -1.10      3.46    -13.46      0.66     35.64
          ~~~~~~~~~~~~~~~~~~~~~~~~~~~~~~~~~~~~~~~~~~~~~~~~~~~~~~~~~~~~
      ave.      0.10     -0.10      3.21     -1.95      8.02     36.50
      s.d.      1.06      1.79      0.50      8.91     13.60      4.48
****************************************************************************
xyz coordinates of C1' atoms

    bp        xI       yI       zI       xII      yII      zII
   1 C-G     6.170   -9.773   24.198    6.979   -0.154   28.493
   2 G-C     3.278   -5.357   22.227   10.878    1.236   25.373
   3 C-G     3.686   -1.622   20.508   14.090   -0.315   22.187
   4 G-C     5.065    3.046   17.980   14.488   -1.527   17.369
   5 A-T     8.571    4.920   16.048   13.973   -3.842   13.174
   6 T-A    12.528    4.420   12.703   11.569   -5.424    9.039
   7 A-T    14.876    2.070    9.119    8.182   -5.199    5.455
   8 T-A    15.391   -0.567    5.051    5.230   -2.873    2.562
   9 C-G    13.397   -3.039    1.248    3.848    0.897    0.305
  10 G-C    12.635   -3.786   -3.113    6.347    4.700   -2.973
  11 C-G     8.480   -3.912   -6.146    8.796    6.762   -5.887
  12 G-C     6.356   -1.244   -9.776   13.487    6.518   -8.323
****************************************************************************
xyz coordinates of RN9/YN1 atoms

    bp        xI       yI       zI       xII      yII      zII
   1 C-G     7.456   -9.108   24.411    8.049   -1.149   28.313
   2 G-C     4.742   -5.546   22.194   11.103   -0.205   25.108
   3 C-G     4.749   -2.503   20.004   13.522   -1.519   21.557
   4 G-C     5.432    1.708   17.482   13.237   -2.279   17.210
   5 A-T     8.022    3.716   15.398   12.504   -3.763   13.274
   6 T-A    11.290    3.779   12.239   10.411   -4.574    9.345
   7 A-T    13.446    2.310    8.887    7.808   -3.877    5.973
   8 T-A    14.249    0.362    4.978    5.664   -1.586    3.133
   9 C-G    13.217   -1.574    1.241    5.118    1.539    0.690
  10 G-C    13.125   -2.440   -2.814    7.723    4.648   -2.442
  11 C-G     9.728   -3.141   -6.159    9.860    5.766   -5.615
  12 G-C     7.827   -1.283   -9.796   13.788    5.085   -8.362
****************************************************************************
xyz coordinates of RC8/YC6 atoms

    bp        xI       yI       zI       xII      yII      zII
   1 C-G     8.641   -9.683   24.066    9.385   -1.090   28.619
   2 G-C     5.470   -6.612   21.709   12.347   -0.764   25.075
   3 C-G     4.468   -3.637   19.314   14.138   -2.680   21.152
   4 G-C     4.623    0.775   16.878   13.252   -3.590   16.825
   5 A-T     6.762    3.416   14.960   11.695   -4.849   13.008
   6 T-A    10.122    4.515   12.126    9.073   -4.786    9.239
   7 A-T    12.713    3.432    9.159    6.495   -3.495    6.126
   8 T-A    14.373    1.704    5.250    4.878   -0.531    3.538
   9 C-G    14.295   -0.736    1.367    5.312    2.802    1.188
  10 G-C    14.395   -1.960   -2.608    8.321    5.770   -1.938
  11 C-G    10.945   -3.739   -6.153   11.173    5.995   -5.270
  12 G-C     8.636   -2.366  -10.075   15.075    4.644   -8.230
****************************************************************************
xyz coordinates of O1P atoms w.r.t. the middle frame of each dimer

    step       xI      yI      zI     xII     yII     zII
   1 CG/CG   -3.78    9.63   -0.68   -2.68   10.13    1.72
   2 GC/GC   -3.26   10.56    0.45   -2.72   10.04    0.25
   3 CG/CG   -2.18   10.16    1.17   -3.62    9.72   -1.91
   4 GA/TC   -3.99   10.18    0.50   -4.03    9.89   -0.59
   5 AT/AT   -4.82    9.42   -0.31   -4.17    9.88   -1.13
   6 TA/TA   -4.32    9.99   -0.29   -4.86    9.51   -0.10
   7 AT/AT   -4.08   10.14   -0.85   -4.50    9.77   -0.35
   8 TC/GA   -3.53   10.14   -0.56   -3.82    9.98    0.12
   9 CG/CG   -4.45    9.71   -2.31   -2.55    9.97    0.75
  10 GC/GC   -2.60    9.63   -0.61   -2.51   10.71    0.45
  11 CG/CG   -4.57    9.17   -2.10   -2.09   10.13   -0.09
****************************************************************************
xyz coordinates of O1P atoms w.r.t. the middle helix frame of each dimer

    step      xIH     yIH     zIH     xIIH    yIIH    zIIH
   1 CG/CG   -4.53    9.90    0.19   -3.62    9.80    1.78
   2 GC/GC   -2.15    9.99   -1.81   -1.77   10.44   -0.99
   3 CG/CG   -2.08   10.37    3.42   -3.42    9.11    0.66
   4 GA/TC   -4.41   10.05    0.69   -4.45   10.02   -0.39
   5 AT/AT   -5.62    9.37   -0.80   -5.07    9.91   -1.00
   6 TA/TA   -6.03    9.67    1.03   -6.62    9.78    0.44
   7 AT/AT   -4.60   10.49   -2.22   -5.08    9.11   -1.44
   8 TC/GA   -3.13   10.32   -1.78   -3.48    9.64   -0.84
   9 CG/CG   -4.31    6.94    0.96   -2.61   12.55    2.32
  10 GC/GC   -1.21   10.15   -1.76   -0.75    9.85   -1.89
  11 CG/CG   -2.91    8.49   -4.41   -1.04   10.04   -1.66
****************************************************************************
xyz coordinates of O2P atoms w.r.t. the middle frame of each dimer

    step       xI      yI      zI     xII     yII     zII
   1 CG/CG   -2.31    9.46    1.25   -0.60    8.65    2.15
   2 GC/GC   -1.11    9.31    0.99   -0.66    9.23    1.36
   3 CG/CG   -0.61    8.21    1.74   -2.00    9.53   -0.13
   4 GA/TC   -2.06    8.97    1.63   -1.88    9.56    0.65
   5 AT/AT   -2.65    9.83    0.68   -2.43    9.06    0.51
   6 TA/TA   -2.36    9.61    1.14   -2.69    9.35    1.08
   7 AT/AT   -2.07    9.27    0.44   -2.45    9.41    1.12
   8 TC/GA   -1.81    8.88    0.79   -1.68    9.26    1.13
   9 CG/CG   -2.51    9.97   -0.74   -0.72    8.28    1.05
  10 GC/GC   -2.02    9.04    1.81   -0.44    9.33    1.05
  11 CG/CG   -2.49    9.76   -0.70   -0.81    8.59    1.39
****************************************************************************
xyz coordinates of O2P atoms w.r.t. the middle helix frame of each dimer

    step      xIH     yIH     zIH     xIIH    yIIH    zIIH
   1 CG/CG   -2.83    9.66    1.91   -1.61    8.30    2.41
   2 GC/GC   -0.13    8.88   -0.74    0.45    9.79   -0.10
   3 CG/CG   -0.53    8.33    3.59   -1.70    8.52    2.25
   4 GA/TC   -2.48    8.81    1.81   -2.29    9.66    0.85
   5 AT/AT   -3.52    9.80    0.33   -3.23    9.11    0.52
   6 TA/TA   -3.97    9.16    2.25   -4.54    9.49    1.77
   7 AT/AT   -2.63    9.79   -0.78   -2.99    8.94    0.01
   8 TC/GA   -1.47    9.21   -0.24   -1.30    9.03    0.18
   9 CG/CG   -2.05    6.90    2.06   -0.85   10.79    2.64
  10 GC/GC   -0.17    9.99    0.57    1.14    8.63   -0.68
  11 CG/CG   -1.06    9.36   -2.86    0.45    8.78   -0.13
****************************************************************************
xyz coordinates of P atoms w.r.t. the middle frame of each dimer

    step       xI      yI      zI     xII     yII     zII
   1 CG/CG   -2.93    8.73    0.13   -1.93    8.87    1.47
   2 GC/GC   -2.48    9.30    0.43   -2.00    8.91    0.86
   3 CG/CG   -1.87    8.72    1.12   -3.06    8.80   -0.89
   4 GA/TC   -3.15    8.97    0.58   -2.82    9.07   -0.37
   5 AT/AT   -3.45    8.94   -0.21   -3.42    8.72   -0.54
   6 TA/TA   -3.16    9.08   -0.03   -3.61    8.74    0.14
   7 AT/AT   -3.22    9.00   -0.49   -3.32    8.92    0.04
   8 TC/GA   -2.71    8.92   -0.42   -2.76    8.95    0.19
   9 CG/CG   -3.43    9.04   -1.46   -2.00    8.65    0.36
  10 GC/GC   -2.52    8.62    0.48   -1.81    9.39    0.46
  11 CG/CG   -3.38    8.75   -1.34   -1.94    8.74    0.44
****************************************************************************
xyz coordinates of P atoms w.r.t. the middle helix frame of each dimer

    step      xIH     yIH     zIH     xIIH    yIIH    zIIH
   1 CG/CG   -3.59    8.97    0.85   -2.85    8.55    1.58
   2 GC/GC   -1.39    8.76   -1.50   -0.95    9.41   -0.31
   3 CG/CG   -1.76    8.97    3.04   -2.80    7.98    1.41
   4 GA/TC   -3.57    8.83    0.75   -3.24    9.19   -0.18
   5 AT/AT   -4.26    8.89   -0.59   -4.29    8.75   -0.45
   6 TA/TA   -4.86    8.74    1.10   -5.39    8.99    0.70
   7 AT/AT   -3.76    9.41   -1.70   -3.90    8.32   -0.98
   8 TC/GA   -2.32    9.12   -1.48   -2.42    8.62   -0.69
   9 CG/CG   -3.13    6.12    1.38   -1.95   11.33    1.78
  10 GC/GC   -0.91    9.35   -0.54   -0.09    8.56   -1.52
  11 CG/CG   -1.85    8.24   -3.41   -0.80    8.76   -0.91
****************************************************************************
xyz coordinates of P atoms

    bp        xI       yI       zI       xII      yII      zII
   1 C-G     ----     ----     ----    10.880    3.106   29.767
   2 G-C     2.360  -10.462   22.227   15.843    1.614   25.519
   3 C-G    -0.257   -5.034   20.024   18.202   -0.244   19.652
   4 G-C     0.760    0.960   18.000   17.867   -4.633   15.165
   5 A-T     4.245    6.982   17.402   14.774   -7.821   10.247
   6 T-A    10.766    8.510   15.697    9.449   -9.112    6.285
   7 A-T    16.153    6.376   12.033    4.147   -6.857    2.840
   8 T-A    18.824    2.125    7.891    0.612   -0.968    1.354
   9 C-G    18.328   -2.657    2.960    2.632    5.503   -0.551
  10 G-C    15.150   -7.116   -0.093    6.643    9.934   -3.172
  11 C-G    11.282   -7.376   -5.310   12.693    9.934   -5.986
  12 G-C     4.826   -5.731   -7.221    ----     ----     ---- 
*******************************************************************************************
Phosphorus-phosphorus distance in Angstroms

            1      2      3      4      5      6      7      8      9     10     11     12
            G      C      G      C      T      A      T      A      G      C      G      C   
   1 C    ----   ----   ----   ----   ----   ----   ----   ----   ----   ----   ----   ----
   2 G    17.7   18.4   19.0   18.0   17.5   17.5   19.8   23.0   27.8   32.9   36.3   ----
   3 C    16.9   18.3   19.1   18.8   18.1   17.3   17.8   19.1   23.3   28.5   32.7   ----
   4 G    15.7   16.9   17.6   18.2   18.3   17.7   17.4   16.8   19.2   23.7   28.3   ----
   5 A    14.6   15.1   15.9   18.0   19.5   20.2   20.1   18.3   18.1   20.9   25.0   ----
   6 T    15.1   13.0   12.1   14.9   17.7   20.0   21.1   20.0   18.4   19.4   21.8   ----
   7 A    18.8   14.3   10.3   11.6   14.4   17.8   20.1   20.2   18.5   18.3   18.7   ----
   8 T    23.3   17.9   12.0   10.0   11.0   14.7   17.9   19.6   18.6   18.2   17.1   ----
   9 C    28.4   23.1   16.9   12.4    9.6   11.5   14.8   17.9   18.0   18.2   16.4   ----
  10 G    31.8   27.1   21.1   15.7   10.4    8.8   11.4   15.9   17.8   19.3   18.2   ----
  11 C    36.6   32.4   26.9   21.7   16.0   11.9   10.8   14.1   16.2   18.0   17.4   ----
  12 G    38.5   35.3   30.5   25.9   20.2   14.7   10.1   10.7   13.2   16.3   17.6   ----
****************************************************************************
Strand I helix radius

    step          P        O4'       C1'
   1  C/G      11.27      8.46      7.85
   2  G/C       7.67      4.31      3.78
   3  C/G      11.18      9.02      8.19
   4  G/A       8.33      5.37      4.81
   5  A/T       9.71      6.56      6.14
   6  T/A       9.15      6.63      5.92
   7  A/T      10.51      7.10      6.87
   8  T/C       8.27      5.02      4.74
   9  C/G      10.74      7.21      6.57
  10  G/C       8.55      5.39      5.24
  11  C/G       9.61      6.58      6.32
****************************************************************************
Strand II helix radius

    step          P        O4'       C1'
   1  G/C      10.32      7.78      6.85
   2  C/G       7.94      5.01      4.34
   3  G/C      10.33      7.39      6.68
   4  C/T       8.90      5.93      5.26
   5  T/A       9.43      6.44      5.93
   6  A/T       9.50      6.66      6.09
   7  T/A      10.32      7.16      6.67
   8  A/G       7.66      4.65      4.25
   9  G/C      13.19     10.85     10.09
  10  C/G       7.75      4.37      3.61
  11  G/C       9.89      6.97      6.46
****************************************************************************************
Base-pair helix axis

               Ox      Oy      Oz     Xx    Xy    Xz   Yx    Yy    Yz    Zx    Zy    Zz
   1 CG/CG    9.68   -5.16   26.38  0.99 -0.11 -0.12 -0.15 -0.92 -0.37 -0.07  0.38 -0.92
              9.46   -4.02   23.61  0.72 -0.62 -0.31 -0.69 -0.69 -0.23 -0.07  0.38 -0.92
   2 GC/GC    7.67   -3.27   23.61  0.70 -0.72 -0.04 -0.66 -0.62 -0.43  0.29  0.32 -0.90
              8.75   -2.05   20.20  0.15 -0.94 -0.29 -0.95 -0.06 -0.32  0.29  0.32 -0.90
   3 CG/CG   10.09   -2.62   20.09  0.19 -0.91 -0.38 -0.97 -0.23  0.06 -0.14  0.36 -0.92
              9.66   -1.54   17.31 -0.36 -0.89 -0.29 -0.92  0.29  0.26 -0.14  0.36 -0.92
   4 GA/TC    8.57   -1.86   17.30 -0.36 -0.87 -0.35 -0.93  0.37  0.04  0.09  0.34 -0.94
              8.88   -0.70   14.06 -0.84 -0.48 -0.25 -0.54  0.81  0.24  0.09  0.34 -0.94
   5 AT/AT    8.55   -1.00   13.98 -0.84 -0.50 -0.19 -0.53  0.82  0.20  0.05  0.27 -0.96
              8.72   -0.12   10.87 -0.99  0.13 -0.02  0.12  0.95  0.27  0.05  0.27 -0.96
   6 TA/TA    7.84    0.31   10.68 -0.97  0.17 -0.17  0.10  0.92  0.39  0.22  0.36 -0.91
              8.56    1.50    7.67 -0.74  0.67  0.09  0.63  0.65  0.41  0.22  0.36 -0.91
   7 AT/AT    8.92    0.05    7.39 -0.76  0.63  0.19  0.65  0.73  0.19 -0.02  0.27 -0.96
              8.87    0.92    4.29 -0.32  0.91  0.26  0.95  0.31  0.07 -0.02  0.27 -0.96
   8 TC/GA    9.40    0.11    4.05 -0.32  0.91  0.27  0.95  0.31  0.08 -0.01  0.28 -0.96
              9.37    1.05    0.85  0.45  0.86  0.25  0.89 -0.43 -0.14 -0.01  0.28 -0.96
   9 CG/CG   12.26   -0.44    1.52  0.48  0.87 -0.02  0.86 -0.47  0.20  0.17 -0.12 -0.98
             12.76   -0.79   -1.38  0.80  0.59  0.07  0.57 -0.80  0.19  0.17 -0.12 -0.98
  10 GC/GC    9.45    1.29   -1.95  0.78  0.62  0.10  0.63 -0.75 -0.21 -0.06  0.22 -0.97
              9.25    2.08   -5.39  1.00 -0.06 -0.07 -0.08 -0.97 -0.22 -0.06  0.22 -0.97
  11 CG/CG    9.74    1.26   -6.05  0.95 -0.11  0.28 -0.04 -0.97 -0.22  0.30  0.20 -0.93
             10.72    1.92   -9.12  0.75 -0.65  0.10 -0.59 -0.73 -0.34  0.30  0.20 -0.93
****************************************************************************************
Strand I helix axis

               Ox      Oy      Oz     Xx    Xy    Xz   Yx    Yy    Yz    Zx    Zy    Zz
   1  C/G    10.59   -3.71   26.55  0.99 -0.12 -0.02 -0.12 -0.96 -0.27  0.01  0.27 -0.96
             10.62   -2.87   23.59  0.75 -0.64 -0.17 -0.66 -0.72 -0.21  0.01  0.27 -0.96
   2  G/C     6.86   -3.93   22.73  0.74 -0.64 -0.21 -0.65 -0.60 -0.47  0.17  0.48 -0.86
              7.43   -2.33   19.85  0.19 -0.87 -0.45 -0.97 -0.08 -0.24  0.17  0.48 -0.86
   3  C/G    11.82   -2.09   19.75  0.21 -0.97 -0.09 -0.97 -0.22  0.09 -0.10  0.07 -0.99
             11.53   -1.89   17.04 -0.37 -0.93 -0.03 -0.92  0.36  0.12 -0.10  0.07 -0.99
   4  G/A     7.77   -0.88   17.15 -0.32 -0.82 -0.47 -0.92  0.39 -0.06  0.23  0.42 -0.88
              8.53    0.48   14.26 -0.79 -0.45 -0.42 -0.57  0.79  0.22  0.23  0.42 -0.88
   5  A/T     8.42   -0.83   13.94 -0.82 -0.54 -0.19 -0.57  0.79  0.24  0.02  0.30 -0.95
              8.47    0.11   11.00 -0.99  0.11  0.02  0.11  0.95  0.30  0.02  0.30 -0.95
   6  T/A     7.74    1.33   10.71 -0.92  0.21 -0.33  0.07  0.92  0.38  0.39  0.33 -0.86
              8.99    2.40    7.91 -0.71  0.70 -0.05  0.59  0.63  0.50  0.39  0.33 -0.86
   7  A/T     8.72   -0.88    7.18 -0.76  0.61  0.24  0.64  0.76  0.12 -0.11  0.25 -0.96
              8.36   -0.09    4.11 -0.32  0.91  0.27  0.94  0.34 -0.02 -0.11  0.25 -0.96
   8  T/C    10.68    0.30    4.02 -0.32  0.92  0.22  0.95  0.32  0.04 -0.03  0.23 -0.97
             10.57    1.03    0.87  0.49  0.86  0.18  0.87 -0.47 -0.14 -0.03  0.23 -0.97
   9  C/G     9.28    2.19    0.80  0.42  0.85  0.31  0.79 -0.51  0.35  0.45  0.10 -0.89
             10.85    2.52   -2.29  0.71  0.57  0.42  0.55 -0.82  0.19  0.45  0.10 -0.89
  10  G/C     9.85    0.55   -2.22  0.77  0.64  0.02  0.62 -0.74 -0.25 -0.14  0.21 -0.97
              9.34    1.28   -5.67  0.99 -0.04 -0.15 -0.07 -0.98 -0.20 -0.14  0.21 -0.97
  11  C/G    10.36    2.32   -6.08  0.94 -0.09  0.32 -0.03 -0.98 -0.19  0.33  0.17 -0.93
             11.37    2.84   -8.95  0.75 -0.64  0.15 -0.57 -0.75 -0.34  0.33  0.17 -0.93
****************************************************************************************
Strand II helix axis

               Ox      Oy      Oz     Xx    Xy    Xz   Yx    Yy    Yz    Zx    Zy    Zz
   1  G/C     8.84   -6.37   26.09  0.97 -0.08 -0.21 -0.17 -0.88 -0.45 -0.15  0.47 -0.87
              8.43   -5.06   23.68  0.68 -0.59 -0.44 -0.72 -0.65 -0.23 -0.15  0.47 -0.87
   2  C/G     8.68   -2.44   24.39  0.63 -0.76  0.14 -0.67 -0.63 -0.40  0.39  0.16 -0.91
             10.24   -1.81   20.80  0.10 -0.99 -0.13 -0.91 -0.04 -0.40  0.39  0.16 -0.91
   3  G/C     8.29   -3.15   20.37  0.17 -0.76 -0.63 -0.97 -0.23  0.02 -0.16  0.61 -0.78
              7.81   -1.35   18.07 -0.41 -0.76 -0.51 -0.90  0.24  0.37 -0.16  0.61 -0.78
   4  C/T     9.36   -2.73   17.26 -0.38 -0.90 -0.21 -0.92  0.35  0.14 -0.05  0.25 -0.97
              9.17   -1.87   13.91 -0.86 -0.50 -0.08 -0.51  0.83  0.24 -0.05  0.25 -0.97
   5  T/A     8.71   -1.10   14.08 -0.86 -0.47 -0.20 -0.50  0.85  0.15  0.10  0.23 -0.97
              9.06   -0.30   10.78 -0.99  0.14 -0.07  0.12  0.96  0.24  0.10  0.23 -0.97
   6  A/T     8.02   -0.73   10.59 -0.99  0.12  0.01  0.11  0.92  0.38  0.04  0.38 -0.92
              8.15    0.52    7.56 -0.75  0.62  0.23  0.66  0.68  0.31  0.04  0.38 -0.92
   7  T/A     9.14    1.01    7.68 -0.75  0.65  0.14  0.66  0.70  0.27  0.08  0.29 -0.95
              9.40    1.94    4.62 -0.31  0.92  0.25  0.95  0.28  0.17  0.08  0.29 -0.95
   8  A/G     8.02    0.00    3.97 -0.32  0.90  0.31  0.95  0.29  0.12  0.02  0.33 -0.94
              8.09    1.10    0.83  0.42  0.85  0.31  0.91 -0.41 -0.12  0.02  0.33 -0.94
   9  G/C    13.61   -1.65    1.09  0.42  0.87 -0.26  0.90 -0.43  0.05 -0.07 -0.26 -0.96
             13.47   -2.17   -0.85  0.82  0.54 -0.20  0.57 -0.80  0.18 -0.07 -0.26 -0.96
  10  C/G     9.06    2.02   -1.73  0.77  0.61  0.18  0.63 -0.76 -0.17  0.03  0.24 -0.97
              9.17    2.84   -5.04  1.00 -0.09  0.01 -0.08 -0.97 -0.24  0.03  0.24 -0.97
  11  G/C     9.14    0.18   -6.06  0.96 -0.12  0.24 -0.05 -0.97 -0.26  0.26  0.23 -0.94
             10.06    0.99   -9.30  0.75 -0.66  0.05 -0.60 -0.72 -0.35  0.26  0.23 -0.94
