  12 # base-pairs
   1 # ***local base-pair & helical parameters***
#        Shear    Stretch   Stagger   Buckle   Prop-Tw   Opening     X-disp    Y-disp    h-Rise    Incl.     Tip     h-Twist
C-G      0.700    -0.326     0.641     0.376   -14.963    -2.988     0.000     0.000     0.000     0.000     0.000     0.000
G-C     -0.468    -0.404     0.904     8.965   -10.445    -3.933    -0.757     0.272     3.006     2.443     7.521    35.097
C-G     -0.114    -0.142     0.326    -5.221    -8.769    -0.485     1.061    -0.483     3.783   -10.017    -9.443    37.351
G-C     -0.638    -0.316     0.446    13.845   -12.796    -1.419     0.251     0.788     3.016    14.259    -3.544    32.310
A-T     -0.365    -0.139     0.247     2.256   -16.581    -4.172    -0.440    -0.124     3.454     1.204    -0.131    35.918
T-A      0.119    -0.152    -0.054     5.106   -13.205    -0.679    -0.884    -0.045     3.243    -0.992    -4.148    38.993
A-T      0.143    -0.154     0.105    -6.616    -9.241    -1.389    -1.828    -0.299     3.320     5.859     4.754    34.881
T-A     -0.563    -0.065     0.090    -4.451   -14.885    -1.343    -0.584     0.562     3.225    -7.428    -1.658    30.332
C-G      1.050    -0.396    -0.106    -9.289   -17.369     2.754     0.386     0.326     3.330    -6.753    -2.142    45.759
G-C     -0.066    -0.162     0.405     8.139   -13.999    -0.340     0.311    -2.997     2.963    13.069    13.656    25.294
C-G      0.591    -0.283     0.604     1.059   -14.417    -3.203     1.740     0.791     3.535   -10.737    11.826    43.600
G-C     -0.570    -0.333     0.355     3.991   -13.053    -3.591     1.233    -0.073     3.293   -11.252    -8.811    35.411
