  12 # base-pairs
   0 # ***local base-pair & step parameters***
#        Shear    Stretch   Stagger   Buckle   Prop-Tw   Opening     Shift     Slide     Rise      Tilt      Roll      Twist
C-G      0.700    -0.326     0.641     0.376   -14.963    -2.988     0.000     0.000     0.000     0.000     0.000     0.000
G-C     -0.468    -0.404     0.904     8.965   -10.445    -3.933    -0.539    -0.334     2.978    -4.522     1.469    34.784
C-G     -0.114    -0.142     0.326    -5.221    -8.769    -0.485     0.901     0.052     3.749     5.995    -6.359    36.350
G-C     -0.638    -0.316     0.446    13.845   -12.796    -1.419    -0.261     0.854     2.917     1.952     7.855    31.306
A-T     -0.365    -0.139     0.247     2.256   -16.581    -4.172     0.084    -0.202     3.458     0.081     0.742    35.911
T-A      0.119    -0.152    -0.054     5.106   -13.205    -0.679     0.251    -0.643     3.223     2.767    -0.662    38.893
A-T      0.143    -0.154     0.105    -6.616    -9.241    -1.389    -0.088    -0.767     3.414    -2.842     3.503    34.598
T-A     -0.563    -0.065     0.090    -4.451   -14.885    -1.343    -0.205    -0.706     3.169     0.865    -3.876    30.077
C-G      1.050    -0.396    -0.106    -9.289   -17.369     2.754    -0.139    -0.063     3.350     1.662    -5.240    45.445
G-C     -0.066    -0.162     0.405     8.139   -13.999    -0.340     0.602     0.816     3.081    -5.877     5.624    23.970
C-G      0.591    -0.283     0.604     1.059   -14.417    -3.203    -1.270     0.672     3.528    -8.685    -7.886    42.066
G-C     -0.570    -0.333     0.355     3.991   -13.053    -3.591     0.533     0.126     3.333     5.309    -6.780    34.381
