****************************************************************************
CEHS base-pair parameters
     bp        Shear    Stretch   Stagger    Buckle  Propeller  Opening
    1 C-G       0.70     -0.32      0.64      0.38    -14.97     -2.96
    2 G-C      -0.47     -0.40      0.90      8.95    -10.47     -3.91
    3 C-G      -0.11     -0.14      0.33     -5.22     -8.78     -0.48
    4 G-C      -0.64     -0.31      0.45     13.82    -12.86     -1.40
    5 A-T      -0.37     -0.14      0.25      2.25    -16.59     -4.13
    6 T-A       0.12     -0.15     -0.05      5.09    -13.21     -0.67
    7 A-T       0.14     -0.15      0.11     -6.61     -9.25     -1.38
    8 T-A      -0.56     -0.07      0.09     -4.44    -14.89     -1.33
    9 C-G       1.05     -0.39     -0.11     -9.25    -17.41      2.72
   10 G-C      -0.07     -0.16      0.41      8.12    -14.02     -0.34
   11 C-G       0.59     -0.28      0.60      1.06    -14.42     -3.18
   12 G-C      -0.57     -0.33      0.36      3.98    -13.06     -3.57
          ~~~~~~~~~~~~~~~~~~~~~~~~~~~~~~~~~~~~~~~~~~~~~~~~~~~~~~~~~~~~
      ave.     -0.02     -0.24      0.33      1.51    -13.33     -1.72
      s.d.      0.56      0.11      0.30      6.97      2.70      1.96
****************************************************************************
CEHS base-pair step parameters
    step       Shift     Slide      Rise      Tilt      Roll     Twist
   1 CG/CG     -0.54     -0.32      2.98     -4.56      1.66     34.97
   2 GC/GC      0.90      0.06      3.75      5.81     -6.38     36.06
   3 CG/CG     -0.26      0.86      2.92      2.02      7.92     31.79
   4 GA/TC      0.08     -0.19      3.46      0.28      0.84     35.60
   5 AT/AT      0.25     -0.63      3.22      2.51     -0.57     38.96
   6 TA/TA     -0.09     -0.76      3.42     -2.82      3.50     34.31
   7 AT/AT     -0.20     -0.70      3.17      0.91     -3.83     30.07
   8 TC/GA     -0.14     -0.07      3.35      1.40     -5.22     45.23
   9 CG/CG      0.60      0.81      3.08     -5.67      5.53     24.57
  10 GC/GC     -1.27      0.68      3.53     -8.54     -7.78     41.86
  11 CG/CG      0.53      0.14      3.33      5.29     -6.64     34.49
          ~~~~~~~~~~~~~~~~~~~~~~~~~~~~~~~~~~~~~~~~~~~~~~~~~~~~~~~~~~~~
      ave.     -0.01     -0.01      3.29     -0.31     -1.00     35.26
      s.d.      0.60      0.59      0.25      4.56      5.35      5.59
****************************************************************************
CompDNA base-pair parameters
     bp        Shear    Stretch   Stagger    Buckle  Propeller  Opening
    1 C-G       0.70     -0.33      0.64      0.37    -14.96     -2.96
    2 G-C      -0.47     -0.40      0.90      8.92    -10.47     -3.93
    3 C-G      -0.11     -0.14      0.33     -5.20     -8.78     -0.48
    4 G-C      -0.64     -0.31      0.45     13.73    -12.86     -1.42
    5 A-T      -0.37     -0.14      0.25      2.22    -16.58     -4.13
    6 T-A       0.12     -0.15     -0.05      5.06    -13.21     -0.68
    7 A-T       0.14     -0.15      0.11     -6.59     -9.25     -1.39
    8 T-A      -0.56     -0.07      0.09     -4.40    -14.89     -1.33
    9 C-G       1.05     -0.39     -0.11     -9.15    -17.41      2.73
   10 G-C      -0.07     -0.16      0.41      8.06    -14.02     -0.34
   11 C-G       0.59     -0.28      0.60      1.05    -14.42     -3.18
   12 G-C      -0.57     -0.33      0.36      3.96    -13.06     -3.57
          ~~~~~~~~~~~~~~~~~~~~~~~~~~~~~~~~~~~~~~~~~~~~~~~~~~~~~~~~~~~~
      ave.     -0.02     -0.24      0.33      1.50    -13.33     -1.72
      s.d.      0.56      0.11      0.30      6.92      2.69      1.96
****************************************************************************
CompDNA base-pair step parameters
    step       Shift     Slide      Rise      Tilt      Roll     Twist
   1 CG/CG     -0.54     -0.33      2.98     -4.52      1.48     35.00
   2 GC/GC      0.90      0.05      3.75      5.98     -6.37     36.04
   3 CG/CG     -0.26      0.85      2.92      1.97      7.85     31.73
   4 GA/TC      0.08     -0.20      3.46      0.08      0.74     35.60
   5 AT/AT      0.25     -0.64      3.22      2.77     -0.67     38.97
   6 TA/TA     -0.09     -0.77      3.41     -2.84      3.50     34.31
   7 AT/AT     -0.20     -0.71      3.17      0.87     -3.87     30.05
   8 TC/GA     -0.14     -0.06      3.35      1.68     -5.23     45.20
   9 CG/CG      0.60      0.82      3.08     -5.87      5.62     24.57
  10 GC/GC     -1.27      0.67      3.53     -8.68     -7.87     41.87
  11 CG/CG      0.53      0.12      3.33      5.29     -6.79     34.44
          ~~~~~~~~~~~~~~~~~~~~~~~~~~~~~~~~~~~~~~~~~~~~~~~~~~~~~~~~~~~~
      ave.     -0.01     -0.02      3.29     -0.30     -1.06     35.25
      s.d.      0.60      0.59      0.25      4.65      5.36      5.59
****************************************************************************
Curves base-pair parameters (by Xiang-Jun Lu)
     bp        Shear    Stretch   Stagger    Buckle  Propeller  Opening
    1 C-G       0.70     -0.33      0.65      0.38    -14.96     -2.99
    2 G-C      -0.47     -0.41      0.91      9.03    -10.40     -3.93
    3 C-G      -0.11     -0.14      0.33     -5.25     -8.76     -0.48
    4 G-C      -0.64     -0.32      0.45     13.99    -12.67     -1.42
    5 A-T      -0.37     -0.14      0.25      2.30    -16.58     -4.17
    6 T-A       0.12     -0.15     -0.05      5.16    -13.19     -0.68
    7 A-T       0.14     -0.15      0.11     -6.65     -9.22     -1.39
    8 T-A      -0.56     -0.06      0.09     -4.51    -14.87     -1.34
    9 C-G       1.05     -0.40     -0.11     -9.47    -17.29      2.75
   10 G-C      -0.07     -0.16      0.41      8.24    -13.95     -0.34
   11 C-G       0.59     -0.28      0.61      1.07    -14.42     -3.20
   12 G-C      -0.57     -0.33      0.36      4.03    -13.04     -3.59
          ~~~~~~~~~~~~~~~~~~~~~~~~~~~~~~~~~~~~~~~~~~~~~~~~~~~~~~~~~~~~
      ave.     -0.01     -0.24      0.33      1.53    -13.28     -1.73
      s.d.      0.55      0.12      0.30      7.06      2.69      1.98
****************************************************************************
Curves base-pair step parameters
    step       Shift     Slide      Rise      Tilt      Roll     Twist
   1 CG/CG     -0.54     -0.34      2.98     -4.53      1.46     34.59
   2 GC/GC      0.90      0.05      3.76      6.02     -6.34     36.65
   3 CG/CG     -0.26      0.85      2.92      1.94      7.86     30.82
   4 GA/TC      0.08     -0.20      3.46      0.08      0.74     36.22
   5 AT/AT      0.25     -0.64      3.22      2.77     -0.66     38.83
   6 TA/TA     -0.09     -0.77      3.42     -2.84      3.50     34.88
   7 AT/AT     -0.21     -0.71      3.17      0.86     -3.88     30.09
   8 TC/GA     -0.14     -0.06      3.35      1.64     -5.25     45.65
   9 CG/CG      0.60      0.82      3.09     -5.88      5.62     23.37
  10 GC/GC     -1.27      0.67      3.55     -8.70     -7.88     42.28
  11 CG/CG      0.53      0.13      3.34      5.33     -6.76     34.30
          ~~~~~~~~~~~~~~~~~~~~~~~~~~~~~~~~~~~~~~~~~~~~~~~~~~~~~~~~~~~~
      ave.     -0.01     -0.02      3.30     -0.30     -1.05     35.24
      s.d.      0.60      0.59      0.25      4.66      5.36      6.02
****************************************************************************
FreeHelix base-pair parameters (by Xiang-Jun Lu)
     bp        Shear    Stretch   Stagger    Buckle  Propeller  Opening
    1 C-G       0.70     -0.33      0.64      0.38    -14.96     -2.96
    2 G-C      -0.47     -0.40      0.90      8.95    -10.50     -3.93
    3 C-G      -0.11     -0.14      0.33     -5.22     -8.78     -0.48
    4 G-C      -0.64     -0.31      0.45     13.82    -12.95     -1.42
    5 A-T      -0.37     -0.14      0.25      2.25    -16.59     -4.13
    6 T-A       0.12     -0.15     -0.05      5.09    -13.23     -0.68
    7 A-T       0.14     -0.15      0.11     -6.61     -9.27     -1.39
    8 T-A      -0.56     -0.07      0.09     -4.44    -14.90     -1.33
    9 C-G       1.05     -0.39     -0.11     -9.25    -17.46      2.73
   10 G-C      -0.07     -0.16      0.41      8.12    -14.06     -0.34
   11 C-G       0.59     -0.28      0.60      1.06    -14.42     -3.18
   12 G-C      -0.57     -0.33      0.36      3.98    -13.07     -3.57
          ~~~~~~~~~~~~~~~~~~~~~~~~~~~~~~~~~~~~~~~~~~~~~~~~~~~~~~~~~~~~
      ave.     -0.02     -0.24      0.33      1.51    -13.35     -1.72
      s.d.      0.56      0.11      0.30      6.97      2.70      1.96
****************************************************************************
FreeHelix base-pair step parameters
    step       Shift     Slide      Rise      Tilt      Roll     Twist
   1 CG/CG     -0.54     -0.33      2.98     -4.52      1.48     35.00
   2 GC/GC      0.90      0.05      3.75      5.99     -6.38     36.04
   3 CG/CG     -0.26      0.85      2.92      1.97      7.85     31.73
   4 GA/TC      0.08     -0.20      3.46      0.08      0.74     35.60
   5 AT/AT      0.25     -0.64      3.22      2.77     -0.67     38.97
   6 TA/TA     -0.09     -0.77      3.41     -2.84      3.50     34.31
   7 AT/AT     -0.20     -0.71      3.17      0.87     -3.87     30.05
   8 TC/GA     -0.14     -0.06      3.35      1.68     -5.23     45.20
   9 CG/CG      0.60      0.82      3.08     -5.88      5.63     24.57
  10 GC/GC     -1.27      0.67      3.53     -8.70     -7.90     41.87
  11 CG/CG      0.53      0.12      3.33      5.30     -6.80     34.44
          ~~~~~~~~~~~~~~~~~~~~~~~~~~~~~~~~~~~~~~~~~~~~~~~~~~~~~~~~~~~~
      ave.     -0.01     -0.02      3.29     -0.30     -1.06     35.25
      s.d.      0.60      0.59      0.25      4.66      5.37      5.59
****************************************************************************
NGEOM base-pair parameters
     bp        Shear    Stretch   Stagger    Buckle  Propeller  Opening
    1 C-G       0.70     -0.32      0.64      0.38    -14.96     -2.99
    2 G-C      -0.47     -0.40      0.90      8.97    -10.45     -3.93
    3 C-G      -0.11     -0.14      0.33     -5.22     -8.77     -0.48
    4 G-C      -0.64     -0.32      0.45     13.85    -12.80     -1.42
    5 A-T      -0.37     -0.14      0.25      2.26    -16.58     -4.17
    6 T-A       0.12     -0.15     -0.05      5.11    -13.21     -0.68
    7 A-T       0.14     -0.15      0.11     -6.62     -9.24     -1.39
    8 T-A      -0.56     -0.06      0.09     -4.45    -14.89     -1.34
    9 C-G       1.05     -0.40     -0.11     -9.29    -17.37      2.75
   10 G-C      -0.07     -0.16      0.41      8.14    -14.00     -0.34
   11 C-G       0.59     -0.28      0.60      1.06    -14.42     -3.20
   12 G-C      -0.57     -0.33      0.36      3.99    -13.05     -3.59
          ~~~~~~~~~~~~~~~~~~~~~~~~~~~~~~~~~~~~~~~~~~~~~~~~~~~~~~~~~~~~
      ave.     -0.02     -0.24      0.33      1.51    -13.31     -1.73
      s.d.      0.56      0.12      0.30      6.98      2.69      1.98
****************************************************************************
NGEOM base-pair step parameters
    step       Shift     Slide      Rise      Tilt      Roll     Twist
   1 CG/CG     -0.56     -0.33      2.97     -4.52      1.47     34.78
   2 GC/GC      0.93      0.02      3.74      6.00     -6.36     36.35
   3 CG/CG     -0.25      0.88      2.91      1.95      7.85     31.31
   4 GA/TC      0.08     -0.20      3.46      0.08      0.74     35.91
   5 AT/AT      0.26     -0.65      3.22      2.77     -0.66     38.89
   6 TA/TA     -0.10     -0.75      3.42     -2.84      3.50     34.60
   7 AT/AT     -0.20     -0.72      3.17      0.87     -3.88     30.08
   8 TC/GA     -0.13     -0.09      3.35      1.66     -5.24     45.45
   9 CG/CG      0.59      0.83      3.08     -5.88      5.62     23.97
  10 GC/GC     -1.32      0.63      3.52     -8.69     -7.89     42.07
  11 CG/CG      0.56      0.10      3.33      5.31     -6.78     34.38
          ~~~~~~~~~~~~~~~~~~~~~~~~~~~~~~~~~~~~~~~~~~~~~~~~~~~~~~~~~~~~
      ave.     -0.01     -0.03      3.29     -0.30     -1.06     35.25
      s.d.      0.61      0.59      0.25      4.65      5.36      5.80
****************************************************************************
NUPARM base-pair parameters
     bp        Shear    Stretch   Stagger    Buckle  Propeller  Opening
    1 C-G       0.70     -0.32      0.64      0.38    -14.97     -2.96
    2 G-C      -0.47     -0.40      0.90      8.96    -10.44     -3.90
    3 C-G      -0.11     -0.14      0.33     -5.22     -8.77     -0.48
    4 G-C      -0.64     -0.31      0.45     13.82    -12.77     -1.40
    5 A-T      -0.37     -0.14      0.25      2.25    -16.59     -4.13
    6 T-A       0.12     -0.15     -0.05      5.09    -13.20     -0.67
    7 A-T       0.14     -0.15      0.11     -6.61     -9.24     -1.38
    8 T-A      -0.56     -0.07      0.09     -4.44    -14.88     -1.33
    9 C-G       1.05     -0.39     -0.11     -9.26    -17.35      2.71
   10 G-C      -0.07     -0.16      0.41      8.12    -13.99     -0.34
   11 C-G       0.59     -0.28      0.60      1.06    -14.42     -3.18
   12 G-C      -0.57     -0.33      0.36      3.98    -13.06     -3.57
          ~~~~~~~~~~~~~~~~~~~~~~~~~~~~~~~~~~~~~~~~~~~~~~~~~~~~~~~~~~~~
      ave.     -0.02     -0.24      0.33      1.51    -13.31     -1.72
      s.d.      0.56      0.11      0.30      6.97      2.69      1.96
****************************************************************************
NUPARM base-pair step parameters
    step       Shift     Slide      Rise      Tilt      Roll     Twist
   1 CG/CG     -0.58     -0.31      2.97     -4.80      1.80     34.93
   2 GC/GC      0.96     -0.01      3.73      6.10     -6.78     35.95
   3 CG/CG     -0.25      0.91      2.90      2.08      8.29     31.71
   4 GA/TC      0.08     -0.18      3.46      0.27      0.86     35.60
   5 AT/AT      0.28     -0.64      3.22      2.65     -0.60     38.95
   6 TA/TA     -0.11     -0.73      3.42     -2.95      3.64     34.29
   7 AT/AT     -0.20     -0.73      3.16      0.95     -3.96     30.05
   8 TC/GA     -0.12     -0.13      3.35      1.50     -5.60     45.18
   9 CG/CG      0.57      0.84      3.08     -5.80      5.62     24.52
  10 GC/GC     -1.37      0.59      3.50     -9.15     -8.36     41.63
  11 CG/CG      0.58      0.08      3.33      5.52     -6.91     34.39
          ~~~~~~~~~~~~~~~~~~~~~~~~~~~~~~~~~~~~~~~~~~~~~~~~~~~~~~~~~~~~
      ave.     -0.02     -0.03      3.28     -0.33     -1.09     35.20
      s.d.      0.63      0.59      0.25      4.80      5.62      5.57
****************************************************************************
NUPARM base-pair helical parameters
    step       X-disp    Y-disp   h-Rise     Incl.       Tip   h-Twist
   1 CG/CG     -0.78      0.28      3.00      2.89      7.59     35.30
   2 GC/GC      1.12     -0.54      3.78    -10.05     -9.17     37.04
   3 CG/CG      0.22      0.81      3.02     14.66     -3.48     32.87
   4 GA/TC     -0.44     -0.09      3.45      1.31     -0.41     35.61
   5 AT/AT     -0.88     -0.08      3.24     -0.87     -3.75     39.04
   6 TA/TA     -1.84     -0.30      3.32      5.77      4.74     34.59
   7 AT/AT     -0.59      0.58      3.23     -7.32     -1.73     30.32
   8 TC/GA      0.37      0.30      3.34     -6.62     -1.73     45.52
   9 CG/CG      0.38     -3.00      2.99     12.98     12.78     25.85
  10 GC/GC      1.83      0.89      3.54    -10.47     11.58     43.34
  11 CG/CG      1.26     -0.10      3.30    -10.97     -8.72     35.49
          ~~~~~~~~~~~~~~~~~~~~~~~~~~~~~~~~~~~~~~~~~~~~~~~~~~~~~~~~~~~~
      ave.      0.06     -0.11      3.29     -0.79      0.70     35.91
      s.d.      1.09      1.06      0.24      9.21      7.51      5.50
****************************************************************************
RNA base-pair parameters
     bp        Shear    Stretch   Stagger    Buckle  Propeller  Opening
    1 C-G       0.70     -0.33      0.65      0.38    -14.97     -2.97
    2 G-C      -0.48     -0.42      0.91      8.97    -10.45     -3.91
    3 C-G      -0.11     -0.15      0.33     -5.22     -8.77     -0.48
    4 G-C      -0.66     -0.34      0.45     13.85    -12.80     -1.41
    5 A-T      -0.37     -0.14      0.26      2.26    -16.59     -4.14
    6 T-A       0.11     -0.16     -0.05      5.11    -13.21     -0.68
    7 A-T       0.15     -0.16      0.11     -6.62     -9.24     -1.38
    8 T-A      -0.55     -0.07      0.09     -4.45    -14.89     -1.34
    9 C-G       1.07     -0.41     -0.11     -9.29    -17.37      2.73
   10 G-C      -0.08     -0.17      0.41      8.14    -14.00     -0.34
   11 C-G       0.59     -0.28      0.61      1.06    -14.42     -3.19
   12 G-C      -0.58     -0.34      0.36      3.99    -13.05     -3.57
          ~~~~~~~~~~~~~~~~~~~~~~~~~~~~~~~~~~~~~~~~~~~~~~~~~~~~~~~~~~~~
      ave.     -0.02     -0.25      0.33      1.51    -13.31     -1.72
      s.d.      0.56      0.12      0.30      6.98      2.69      1.97
****************************************************************************
RNA base-pair step parameters
    step       Shift     Slide      Rise      Tilt      Roll     Twist
   1 CG/CG     -0.54     -0.29      3.11     -4.62      1.62     34.76
   2 GC/GC      0.87      0.04      3.52      6.00     -6.52     36.29
   3 CG/CG     -0.23      0.89      3.21      2.00      8.01     31.25
   4 GA/TC      0.12     -0.17      3.28      0.17      0.79     35.91
   5 AT/AT      0.21     -0.62      3.27      2.68     -0.63     38.89
   6 TA/TA     -0.09     -0.74      3.23     -2.87      3.54     34.58
   7 AT/AT     -0.20     -0.71      3.20      0.90     -3.90     30.07
   8 TC/GA     -0.18     -0.10      3.27      1.55     -5.34     45.41
   9 CG/CG      0.63      0.82      3.36     -5.82      5.60     23.93
  10 GC/GC     -1.29      0.66      3.41     -8.80     -8.02     41.92
  11 CG/CG      0.56      0.13      3.38      5.38     -6.80     34.33
          ~~~~~~~~~~~~~~~~~~~~~~~~~~~~~~~~~~~~~~~~~~~~~~~~~~~~~~~~~~~~
      ave.     -0.01     -0.01      3.29     -0.31     -1.06     35.21
      s.d.      0.60      0.59      0.12      4.68      5.44      5.79
****************************************************************************
RNA base-pair helical parameters
    step       X-disp    Y-disp   h-Rise     Incl.       Tip   h-Twist
   1 CG/CG     -0.71      0.22      3.14      2.65      7.57     35.10
   2 GC/GC      1.04     -0.46      3.55    -10.09     -9.29     37.35
   3 CG/CG      0.13      0.78      3.31     14.36     -3.58     32.32
   4 GA/TC     -0.39     -0.18      3.27      1.26     -0.27     35.92
   5 AT/AT     -0.85      0.02      3.28     -0.93     -3.95     38.98
   6 TA/TA     -1.78     -0.29      3.14      5.84      4.73     34.88
   7 AT/AT     -0.55      0.56      3.26     -7.38     -1.70     30.33
   8 TC/GA      0.36      0.37      3.25     -6.70     -1.94     45.75
   9 CG/CG      0.17     -3.22      3.22     12.92     13.44     25.26
  10 GC/GC      1.76      0.79      3.42    -10.68     11.72     43.58
  11 CG/CG      1.29     -0.06      3.34    -11.11     -8.79     35.41
          ~~~~~~~~~~~~~~~~~~~~~~~~~~~~~~~~~~~~~~~~~~~~~~~~~~~~~~~~~~~~
      ave.      0.04     -0.13      3.29     -0.90      0.72     35.90
      s.d.      1.04      1.10      0.12      9.20      7.69      5.71
****************************************************************************
Strand I base step parameters
    step       Shift     Slide      Rise      Tilt      Roll     Twist
   1  C/G      -1.72     -0.20      3.32      3.27      5.20     34.23
   2  G/C       0.29      0.10      3.37      2.37     -5.03     37.71
   3  C/G      -1.11      0.81      3.42     14.10      7.28     29.79
   4  G/A      -0.33     -0.01      3.27     -0.95      1.42     34.51
   5  A/T      -0.29     -0.59      3.28      9.17      2.38     39.83
   6  T/A      -0.74     -0.74      3.31     -5.20      5.20     34.68
   7  A/T      -1.10     -0.88      3.31      5.17     -8.06     29.50
   8  T/C      -0.26     -0.35      3.29      5.71     -9.31     46.49
   9  C/G      -0.16      1.03      3.48      6.02      7.13     22.42
  10  G/C      -1.79      0.84      3.50     -6.86     -6.66     41.80
  11  C/G      -0.60      0.13      3.50     11.04     -5.15     33.29
          ~~~~~~~~~~~~~~~~~~~~~~~~~~~~~~~~~~~~~~~~~~~~~~~~~~~~~~~~~~~~
      ave.     -0.71      0.01      3.37      3.98     -0.51     34.93
      s.d.      0.66      0.65      0.09      6.46      6.41      6.54
****************************************************************************
Strand I base helical parameters
    step       X-disp    Y-disp   h-Rise     Incl.       Tip   h-Twist
   1  C/G      -1.14      1.58      3.08      8.61     -5.42     34.77
   2  G/C       0.84     -1.94      3.34     -7.58     -3.58     38.12
   3  C/G       0.18      2.45      2.73     12.87    -24.91     33.76
   4  G/A      -0.24     -1.40      3.28      2.36      1.58     34.55
   5  A/T      -1.11     -0.36      3.09      3.37    -12.95     40.94
   6  T/A      -2.02     -1.38      3.24      8.47      8.47     35.45
   7  A/T      -0.02      1.28      3.19    -15.13     -9.71     31.01
   8  T/C       0.37     -1.00      3.24    -11.27     -6.91     47.75
   9  C/G      -0.08      0.71      3.48     17.27    -14.58     24.29
  10  G/C       1.92     -0.14      3.57     -8.97      9.24     42.88
  11  C/G       1.03      0.91      3.08     -8.50    -18.21     35.45
          ~~~~~~~~~~~~~~~~~~~~~~~~~~~~~~~~~~~~~~~~~~~~~~~~~~~~~~~~~~~~
      ave.     -0.03      0.06      3.21      0.14     -7.00     36.27
      s.d.      1.11      1.42      0.22     10.92     10.67      6.20
****************************************************************************
Strand II base step parameters
    step       Shift     Slide      Rise      Tilt      Roll     Twist
   1  G/C       0.64     -0.45      3.18    -12.63     -1.72     34.30
   2  C/G       1.42     -0.05      3.81      9.70     -8.06     35.17
   3  G/C       0.67      0.96      3.17    -10.18      8.83     31.69
   4  C/T       0.55     -0.37      3.45      1.08      0.03     37.39
   5  T/A       0.69     -0.69      3.44     -3.67     -3.46     37.03
   6  A/T       0.56     -0.75      3.33     -0.56      1.87     34.73
   7  T/A       0.71     -0.56      3.31     -3.35      0.33     30.00
   8  A/G      -0.11      0.15      3.33     -2.40     -1.48     43.51
   9  G/C       1.43      0.63      3.50    -17.75      3.96     23.88
  10  C/G      -0.80      0.45      3.49    -10.77     -9.36     41.74
  11  G/C       1.71      0.04      3.59     -0.40     -8.29     34.66
          ~~~~~~~~~~~~~~~~~~~~~~~~~~~~~~~~~~~~~~~~~~~~~~~~~~~~~~~~~~~~
      ave.      0.68     -0.06      3.42     -4.63     -1.58     34.92
      s.d.      0.71      0.57      0.18      7.65      5.55      5.37
****************************************************************************
Strand II base helical parameters
    step       X-disp    Y-disp   h-Rise     Incl.       Tip   h-Twist
   1  G/C      -0.49     -0.89      2.78     -2.75     20.20     36.59
   2  C/G       1.27      1.22      3.96    -12.60    -15.18     37.37
   3  G/C       0.24     -0.92      2.97     15.10     17.40     34.44
   4  C/T      -0.58      1.10      3.47      0.05     -1.65     37.41
   5  T/A      -0.57      0.20      3.40     -5.33      5.65     37.37
   6  A/T      -1.56      0.78      3.27      3.08      0.93     34.79
   7  T/A      -1.15     -0.25      3.20      0.63      6.37     30.18
   8  A/G       0.35      1.71      3.32     -1.95      3.16     43.60
   9  G/C       0.44     -4.46      2.02      8.11     36.40     30.01
  10  C/G       1.60      1.73      3.41    -12.38     14.24     44.11
  11  G/C       1.43     -1.05      3.46    -13.46      0.66     35.64
          ~~~~~~~~~~~~~~~~~~~~~~~~~~~~~~~~~~~~~~~~~~~~~~~~~~~~~~~~~~~~
      ave.      0.09     -0.08      3.21     -1.95      8.02     36.50
      s.d.      1.06      1.79      0.50      8.91     13.60      4.48
