Local base-pair step parameters
    step       Shift     Slide      Rise      Tilt      Roll     Twist
   1 AC/GT     -0.37     -0.07      3.11     -2.35     -2.58     33.00
   2 CC/GG      0.85      0.68      3.26      3.89      2.42     34.29
   3 CG/CG     -0.51      0.73      3.22     -3.07      4.30     34.81
   4 GA/TC      0.01     -0.37      3.37      1.34      0.03     38.89
   5 AA/TT      0.01     -0.82      3.35     -1.66     -0.02     36.15
   6 AT/AT     -0.49     -1.03      3.28     -2.25     -0.56     28.78
   7 TT/AA     -0.17     -0.41      3.42      0.48      0.66     38.84
   8 TC/GA      0.09      0.41      3.35     -3.04     -2.00     42.30
   9 CG/CG     -0.06      0.71      3.16      3.77      0.68     25.72
  10 GG/CC     -1.01      0.43      3.03     -7.37      1.52     36.82
  11 GT/AC      0.65     -0.22      3.41      6.49     -2.34     32.23
