Local base-pair helical parameters
    step       X-disp    Y-disp   h-Rise     Incl.       Tip   h-Twist
   1 AC/GT      0.29      0.26      3.12     -4.53      4.13     33.18
   2 CC/GG      0.76     -0.83      3.37      4.09     -6.56     34.59
   3 CG/CG      0.57      0.38      3.31      7.13      5.10     35.20
   4 GA/TC     -0.56      0.15      3.36      0.05     -2.01     38.92
   5 AA/TT     -1.32     -0.25      3.35     -0.04      2.67     36.18
   6 AT/AT     -1.94      0.47      3.33     -1.12      4.51     28.87
   7 TT/AA     -0.71      0.32      3.41      0.99     -0.73     38.85
   8 TC/GA      0.77     -0.43      3.31     -2.77      4.21     42.45
   9 CG/CG      1.40      1.13      3.14      1.52     -8.42     26.00
  10 GG/CC      0.48      0.65      3.18      2.38     11.52     37.56
  11 GT/AC      0.04      0.03      3.48     -4.15    -11.53     32.94
