Local base-pair parameters
     bp        Shear    Stretch   Stagger    Buckle  Propeller  Opening
    1 A-T      -0.06     -0.36     -0.22     -6.14    -11.19      2.35
    2 C-G      -0.06     -0.29     -0.09      2.54     -3.41     -0.88
    3 C-G       0.27     -0.31     -0.24      6.34     -3.30     -1.50
    4 G-C      -0.03     -0.19      0.12     11.24    -10.07     -2.20
    5 A-T       0.23     -0.12     -0.02      3.67    -10.87      5.80
    6 A-T       0.38     -0.08      0.24     -1.06    -12.42      1.35
    7 T-A      -0.07     -0.02      0.34     -5.53    -14.58     -3.80
    8 T-A      -0.12     -0.16      0.40    -17.03    -21.02      0.73
    9 C-G       0.30     -0.16      0.33    -17.75      0.75      1.81
   10 G-C      -0.30     -0.35     -0.13     -8.07     -4.63     -1.51
   11 G-C       0.11     -0.30      0.31      0.72     -5.96     -2.91
   12 T-A      -0.27     -0.19     -0.21     -1.69     -6.87      1.48
