Local base-pair step parameters
    step       Shift     Slide      Rise      Tilt      Roll     Twist
   1 CG/CG      0.22      0.01      3.95     -5.12      1.23     44.31
   2 GC/GC      0.74      0.29      3.60      2.94     -4.50     40.92
   3 CA/TG     -0.32      0.85      3.01      3.41      9.73     34.19
   4 AA/TT     -0.15     -0.14      3.24     -1.36      0.34     32.27
   5 AA/TT     -0.31     -0.06      3.44      1.37     -2.00     41.41
   6 AA/TT      0.02     -0.77      3.38      7.28      2.67     30.43
   7 AA/TT      0.06      0.19      3.21     -4.78      1.46     35.59
   8 AA/TT     -0.45     -0.22      3.21      4.27     -5.32     43.25
   9 AG/CT      0.73      0.56      3.29     -3.90      7.34     30.31
  10 GC/GC     -1.06      0.37      3.63     -5.33    -11.86     35.35
  11 CG/CG      0.00      0.26      3.43      4.98      7.81     35.85


