Local base-pair helical parameters
    step       X-disp    Y-disp   h-Rise     Incl.       Tip   h-Twist
   1 CG/CG     -0.12     -0.86      3.90      1.62      6.75     44.61
   2 GC/GC      0.95     -0.70      3.59     -6.40     -4.18     41.26
   3 CA/TG      0.05      1.00      3.09     16.11     -5.64     35.66
   4 AA/TT     -0.32      0.03      3.24      0.61      2.45     32.30
   5 AA/TT      0.14      0.59      3.43     -2.82     -1.94     41.48
   6 AA/TT     -1.94      1.36      3.22      4.98    -13.60     31.38
   7 AA/TT      0.10     -0.77      3.18      2.38      7.77     35.93
   8 AA/TT      0.20      1.00      3.16     -7.16     -5.75     43.76
   9 AG/CT     -0.36     -2.09      3.22     13.72      7.29     31.41
  10 GC/GC      2.30      0.87      3.45    -18.77      8.44     37.60
  11 CG/CG     -0.70      0.70      3.38     12.43     -7.93     36.99
