Local base-pair parameters
     bp        Shear    Stretch   Stagger    Buckle  Propeller  Opening
    1 C-G      -1.01     -0.03     -0.41     15.05    -15.59    -12.04
    2 G-C      -0.67     -0.46      0.07     -2.23    -12.80     -2.09
    3 C-G      -0.10     -0.32      0.07    -10.69     -1.44     -5.01
    4 A-T       0.85     -0.35      0.01      7.10    -13.91     -2.12
    5 A-T       0.23     -0.13      0.21      7.57    -22.40     -0.27
    6 A-T       1.21     -0.29      0.13      4.49    -25.69      0.06
    7 A-T      -0.25     -0.34     -0.53     -5.23    -22.06     -3.25
    8 A-T       0.20     -0.30      0.28     -4.03    -17.95     -1.08
    9 A-T       1.09     -0.33     -0.44     -4.66    -18.26     -5.98
   10 G-C       0.58     -0.22      0.29      1.23    -10.53     -7.87
   11 C-G       0.24     -0.17      0.40     -0.40    -15.09     -6.98
   12 G-C      -0.81     -0.54     -0.02     -4.48     -5.04    -10.76


