Reference frame: Origins (Ox, Oy, Oz) followed by the direction cosines of the
                 X- (Xx, Yx, Zx), Y- (Yx, Yx, Yx), and Z- (Zx, Zx, Zx) axes
*****************************************************************************************
Local base-pair reference frames
                Ox      Oy      Oz     Xx    Xy    Xz   Yx    Yy    Yz    Zx    Zy    Zz
   1 C-G      15.65   24.97   26.80 -0.99  0.14 -0.03  0.14  0.88 -0.46 -0.03 -0.46 -0.89
   2 G-C      15.37   23.77   23.06 -0.77  0.62 -0.17  0.63  0.67 -0.40 -0.13 -0.41 -0.90
   3 C-G      15.08   22.64   19.74 -0.23  0.87 -0.44  0.96  0.14 -0.23 -0.14 -0.47 -0.87
   4 A-T      15.17   21.45   16.74  0.35  0.84 -0.42  0.92 -0.39  0.01 -0.15 -0.39 -0.91
   5 T-A      14.56   20.72   13.51  0.80  0.49 -0.34  0.58 -0.77  0.27 -0.13 -0.42 -0.90
   6 A-T      13.56   20.05    9.98  0.99 -0.06 -0.16 -0.01 -0.95  0.31 -0.17 -0.30 -0.94
   7 T-A      14.19   19.40    6.90  0.84 -0.54  0.07 -0.53 -0.77  0.34 -0.14 -0.32 -0.94
   8 A-T      12.73   18.74    3.66  0.23 -0.91  0.35 -0.97 -0.18  0.16 -0.08 -0.37 -0.92
   9 T-A      12.55   17.94    0.59 -0.40 -0.88  0.25 -0.91  0.41 -0.02 -0.08 -0.24 -0.97
  10 G-C      10.99   17.49   -2.57 -0.71 -0.58  0.39 -0.66  0.74 -0.10 -0.23 -0.33 -0.92
  11 C-G      11.69   17.89   -6.53 -0.99  0.12 -0.08  0.12  0.99 -0.07  0.07 -0.08 -0.99
  12 G-C      11.38   17.91   -9.90 -0.72  0.62 -0.32  0.68  0.72 -0.14  0.14 -0.32 -0.94
*****************************************************************************************
Local middle reference frames
                Ox      Oy      Oz     Xx    Xy    Xz   Yx    Yy    Yz    Zx    Zy    Zz
   1 CG/CG    15.51   24.37   24.93 -0.91  0.39 -0.11  0.40  0.81 -0.43 -0.08 -0.43 -0.90
   2 GC/GC    15.22   23.20   21.40 -0.52  0.79 -0.31  0.84  0.42 -0.34 -0.14 -0.44 -0.89
   3 CA/TG    15.12   22.04   18.24  0.07  0.89 -0.44  0.99 -0.12 -0.10 -0.15 -0.43 -0.89
   4 AT/AT    14.87   21.08   15.13  0.60  0.69 -0.40  0.78 -0.60  0.15 -0.14 -0.40 -0.90
   5 TA/TA    14.06   20.39   11.75  0.94  0.23 -0.25  0.30 -0.90  0.30 -0.15 -0.36 -0.92
   6 AT/AT    13.87   19.73    8.44  0.95 -0.31 -0.05 -0.28 -0.90  0.34 -0.15 -0.31 -0.94
   7 TA/TA    13.46   19.07    5.28  0.58 -0.78  0.23 -0.81 -0.51  0.29 -0.11 -0.35 -0.93
   8 AT/AT    12.64   18.34    2.12 -0.09 -0.94  0.32 -0.99  0.11  0.05 -0.08 -0.31 -0.95
   9 TG/CA    11.77   17.72   -0.99 -0.57 -0.75  0.32 -0.80  0.59 -0.05 -0.16 -0.29 -0.94
  10 GC/GC    11.34   17.69   -4.55 -0.95 -0.27  0.14 -0.30  0.94 -0.18 -0.08 -0.21 -0.97
  11 CG/CG    11.53   17.90   -8.21 -0.90  0.40 -0.18  0.42  0.90 -0.14  0.11 -0.20 -0.97
*****************************************************************************************
Local middle helical reference frames
                Ox      Oy      Oz     Xx    Xy    Xz   Yx    Yy    Yz    Zx    Zy    Zz
   1 CG/CG    15.22   24.91   24.77 -0.91  0.39 -0.12  0.41  0.88 -0.24  0.01 -0.27 -0.96
   2 GC/GC    15.84   22.40   21.61 -0.51  0.82 -0.26  0.82  0.38 -0.42 -0.24 -0.42 -0.87
   3 CA/TG    15.41   21.96   18.28  0.07  0.91 -0.42  1.00 -0.06  0.04  0.01 -0.42 -0.91
   4 AT/AT    16.13   20.95   14.92  0.59  0.66 -0.45  0.78 -0.61  0.13 -0.19 -0.43 -0.88
   5 TA/TA    14.72   22.04   11.25  0.95  0.30 -0.06  0.30 -0.91  0.30  0.03 -0.30 -0.95
   6 AT/AT    14.83   17.76    9.05  0.95 -0.32 -0.06 -0.27 -0.87  0.41 -0.18 -0.37 -0.91
   7 TA/TA    14.33   19.98    4.70  0.58 -0.78  0.24 -0.80 -0.48  0.37 -0.17 -0.41 -0.90
   8 AT/AT    12.91   19.17    1.89 -0.09 -0.95  0.30 -0.99  0.05 -0.15  0.13 -0.31 -0.94
   9 TG/CA    10.50   18.42   -0.46 -0.61 -0.77  0.19 -0.71  0.64  0.31 -0.36  0.05 -0.93
  10 GC/GC    13.61   17.82   -4.13 -0.94 -0.33 -0.01 -0.28  0.80 -0.53  0.18 -0.49 -0.85
  11 CG/CG    13.08   17.05   -8.37 -0.88  0.47  0.09  0.40  0.83 -0.39 -0.26 -0.31 -0.92
*****************************************************************************************
Local strand I base reference frames
                Ox      Oy      Oz     Xx    Xy    Xz   Yx    Yy    Yz    Zx    Zy    Zz
   1 C        15.12   24.96   26.95 -0.99  0.08 -0.11  0.12  0.80 -0.59  0.04 -0.60 -0.80
   2 G        15.52   23.49   23.01 -0.75  0.62 -0.23  0.65  0.66 -0.37 -0.08 -0.43 -0.90
   3 C        14.90   22.48   19.72 -0.22  0.84 -0.50  0.97  0.15 -0.19 -0.08 -0.52 -0.85
   4 A        14.85   21.31   16.84  0.37  0.79 -0.48  0.91 -0.43  0.00 -0.20 -0.43 -0.88
   5 T        14.30   20.64   13.22  0.81  0.43 -0.40  0.54 -0.81  0.24 -0.22 -0.41 -0.89
   6 A        12.94   20.06   10.00  0.94 -0.11 -0.31  0.04 -0.91  0.42 -0.33 -0.40 -0.85
   7 T        13.96   19.46    6.72  0.74 -0.67  0.01 -0.63 -0.68  0.37 -0.24 -0.28 -0.93
   8 A        12.92   18.85    3.65  0.22 -0.96  0.18 -0.96 -0.18  0.23 -0.19 -0.23 -0.96
   9 T        12.59   17.69    0.59 -0.44 -0.89  0.07 -0.90  0.45 -0.01 -0.03 -0.07 -1.00
  10 G        11.50   17.54   -2.81 -0.73 -0.61  0.32 -0.67  0.74 -0.11 -0.17 -0.29 -0.94
  11 C        11.38   17.66   -6.89 -0.96  0.05 -0.27  0.07  0.99 -0.09  0.27 -0.10 -0.96
  12 G        11.14   18.05   -9.63 -0.76  0.64 -0.12  0.65  0.73 -0.20 -0.04 -0.23 -0.97
*****************************************************************************************
Local strand II base reference frames
                Ox      Oy      Oz     Xx    Xy    Xz   Yx    Yy    Yz    Zx    Zy    Zz
   1 G        16.17   24.99   26.64 -0.98  0.18  0.05  0.16  0.94 -0.32 -0.10 -0.30 -0.95
   2 C        15.21   24.04   23.11 -0.77  0.63 -0.11  0.61  0.68 -0.42 -0.19 -0.39 -0.90
   3 G        15.26   22.80   19.75 -0.23  0.90 -0.37  0.95  0.13 -0.28 -0.20 -0.42 -0.89
   4 T        15.49   21.59   16.64  0.33  0.88 -0.35  0.94 -0.34  0.03 -0.10 -0.34 -0.94
   5 A        14.83   20.81   13.80  0.79  0.55 -0.29  0.62 -0.72  0.31 -0.04 -0.42 -0.91
   6 T        14.18   20.05    9.97  1.00 -0.03 -0.01 -0.03 -0.98  0.19 -0.01 -0.19 -0.98
   7 A        14.42   19.34    7.08  0.91 -0.40  0.12 -0.42 -0.84  0.34 -0.03 -0.36 -0.93
   8 T        12.53   18.62    3.66  0.22 -0.84  0.50 -0.98 -0.20  0.09  0.03 -0.51 -0.86
   9 A        12.51   18.19    0.59 -0.35 -0.84  0.43 -0.93  0.37 -0.03 -0.13 -0.41 -0.90
  10 C        10.47   17.43   -2.32 -0.69 -0.56  0.46 -0.66  0.75 -0.09 -0.30 -0.36 -0.88
  11 G        12.00   18.11   -6.18 -0.98  0.19  0.12  0.18  0.98 -0.08 -0.13 -0.05 -0.99
  12 C        11.62   17.77  -10.17 -0.64  0.58 -0.50  0.69  0.72 -0.06  0.32 -0.39 -0.86
****************************************************************************
Local strand I base step parameters
    step       Shift     Slide      Rise      Tilt      Roll     Twist
   1  C/G      -0.12      0.92      4.13     -7.77     10.91     33.44
   2  G/C       0.77      0.05      3.41      3.44     -5.32     36.88
   3  C/A       0.40      0.36      3.06      7.36      4.84     34.45
   4  A/T       0.88     -0.44      3.59      1.76      0.49     33.66
   5  T/A      -0.17     -0.93      3.42      1.48     -6.16     31.56
   6  A/T       1.60     -1.21      2.85      9.20      2.27     40.10
   7  T/A      -0.37      0.18      3.27      4.33     -1.50     35.93
   8  A/T       0.68     -0.10      3.21      8.16    -10.39     38.32
   9  T/G       0.07      0.88      3.46      1.67     15.47     22.34
  10  G/C       0.00      1.01      3.96     -2.47    -27.24     47.54
  11  C/G       0.83      0.58      2.59     13.55     13.60     35.50
          ~~~~~~~~~~~~~~~~~~~~~~~~~~~~~~~~~~~~~~~~~~~~~~~~~~~~~~~~~~~~
      ave.      0.42      0.12      3.36      3.70     -0.28     35.43
      s.d.      0.59      0.74      0.45      5.86     12.21      6.11
****************************************************************************
Local strand I base helical parameters
    step       X-disp    Y-disp   h-Rise     Incl.       Tip   h-Twist
   1  C/G      -0.56     -1.26      4.15     18.08     12.88     35.95
   2  G/C       0.82     -0.72      3.43     -8.34     -5.38     37.40
   3  C/A      -0.09      0.38      3.10      8.01    -12.17     35.53
   4  A/T      -0.84     -1.20      3.63      0.84     -3.03     33.70
   5  T/A      -0.50      0.58      3.52    -11.19     -2.69     32.17
   6  A/T      -1.95     -1.36      3.06      3.26    -13.19     41.16
   7  T/A       0.50      1.19      3.20     -2.42     -6.98     36.21
   8  A/T       1.03     -0.06      3.21    -15.29    -12.01     40.45
   9  T/G      -2.59      0.33      3.36     34.98     -3.79     27.17
  10  G/C       3.01     -0.18      3.01    -30.99      2.81     54.45
  11  C/G      -0.51      0.13      2.76     20.56    -20.49     40.21
          ~~~~~~~~~~~~~~~~~~~~~~~~~~~~~~~~~~~~~~~~~~~~~~~~~~~~~~~~~~~~
      ave.     -0.15     -0.20      3.31      1.59     -5.82     37.67
      s.d.      1.51      0.84      0.37     18.48      8.92      6.88
****************************************************************************
Local strand II base step parameters
    step       Shift     Slide      Rise      Tilt      Roll     Twist
   1  G/C       0.52      0.15      3.74      6.98      2.47     29.73
   2  C/G      -0.19      0.76      3.49      1.61     -1.48     38.77
   3  G/T       0.12      0.72      3.27     -5.47      5.65     32.19
   4  T/A       0.02     -0.59      2.96     -5.81     -1.93     32.71
   5  A/T      -0.37     -0.61      3.89     12.75      5.74     39.61
   6  T/A       0.26     -0.18      2.97     -9.89      1.29     23.17
   7  A/T      -1.84      0.93      3.39     -3.52      9.65     52.60
   8  T/A      -1.04     -0.07      2.92     -9.85     -5.77     32.75
   9  A/C       0.36      1.38      3.35     -8.82      3.71     25.63
  10  C/G      -2.61      0.81      3.19    -15.34    -14.38     49.67
  11  G/C       0.97      0.17      3.90      5.89    -33.28     34.84
          ~~~~~~~~~~~~~~~~~~~~~~~~~~~~~~~~~~~~~~~~~~~~~~~~~~~~~~~~~~~~
      ave.     -0.35      0.32      3.37     -2.86     -2.57     35.61
      s.d.      1.07      0.65      0.36      8.62     12.08      9.11
****************************************************************************
Local strand II base helical parameters
    step       X-disp    Y-disp   h-Rise     Incl.       Tip   h-Twist
   1  G/C      -0.29      0.62      3.76      4.72    -13.34     30.62
   2  C/G       1.33      0.49      3.45     -2.23     -2.42     38.83
   3  G/T       0.30     -1.15      3.28     10.00      9.69     33.11
   4  T/A      -0.73     -0.93      2.94     -3.39     10.21     33.27
   5  A/T      -1.55      2.07      3.50      8.17    -18.14     41.91
   6  T/A      -0.74     -3.17      2.62      3.05     23.29     25.20
   7  A/T       0.38      1.80      3.60     10.78      3.93     53.53
   8  T/A       0.72      0.32      3.06     -9.86     16.85     34.63
   9  A/C       1.96     -3.03      3.21      8.01     19.05     27.33
  10  C/G       1.86      1.87      3.47    -16.30     17.40     53.68
  11  G/C       3.40     -0.62      2.86    -44.72     -7.91     48.17
          ~~~~~~~~~~~~~~~~~~~~~~~~~~~~~~~~~~~~~~~~~~~~~~~~~~~~~~~~~~~~
      ave.      0.60     -0.16      3.25     -2.89      5.33     38.21
      s.d.      1.45      1.83      0.35     16.33     14.03      9.98
****************************************************************************
xyz coordinates of C1' atoms

    bp        xI       yI       zI       xII      yII      zII
   1 C-G    18.272   29.052   24.038   17.747   19.438   28.206
   2 G-C    20.915   25.492   21.522   13.905   18.851   25.649
   3 C-G    20.699   21.186   19.904   10.741   19.803   22.161
   4 A-T    18.712   17.048   18.021    9.691   21.218   17.355
   5 T-A    15.176   15.253   15.438    9.560   23.262   12.868
   6 A-T    10.795   15.486   12.974   11.819   25.310    8.940
   7 T-A     8.787   17.440    8.694   14.357   24.839    4.979
   8 A-T     7.309   20.335    4.507   17.175   21.773    1.970
   9 T-A     8.945   22.294    0.419   18.319   18.299   -0.333
  10 G-C     9.797   23.017   -4.207   15.736   14.794   -3.022
  11 C-G    14.136   22.931   -6.650   13.418   12.326   -6.038
  12 G-C    16.539   20.433  -10.412    9.489   12.459   -8.594
****************************************************************************
xyz coordinates of RN9/YN1 atoms

    bp        xI       yI       zI       xII      yII      zII
   1 C-G    16.972   28.473   24.398   16.725   20.487   28.026
   2 G-C    19.472   25.741   21.615   13.470   20.153   25.130
   3 C-G    19.590   22.072   19.532   11.212   21.043   21.495
   4 A-T    18.418   18.373   17.468   10.835   22.034   16.989
   5 T-A    15.699   16.457   14.799   11.024   23.335   12.775
   6 A-T    11.869   16.119   12.242   13.051   24.528    9.120
   7 T-A    10.181   17.231    8.368   15.139   23.677    5.419
   8 A-T     8.328   19.294    4.434   16.650   20.615    2.630
   9 T-A     9.117   20.825    0.466   17.125   17.607    0.160
  10 G-C     9.381   21.707   -3.728   14.359   14.759   -2.510
  11 C-G    12.959   22.111   -6.937   12.460   13.407   -5.985
  12 G-C    15.080   20.569  -10.392    9.289   13.772   -9.227
****************************************************************************
xyz coordinates of RC8/YC6 atoms

    bp        xI       yI       zI       xII      yII      zII
   1 C-G    15.779   28.978   23.972   15.365   20.359   28.199
   2 G-C    18.747   26.786   21.149   12.175   20.604   25.217
   3 C-G    19.802   23.192   18.786   10.529   22.162   21.123
   4 A-T    19.279   19.243   16.836   10.718   23.312   16.516
   5 T-A    17.010   16.535   14.432   11.810   24.350   12.282
   6 A-T    13.138   15.622   12.016   14.312   25.022    8.994
   7 T-A    10.762   15.999    8.601   16.473   23.475    5.432
   8 A-T     8.246   17.977    4.800   17.471   19.671    3.209
   9 T-A     8.055   19.978    0.572   17.045   16.364    0.739
  10 G-C     8.187   21.194   -3.362   13.818   13.675   -1.897
  11 C-G    11.779   22.679   -7.309   11.094   13.263   -5.785
  12 G-C    14.355   21.684  -10.638    8.131   14.141   -9.846
****************************************************************************
xyz coordinates of O1P atoms w.r.t. the middle frame of each dimer

    step       xI      yI      zI     xII     yII     zII
   1 CG/CG   -3.47    8.91   -1.31   -2.72   10.33   -0.05
   2 GC/GC   -2.99   10.30   -0.24   -3.26   10.00   -0.18
   3 CA/TG   -1.94    9.82    1.50   -3.58    9.92   -2.19
   4 AT/AT   -3.48    9.87    1.62   -4.69    9.62   -0.83
   5 TA/TA   -4.26    9.76    0.37   -3.15    9.98    1.17
   6 AT/AT   -5.24    9.58   -0.48   -4.52    9.42   -0.61
   7 TA/TA   -4.00    9.09   -2.28   -4.18    8.25   -1.33
   8 AT/AT   -3.75    9.88   -2.02   -4.52    9.77   -0.17
   9 TG/CA   -3.91    9.90   -1.75   -2.25   10.14    0.28
  10 GC/GC   -2.55    9.62   -1.08   -2.81    9.90   -1.05
  11 CG/CG   -3.25    9.97   -1.11   -2.85   10.08   -0.66
****************************************************************************
xyz coordinates of O1P atoms w.r.t. the middle helix frame of each dimer

    step      xIH     yIH     zIH     xIIH    yIIH    zIIH
   1 CG/CG   -3.97    8.59    0.56   -3.22   10.52    2.01
   2 GC/GC   -1.91   10.13   -1.32   -2.26   10.06   -0.82
   3 CA/TG   -1.93    9.18    2.95   -3.54   10.42   -0.53
   4 AT/AT   -4.14    8.85    1.66   -5.38   10.65   -1.27
   5 TA/TA   -5.39   11.20   -0.55   -4.01    8.55    1.68
   6 AT/AT   -6.73    7.88    0.27   -6.01   11.15    0.01
   7 TA/TA   -3.63   10.61   -1.51   -3.86    6.98   -0.51
   8 AT/AT   -2.94    9.46   -3.95   -3.62    9.31   -2.28
   9 TG/CA   -4.19    8.25    2.51   -2.87   10.91    3.61
  10 GC/GC   -0.80    9.37   -4.11   -0.11    8.00   -5.04
  11 CG/CG   -0.67    9.24   -4.49   -1.52    9.65   -2.41
****************************************************************************
xyz coordinates of O2P atoms w.r.t. the middle frame of each dimer

    step       xI      yI      zI     xII     yII     zII
   1 CG/CG   -3.43    9.31    1.13   -0.75    9.15    0.95
   2 GC/GC   -1.47    8.70    0.83   -1.33    9.01    1.17
   3 CA/TG   -1.26    7.49    1.91   -2.54    9.60    0.06
   4 AT/AT   -1.41    8.53    1.91   -3.14    8.96    1.04
   5 TA/TA   -2.54    8.56    1.78   -1.58    8.32    2.01
   6 AT/AT   -3.19    8.62    0.55   -3.59    8.92    1.70
   7 TA/TA   -4.11    8.98    0.18   -2.73    9.33    0.50
   8 AT/AT   -1.69    9.55   -0.69   -2.36    9.32    1.00
   9 TG/CA   -1.77    9.48   -0.56   -0.44    8.85    1.31
  10 GC/GC   -1.85    8.95    1.31   -0.76    9.20    0.23
  11 CG/CG   -1.15    9.03   -0.04   -2.77    9.41    1.72
****************************************************************************
xyz coordinates of O2P atoms w.r.t. the middle helix frame of each dimer

    step      xIH     yIH     zIH     xIIH    yIIH    zIIH
   1 CG/CG   -3.90    8.50    3.03   -1.26    9.16    2.77
   2 GC/GC   -0.47    8.63   -0.01   -0.25    9.19    0.48
   3 CA/TG   -1.25    6.82    3.01   -2.44    9.77    1.61
   4 AT/AT   -2.05    7.52    1.85   -3.95   10.02    0.70
   5 TA/TA   -3.98   10.02    1.18   -2.31    6.89    2.22
   6 AT/AT   -4.67    6.84    1.20   -5.11   10.49    2.28
   7 TA/TA   -3.77   10.28    0.93   -2.37    7.90    1.39
   8 AT/AT   -0.84    9.40   -2.62   -1.48    9.12   -1.01
   9 TG/CA   -1.92    7.48    3.16   -1.19    9.29    4.35
  10 GC/GC    0.30    9.60   -1.79    1.69    7.88   -3.29
  11 CG/CG    1.01    8.69   -2.68   -0.76    9.61   -0.06
****************************************************************************
xyz coordinates of P atoms w.r.t. the middle frame of each dimer

    step       xI      yI      zI     xII     yII     zII
   1 CG/CG   -2.90    8.46    0.03   -2.13    9.01    0.35
   2 GC/GC   -2.78    8.86    0.08   -2.52    8.81    0.32
   3 CA/TG   -2.22    8.44    1.21   -3.20    8.97   -1.14
   4 AT/AT   -2.76    8.62    1.27   -3.88    8.58   -0.18
   5 TA/TA   -3.57    8.44    0.72   -2.50    8.69    0.88
   6 AT/AT   -4.24    8.53   -0.54   -3.49    8.74    0.21
   7 TA/TA   -3.52    8.33   -1.06   -3.40    8.14   -0.07
   8 AT/AT   -2.84    8.91   -1.40   -3.41    8.82    0.07
   9 TG/CA   -3.07    8.94   -0.99   -1.65    8.78    0.47
  10 GC/GC   -2.48    8.61   -0.01   -2.00    8.80   -0.44
  11 CG/CG   -2.47    8.78   -0.73   -2.83    8.91    0.29
****************************************************************************
xyz coordinates of P atoms w.r.t. the middle helix frame of each dimer

    step      xIH     yIH     zIH     xIIH    yIIH    zIIH
   1 CG/CG   -3.38    7.88    1.77   -2.63    9.15    2.14
   2 GC/GC   -1.73    8.72   -0.86   -1.49    8.92   -0.28
   3 CA/TG   -2.19    7.86    2.44   -3.14    9.32    0.35
   4 AT/AT   -3.44    7.60    1.29   -4.61    9.62   -0.56
   5 TA/TA   -4.78    9.89   -0.06   -3.43    7.25    1.28
   6 AT/AT   -5.73    6.83    0.12   -4.99   10.42    0.79
   7 TA/TA   -3.17    9.75   -0.35   -3.05    6.76    0.73
   8 AT/AT   -2.01    8.64   -3.16   -2.52    8.44   -1.84
   9 TG/CA   -3.28    7.10    2.75   -2.27    9.56    3.38
  10 GC/GC   -0.53    8.82   -2.77    0.55    7.21   -3.95
  11 CG/CG   -0.08    8.22   -3.62   -1.19    8.76   -1.25
****************************************************************************
xyz coordinates of P atoms

    bp        xI       yI       zI       xII      yII      zII
   1 C-G     ----     ----     ----    13.884   16.383   29.337
   2 G-C    21.527   30.070   21.575    9.183   17.635   25.463
   3 C-G    24.117   24.692   19.185    5.894   19.807   19.558
   4 A-T    23.128   18.486   17.282    5.765   23.506   15.264
   5 T-A    19.785   13.477   16.336    9.218   27.975   10.525
   6 A-T    13.142   11.674   14.526   13.034   28.725    5.805
   7 T-A     7.563   13.582   12.102   18.081   25.881    2.117
   8 A-T     4.795   17.930    7.855   21.709   20.604    0.666
   9 T-A     4.162   22.446    3.002   19.851   13.896   -0.679
  10 G-C     6.495   25.609   -1.458   15.819    9.890   -3.708
  11 C-G    11.149   26.452   -6.411   10.275    8.856   -6.191
  12 G-C    17.396   24.929   -8.268    ----     ----     ---- 
*******************************************************************************************
Phosphorus-phosphorus distance in Angstroms

            1      2      3      4      5      6      7      8      9     10     11     12
            G      C      G      T      A      T      A      T      A      C      G      C   
   1 C    ----   ----   ----   ----   ----   ----   ----   ----   ----   ----   ----   ----
   2 G    17.5   17.9   18.8   18.2   16.7   18.0   20.2   23.0   27.6   32.8   36.7   ----
   3 C    16.6   17.7   18.9   18.8   17.5   17.8   18.1   19.1   23.0   28.5   33.0   ----
   4 A    15.3   16.2   17.4   18.2   18.1   18.4   17.6   16.8   18.8   23.8   28.4   ----
   5 T    14.6   14.6   15.6   17.3   18.9   19.7   18.9   17.3   17.0   20.7   24.9   ----
   6 A    15.6   13.1   12.0   14.0   17.2   19.2   19.5   18.6   16.8   18.5   21.1   ----
   7 T    18.6   14.1    9.9   10.6   14.6   17.3   19.0   19.5   17.7   18.2   19.1   ----
   8 A    23.4   18.1   11.9    9.3   11.3   13.7   16.5   18.6   17.8   17.9   17.6   ----
   9 T    28.7   23.5   16.9   12.4   10.6   11.2   14.4   17.8   18.2   18.4   17.5   ----
  10 G    33.0   28.2   21.8   16.9   12.5   10.3   12.1   16.2   17.8   18.4   17.8   ----
  11 C    37.2   33.1   27.3   22.5   17.1   12.6   11.0   14.0   16.3   17.4   17.6   ----
  12 G    38.7   35.5   30.5   26.3   20.7   15.2   10.5   10.8   13.6   15.8   17.7   ----
****************************************************************************
Strand I helix radius

    step          P        O4'       C1'
   1  C/G       7.76      5.71      4.69
   2  G/C       8.42      5.39      4.89
   3  C/A       9.11      7.17      6.28
   4  A/T       8.32      6.05      5.30
   5  T/A       9.83      7.13      6.51
   6  A/T       9.05      6.42      5.91
   7  T/A      10.02      7.35      6.79
   8  A/T       8.72      5.11      5.13
   9  T/G      10.04      7.95      7.05
  10  G/C       7.32      4.13      4.47
  11  C/G       9.54      7.02      6.23
****************************************************************************
Strand II helix radius

    step          P        O4'       C1'
   1  G/C       8.66      6.42      5.43
   2  C/G       8.58      5.55      5.01
   3  G/T      10.84      7.44      6.82
   4  T/A      10.73      7.56      6.97
   5  A/T       7.58      5.85      4.95
   6  T/A      12.62      9.61      9.04
   7  A/T       7.19      4.94      4.05
   8  T/A       8.83      5.39      5.10
   9  A/C      11.92      9.33      8.41
  10  C/G       6.75      3.61      3.23
  11  G/C       7.32      3.91      4.64
****************************************************************************************
Base-pair helix axis

               Ox      Oy      Oz     Xx    Xy    Xz   Yx    Yy    Yz    Zx    Zy    Zz
   1 CG/CG   15.20   25.43   26.66 -0.99  0.13 -0.05  0.14  0.95 -0.26  0.01 -0.27 -0.96
             15.24   24.38   22.88 -0.77  0.62 -0.18  0.64  0.74 -0.20  0.01 -0.27 -0.96
   2 GC/GC   16.26   23.13   23.12 -0.75  0.65 -0.11  0.61  0.63 -0.48 -0.24 -0.42 -0.87
             15.42   21.67   20.11 -0.21  0.90 -0.38  0.95  0.10 -0.31 -0.24 -0.42 -0.87
   3 CA/TG   15.40   22.64   19.74 -0.23  0.88 -0.41  0.97  0.21 -0.09  0.01 -0.42 -0.91
             15.43   21.28   16.82  0.36  0.85 -0.39  0.93 -0.32  0.16  0.01 -0.42 -0.91
   4 AT/AT   16.44   21.66   16.36  0.34  0.81 -0.47  0.92 -0.39 -0.01 -0.19 -0.43 -0.88
             15.82   20.24   13.47  0.79  0.46 -0.40  0.58 -0.77  0.26 -0.19 -0.43 -0.88
   5 TA/TA   14.66   22.57   12.93  0.81  0.56 -0.15  0.58 -0.77  0.26  0.03 -0.30 -0.95
             14.78   21.51    9.57  1.00  0.00  0.03 -0.01 -0.95  0.30  0.03 -0.30 -0.95
   6 AT/AT   15.10   18.31   10.39  0.98 -0.06 -0.17  0.01 -0.93  0.38 -0.18 -0.37 -0.91
             14.56   17.21    7.72  0.83 -0.55  0.06 -0.52 -0.75  0.41 -0.18 -0.37 -0.91
   7 TA/TA   14.63   20.68    6.24  0.84 -0.54  0.08 -0.52 -0.74  0.43 -0.17 -0.41 -0.90
             14.04   19.28    3.16  0.23 -0.90  0.36 -0.96 -0.14  0.25 -0.17 -0.41 -0.90
   8 AT/AT   12.72   19.64    3.36  0.23 -0.92  0.33 -0.96 -0.26 -0.05  0.13 -0.31 -0.94
             13.11   18.69    0.43 -0.40 -0.89  0.23 -0.91  0.35 -0.23  0.13 -0.31 -0.94
   9 TG/CA   11.12   18.32    1.16 -0.43 -0.89  0.11 -0.83  0.44  0.34 -0.36  0.05 -0.93
              9.88   18.51   -2.08 -0.76 -0.60  0.25 -0.55  0.79  0.26 -0.36  0.05 -0.93
  10 GC/GC   13.30   18.64   -2.73 -0.72 -0.66  0.23 -0.67  0.57 -0.47  0.18 -0.49 -0.85
             13.91   17.01   -5.54 -0.97  0.07 -0.25  0.18  0.87 -0.46  0.18 -0.49 -0.85
  11 CG/CG   13.49   17.53   -6.92 -0.96  0.18  0.21  0.10  0.94 -0.34 -0.26 -0.31 -0.92
             12.67   16.57   -9.81 -0.70  0.71 -0.04  0.66  0.63 -0.40 -0.26 -0.31 -0.92
****************************************************************************************
Strand I helix axis

               Ox      Oy      Oz     Xx    Xy    Xz   Yx    Yy    Yz    Zx    Zy    Zz
   1  C/G    14.68   26.13   26.38 -0.95 -0.03 -0.30  0.07  0.94 -0.32  0.29 -0.33 -0.90
             15.90   24.77   22.66 -0.73  0.53 -0.43  0.62  0.78 -0.08  0.29 -0.33 -0.90
   2  G/C    16.58   23.39   22.76 -0.74  0.66 -0.14  0.63  0.60 -0.50 -0.24 -0.46 -0.85
             15.75   21.81   19.83 -0.21  0.89 -0.42  0.95  0.07 -0.31 -0.24 -0.46 -0.85
   3  C/A    14.51   22.49   19.71 -0.21  0.93 -0.31  0.98  0.20 -0.06  0.01 -0.31 -0.95
             14.54   21.53   16.77  0.39  0.87 -0.28  0.92 -0.37  0.13  0.01 -0.31 -0.95
   4  A/T    16.26   21.49   16.49  0.38  0.82 -0.43  0.91 -0.42  0.01 -0.17 -0.40 -0.90
             15.65   20.05   13.22  0.82  0.45 -0.35  0.54 -0.80  0.25 -0.17 -0.40 -0.90
   5  T/A    14.43   21.36   13.00  0.82  0.44 -0.36  0.49 -0.87  0.06 -0.28 -0.22 -0.93
             13.43   20.58    9.72  0.96 -0.09 -0.27 -0.02 -0.97  0.24 -0.28 -0.22 -0.93
   6  A/T    14.94   18.84   10.42  0.99 -0.00 -0.11  0.05 -0.88  0.46 -0.10 -0.47 -0.88
             14.63   17.41    7.73  0.78 -0.59  0.22 -0.62 -0.66  0.42 -0.10 -0.47 -0.88
   7  T/A    14.34   20.60    6.26  0.76 -0.63  0.13 -0.64 -0.70  0.33 -0.12 -0.33 -0.93
             13.95   19.54    3.27  0.24 -0.92  0.30 -0.96 -0.19  0.19 -0.12 -0.33 -0.93
   8  A/T    12.63   19.76    3.25  0.23 -0.90  0.38 -0.97 -0.26 -0.02  0.12 -0.36 -0.92
             13.00   18.59    0.29 -0.45 -0.85  0.28 -0.88  0.39 -0.26  0.12 -0.36 -0.92
   9  T/G    11.72   15.24    0.76 -0.42 -0.90  0.14 -0.71  0.42  0.57 -0.56  0.14 -0.81
              9.83   15.72   -1.97 -0.70 -0.60  0.38 -0.44  0.78  0.44 -0.56  0.14 -0.81
  10  G/C    13.56   19.53   -3.74 -0.72 -0.63  0.28 -0.65  0.49 -0.58  0.23 -0.60 -0.76
             14.27   17.71   -6.04 -0.95  0.03 -0.31  0.21  0.80 -0.56  0.23 -0.60 -0.76
  11  C/G    10.87   17.55   -6.88 -1.00  0.02  0.08  0.04  0.96  0.26 -0.07  0.27 -0.96
             10.67   18.28   -9.53 -0.74  0.64  0.23  0.67  0.72  0.15 -0.07  0.27 -0.96
****************************************************************************************
Strand II helix axis

               Ox      Oy      Oz     Xx    Xy    Xz   Yx    Yy    Yz    Zx    Zy    Zz
   1  G/C    15.79   24.46   26.86 -0.93  0.24  0.27  0.18  0.96 -0.24 -0.31 -0.18 -0.93
             14.62   23.80   23.35 -0.71  0.69  0.11  0.63  0.70 -0.34 -0.31 -0.18 -0.93
   2  C/G    15.93   22.86   23.42 -0.76  0.64 -0.07  0.60  0.66 -0.45 -0.25 -0.39 -0.89
             15.09   21.53   20.35 -0.22  0.92 -0.34  0.94  0.11 -0.31 -0.25 -0.39 -0.89
   3  G/T    16.44   22.79   19.77 -0.25  0.82 -0.52  0.97  0.21 -0.12  0.01 -0.54 -0.84
             16.48   21.04   17.00  0.32  0.80 -0.50  0.95 -0.27  0.18  0.01 -0.54 -0.84
   4  T/A    16.57   21.83   16.24  0.30  0.80 -0.51  0.93 -0.37 -0.03 -0.21 -0.47 -0.86
             15.95   20.46   13.71  0.76  0.47 -0.44  0.61 -0.75  0.26 -0.21 -0.47 -0.86
   5  A/T    14.74   23.23   12.89  0.74  0.67  0.00  0.60 -0.67  0.44  0.30 -0.33 -0.90
             15.77   22.09    9.75  0.95  0.05  0.30 -0.05 -0.94  0.33  0.30 -0.33 -0.90
   6  T/A    14.80   16.89   10.45  0.91 -0.12 -0.39 -0.02 -0.97  0.24 -0.41 -0.21 -0.89
             13.73   16.33    8.12  0.82 -0.52 -0.25 -0.41 -0.83  0.38 -0.41 -0.21 -0.89
   7  A/T    14.79   20.89    6.14  0.90 -0.43  0.06 -0.40 -0.77  0.51 -0.17 -0.48 -0.86
             14.19   19.15    3.04  0.21 -0.87  0.44 -0.96 -0.11  0.25 -0.17 -0.48 -0.86
   8  T/A    12.66   19.39    3.52  0.24 -0.94  0.23 -0.96 -0.27 -0.07  0.13 -0.20 -0.97
             13.06   18.76    0.55 -0.35 -0.93  0.15 -0.93  0.32 -0.19  0.13 -0.20 -0.97
   9  A/C    10.52   21.20    0.70 -0.39 -0.91  0.11 -0.91  0.40  0.11 -0.14 -0.06 -0.99
             10.07   21.02   -2.48 -0.77 -0.63  0.15 -0.63  0.78  0.04 -0.14 -0.06 -0.99
  10  C/G    13.09   17.48   -2.01 -0.72 -0.67  0.18 -0.68  0.64 -0.35  0.12 -0.38 -0.92
             13.49   16.18   -5.20 -0.98  0.12 -0.17  0.17  0.92 -0.35  0.12 -0.38 -0.92
  11  G/C    15.19   17.71   -7.45 -0.94  0.24  0.24 -0.02  0.67 -0.74 -0.34 -0.70 -0.62
             14.22   15.70   -9.24 -0.64  0.66 -0.39  0.69  0.27 -0.67 -0.34 -0.70 -0.62
