  12 # base-pairs
   1 # ***local base-pair & helical parameters***
#        Shear    Stretch   Stagger   Buckle   Prop-Tw   Opening     X-disp    Y-disp    h-Rise    Incl.     Tip     h-Twist
C-G      1.025    -0.310    -0.237    17.875   -10.719    -1.353     0.000     0.000     0.000     0.000     0.000     0.000
G-C     -0.557    -0.127     0.270    -2.362    -6.328     3.073    -0.511    -0.407     3.924    12.115     0.749    32.038
C-G     -0.174    -0.383     0.233    -5.098    -7.720     1.697     1.087    -0.111     3.445    -5.193    -3.944    38.114
A-T     -0.547    -0.486     0.024     3.316    -7.976     3.993     0.079    -0.309     3.219     9.290    -1.639    33.928
T-A     -0.305    -0.335     0.663     6.345    -8.497     4.620    -0.791    -1.090     3.277    -1.013     3.618    33.400
A-T     -1.231     0.012     0.187   -14.030   -18.350    -1.404    -1.205     1.522     3.527    -0.483   -11.841    35.963
T-A     -0.466     0.029     0.366    -3.245   -12.422    15.061    -1.551    -1.782     2.935     4.245     0.703    32.253
A-T     -0.122    -0.421    -0.105    -8.405   -19.634    -1.713     0.370     1.459     3.432     5.646    -0.951    44.820
T-A      0.408    -0.270     0.114    -2.459   -20.988     4.292     0.926     0.212     3.110   -12.604     1.260    37.161
G-C     -0.985    -0.551     0.168     1.558    -8.892    -0.209    -0.345    -1.549     3.479    21.804     8.353    26.349
C-G      0.614    -0.473     0.696     0.044   -23.293    -6.143     2.451     0.830     3.306   -23.912    10.465    53.691
G-C      0.343    -0.201    -0.664     7.043    22.732    -5.000     1.869     0.024     3.155   -15.885   -17.086    37.680
