  12 # base-pairs
   0 # ***local base-pair & step parameters***
#        Shear    Stretch   Stagger   Buckle   Prop-Tw   Opening     Shift     Slide     Rise      Tilt      Roll      Twist
C-G      1.025    -0.310    -0.237    17.875   -10.719    -1.353     0.000     0.000     0.000     0.000     0.000     0.000
G-C     -0.557    -0.127     0.270    -2.362    -6.328     3.073     0.175     0.517     3.902    -0.411     6.640    31.357
C-G     -0.174    -0.383     0.233    -5.098    -7.720     1.697     0.298     0.413     3.481     2.570    -3.384    37.885
A-T     -0.547    -0.486     0.024     3.316    -7.976     3.993     0.268     0.543     3.167     0.952     5.399    33.495
T-A     -0.305    -0.335     0.663     6.345    -8.497     4.620     0.427    -0.510     3.301    -2.078    -0.582    33.332
A-T     -1.231     0.012     0.187   -14.030   -18.350    -1.404    -0.232    -0.773     3.637     7.263    -0.296    35.244
T-A     -0.466     0.029     0.366    -3.245   -12.422    15.061     0.955    -0.650     3.000    -0.390     2.356    32.167
A-T     -0.122    -0.421    -0.105    -8.405   -19.634    -1.713    -1.060     0.594     3.408     0.724     4.299    44.618
T-A      0.408    -0.270     0.114    -2.459   -20.988     4.292    -0.201    -0.067     3.161    -0.797    -7.974    36.317
G-C     -0.985    -0.551     0.168     1.558    -8.892    -0.209     0.213     1.131     3.362    -3.708     9.680    24.258
C-G      0.614    -0.473     0.696     0.044   -23.293    -6.143    -1.338     0.868     3.721    -9.189   -20.997    48.885
G-C      0.343    -0.201    -0.664     7.043    22.732    -5.000     0.903     0.353     3.236    10.762   -10.006    34.793
