****************************************************************************
CEHS base-pair parameters
     bp        Shear    Stretch   Stagger    Buckle  Propeller  Opening
    1 C-G       1.02     -0.32     -0.24     17.85    -10.81     -1.34
    2 G-C      -0.56     -0.13      0.27     -2.36     -6.33      3.07
    3 C-G      -0.17     -0.38      0.23     -5.09     -7.73      1.69
    4 A-T      -0.55     -0.49      0.02      3.31     -7.98      3.98
    5 T-A      -0.31     -0.34      0.66      6.34     -8.51      4.60
    6 A-T      -1.23     -0.00      0.19    -13.97    -18.44     -1.38
    7 T-A      -0.47      0.02      0.37     -3.25    -12.53     14.97
    8 A-T      -0.12     -0.42     -0.10     -8.36    -19.67     -1.68
    9 T-A       0.41     -0.27      0.11     -2.45    -21.01      4.22
   10 G-C      -0.99     -0.55      0.17      1.56     -8.89     -0.21
   11 C-G       0.61     -0.47      0.70      0.04    -23.33     -6.02
   12 G-C       0.35     -0.19     -0.66      7.00     22.78     -4.90
          ~~~~~~~~~~~~~~~~~~~~~~~~~~~~~~~~~~~~~~~~~~~~~~~~~~~~~~~~~~~~
      ave.     -0.17     -0.29      0.14      0.05    -10.20      1.42
      s.d.      0.66      0.19      0.37      8.17     11.95      5.51
****************************************************************************
CEHS base-pair step parameters
    step       Shift     Slide      Rise      Tilt      Roll     Twist
   1 CG/CG      0.18      0.52      3.90     -0.55      6.60     30.90
   2 GC/GC      0.30      0.41      3.48      2.59     -3.42     37.83
   3 CA/TG      0.27      0.54      3.17      0.88      5.30     33.65
   4 AT/AT      0.43     -0.52      3.30     -2.08     -0.70     33.39
   5 TA/TA     -0.23     -0.78      3.64      7.57     -0.26     34.56
   6 AT/AT      0.96     -0.66      2.99     -1.32      2.30     32.66
   7 TA/TA     -1.07      0.57      3.41      1.57      3.92     44.37
   8 AT/AT     -0.20     -0.07      3.16     -1.27     -8.00     36.55
   9 TG/CA      0.21      1.12      3.37     -3.33      9.57     24.43
  10 GC/GC     -1.35      0.89      3.71     -8.64    -20.73     48.94
  11 CG/CG      0.91      0.36      3.23      9.71     -9.86     34.43
          ~~~~~~~~~~~~~~~~~~~~~~~~~~~~~~~~~~~~~~~~~~~~~~~~~~~~~~~~~~~~
      ave.      0.04      0.22      3.40      0.47     -1.39     35.61
      s.d.      0.72      0.63      0.27      5.03      8.75      6.54
****************************************************************************
CompDNA base-pair parameters
     bp        Shear    Stretch   Stagger    Buckle  Propeller  Opening
    1 C-G       1.02     -0.32     -0.24     17.77    -10.81     -1.36
    2 G-C      -0.56     -0.13      0.27     -2.36     -6.33      3.07
    3 C-G      -0.17     -0.38      0.23     -5.08     -7.73      1.69
    4 A-T      -0.55     -0.49      0.02      3.31     -7.98      3.99
    5 T-A      -0.31     -0.33      0.66      6.32     -8.51      4.61
    6 A-T      -1.23     -0.00      0.19    -13.79    -18.44     -1.40
    7 T-A      -0.47      0.03      0.37     -3.22    -12.43     14.98
    8 A-T      -0.12     -0.42     -0.11     -8.24    -19.67     -1.69
    9 T-A       0.41     -0.27      0.11     -2.40    -20.99      4.22
   10 G-C      -0.99     -0.55      0.17      1.55     -8.89     -0.21
   11 C-G       0.61     -0.47      0.70      0.04    -23.29     -6.02
   12 G-C       0.34     -0.20     -0.66      6.86     22.76     -4.91
          ~~~~~~~~~~~~~~~~~~~~~~~~~~~~~~~~~~~~~~~~~~~~~~~~~~~~~~~~~~~~
      ave.     -0.17     -0.29      0.14      0.06    -10.19      1.41
      s.d.      0.66      0.19      0.37      8.10     11.94      5.52
****************************************************************************
CompDNA base-pair step parameters
    step       Shift     Slide      Rise      Tilt      Roll     Twist
   1 CG/CG      0.18      0.52      3.90     -0.39      6.64     30.85
   2 GC/GC      0.30      0.41      3.48      2.57     -3.38     37.82
   3 CA/TG      0.27      0.54      3.17      0.95      5.40     33.60
   4 AT/AT      0.43     -0.51      3.30     -2.08     -0.58     33.40
   5 TA/TA     -0.23     -0.77      3.64      7.26     -0.27     34.63
   6 AT/AT      0.96     -0.64      3.00     -0.40      2.35     32.64
   7 TA/TA     -1.06      0.59      3.41      0.71      4.30     44.32
   8 AT/AT     -0.20     -0.07      3.16     -0.76     -7.98     36.48
   9 TG/CA      0.21      1.13      3.36     -3.70      9.68     24.33
  10 GC/GC     -1.34      0.86      3.72     -9.04    -21.02     48.27
  11 CG/CG      0.90      0.35      3.24     10.74     -9.99     34.46
          ~~~~~~~~~~~~~~~~~~~~~~~~~~~~~~~~~~~~~~~~~~~~~~~~~~~~~~~~~~~~
      ave.      0.04      0.22      3.40      0.53     -1.35     35.53
      s.d.      0.72      0.63      0.27      5.23      8.88      6.42
****************************************************************************
Curves base-pair parameters (by Xiang-Jun Lu)
     bp        Shear    Stretch   Stagger    Buckle  Propeller  Opening
    1 C-G       1.03     -0.30     -0.24     18.00    -10.54     -1.35
    2 G-C      -0.56     -0.13      0.27     -2.37     -6.33      3.07
    3 C-G      -0.17     -0.38      0.23     -5.12     -7.71      1.70
    4 A-T      -0.55     -0.49      0.02      3.33     -7.97      3.99
    5 T-A      -0.30     -0.34      0.67      6.37     -8.48      4.62
    6 A-T      -1.23      0.02      0.19    -14.33    -18.16     -1.40
    7 T-A      -0.47      0.03      0.37     -3.28    -12.42     15.06
    8 A-T      -0.13     -0.42     -0.11     -8.61    -19.56     -1.71
    9 T-A       0.41     -0.27      0.12     -2.53    -20.98      4.29
   10 G-C      -0.98     -0.55      0.17      1.57     -8.89     -0.21
   11 C-G       0.61     -0.47      0.71      0.05    -23.29     -6.14
   12 G-C       0.34     -0.20     -0.68      7.28     22.67     -5.00
          ~~~~~~~~~~~~~~~~~~~~~~~~~~~~~~~~~~~~~~~~~~~~~~~~~~~~~~~~~~~~
      ave.     -0.17     -0.29      0.14      0.03    -10.14      1.41
      s.d.      0.66      0.19      0.38      8.31     11.89      5.56
****************************************************************************
Curves base-pair step parameters
    step       Shift     Slide      Rise      Tilt      Roll     Twist
   1 CG/CG      0.17      0.52      3.91     -0.43      6.64     31.81
   2 GC/GC      0.30      0.41      3.48      2.57     -3.39     37.94
   3 CA/TG      0.27      0.54      3.17      0.96      5.40     33.35
   4 AT/AT      0.43     -0.51      3.30     -2.08     -0.58     33.27
   5 TA/TA     -0.24     -0.77      3.64      7.26     -0.32     35.93
   6 AT/AT      0.95     -0.66      3.00     -0.38      2.36     31.69
   7 TA/TA     -1.06      0.60      3.41      0.74      4.30     44.89
   8 AT/AT     -0.20     -0.07      3.17     -0.83     -7.97     36.07
   9 TG/CA      0.21      1.13      3.38     -3.72      9.68     24.11
  10 GC/GC     -1.33      0.88      3.80     -9.44    -20.91     48.91
  11 CG/CG      0.90      0.35      3.26     10.80     -9.98     35.15
          ~~~~~~~~~~~~~~~~~~~~~~~~~~~~~~~~~~~~~~~~~~~~~~~~~~~~~~~~~~~~
      ave.      0.04      0.22      3.41      0.49     -1.34     35.74
      s.d.      0.71      0.63      0.28      5.32      8.85      6.64
****************************************************************************
FreeHelix base-pair parameters (by Xiang-Jun Lu)
     bp        Shear    Stretch   Stagger    Buckle  Propeller  Opening
    1 C-G       1.02     -0.32     -0.24     17.85    -10.94     -1.36
    2 G-C      -0.56     -0.13      0.27     -2.36     -6.33      3.07
    3 C-G      -0.17     -0.38      0.23     -5.09     -7.73      1.69
    4 A-T      -0.55     -0.49      0.02      3.31     -7.98      3.99
    5 T-A      -0.31     -0.33      0.66      6.34     -8.52      4.61
    6 A-T      -1.23     -0.00      0.19    -13.97    -18.58     -1.40
    7 T-A      -0.47      0.03      0.37     -3.24    -12.43     14.98
    8 A-T      -0.12     -0.42     -0.11     -8.36    -19.72     -1.69
    9 T-A       0.41     -0.27      0.11     -2.45    -21.00      4.22
   10 G-C      -0.99     -0.55      0.17      1.56     -8.89     -0.21
   11 C-G       0.61     -0.47      0.70      0.04    -23.29     -6.02
   12 G-C       0.34     -0.20     -0.66      7.00     22.80     -4.91
          ~~~~~~~~~~~~~~~~~~~~~~~~~~~~~~~~~~~~~~~~~~~~~~~~~~~~~~~~~~~~
      ave.     -0.17     -0.29      0.14      0.05    -10.22      1.41
      s.d.      0.66      0.19      0.37      8.17     11.96      5.52
****************************************************************************
FreeHelix base-pair step parameters
    step       Shift     Slide      Rise      Tilt      Roll     Twist
   1 CG/CG      0.18      0.52      3.90     -0.39      6.64     30.85
   2 GC/GC      0.30      0.41      3.48      2.57     -3.38     37.82
   3 CA/TG      0.27      0.54      3.17      0.95      5.40     33.60
   4 AT/AT      0.43     -0.51      3.30     -2.08     -0.58     33.40
   5 TA/TA     -0.23     -0.77      3.64      7.26     -0.27     34.63
   6 AT/AT      0.96     -0.64      3.00     -0.40      2.35     32.64
   7 TA/TA     -1.06      0.59      3.41      0.71      4.30     44.32
   8 AT/AT     -0.20     -0.07      3.16     -0.76     -7.98     36.48
   9 TG/CA      0.21      1.13      3.36     -3.71      9.69     24.33
  10 GC/GC     -1.34      0.86      3.72     -9.14    -21.10     48.27
  11 CG/CG      0.90      0.35      3.24     10.78    -10.05     34.46
          ~~~~~~~~~~~~~~~~~~~~~~~~~~~~~~~~~~~~~~~~~~~~~~~~~~~~~~~~~~~~
      ave.      0.04      0.22      3.40      0.53     -1.36     35.53
      s.d.      0.72      0.63      0.27      5.26      8.90      6.42
****************************************************************************
NGEOM base-pair parameters
     bp        Shear    Stretch   Stagger    Buckle  Propeller  Opening
    1 C-G       1.03     -0.31     -0.24     17.88    -10.72     -1.35
    2 G-C      -0.56     -0.13      0.27     -2.36     -6.33      3.07
    3 C-G      -0.17     -0.38      0.23     -5.10     -7.72      1.70
    4 A-T      -0.55     -0.49      0.02      3.32     -7.98      3.99
    5 T-A      -0.30     -0.34      0.66      6.35     -8.50      4.62
    6 A-T      -1.23      0.01      0.19    -14.03    -18.35     -1.40
    7 T-A      -0.47      0.03      0.36     -3.24    -12.42     15.06
    8 A-T      -0.12     -0.42     -0.10     -8.40    -19.63     -1.71
    9 T-A       0.41     -0.27      0.11     -2.46    -20.99      4.29
   10 G-C      -0.98     -0.55      0.17      1.56     -8.89     -0.21
   11 C-G       0.61     -0.47      0.70      0.04    -23.29     -6.14
   12 G-C       0.34     -0.20     -0.66      7.04     22.73     -5.00
          ~~~~~~~~~~~~~~~~~~~~~~~~~~~~~~~~~~~~~~~~~~~~~~~~~~~~~~~~~~~~
      ave.     -0.17     -0.29      0.14      0.05    -10.17      1.41
      s.d.      0.66      0.19      0.37      8.19     11.92      5.56
****************************************************************************
NGEOM base-pair step parameters
    step       Shift     Slide      Rise      Tilt      Roll     Twist
   1 CG/CG      0.17      0.55      3.90     -0.41      6.64     31.36
   2 GC/GC      0.31      0.40      3.48      2.57     -3.38     37.88
   3 CA/TG      0.27      0.56      3.16      0.95      5.40     33.49
   4 AT/AT      0.42     -0.51      3.30     -2.08     -0.58     33.33
   5 TA/TA     -0.20     -0.77      3.64      7.26     -0.30     35.24
   6 AT/AT      0.95     -0.64      3.00     -0.39      2.36     32.17
   7 TA/TA     -1.06      0.62      3.41      0.72      4.30     44.62
   8 AT/AT     -0.20     -0.10      3.16     -0.80     -7.97     36.32
   9 TG/CA      0.20      1.16      3.35     -3.71      9.68     24.26
  10 GC/GC     -1.40      0.72      3.73     -9.19    -21.00     48.89
  11 CG/CG      0.95      0.31      3.23     10.76    -10.01     34.79
          ~~~~~~~~~~~~~~~~~~~~~~~~~~~~~~~~~~~~~~~~~~~~~~~~~~~~~~~~~~~~
      ave.      0.04      0.21      3.40      0.52     -1.35     35.67
      s.d.      0.73      0.63      0.27      5.26      8.87      6.57
****************************************************************************
NUPARM base-pair parameters
     bp        Shear    Stretch   Stagger    Buckle  Propeller  Opening
    1 C-G       1.03     -0.32     -0.23     17.85    -10.68     -1.33
    2 G-C      -0.56     -0.13      0.27     -2.36     -6.33      3.07
    3 C-G      -0.17     -0.38      0.23     -5.09     -7.72      1.69
    4 A-T      -0.55     -0.49      0.02      3.32     -7.98      3.98
    5 T-A      -0.30     -0.34      0.66      6.34     -8.50      4.60
    6 A-T      -1.23     -0.00      0.19    -13.97    -18.31     -1.38
    7 T-A      -0.47      0.02      0.36     -3.27    -12.53     14.97
    8 A-T      -0.13     -0.42     -0.10     -8.36    -19.62     -1.68
    9 T-A       0.41     -0.27      0.11     -2.45    -21.00      4.22
   10 G-C      -0.98     -0.55      0.17      1.56     -8.89     -0.21
   11 C-G       0.61     -0.47      0.70      0.04    -23.33     -6.02
   12 G-C       0.34     -0.19     -0.66      7.00     22.74     -4.89
          ~~~~~~~~~~~~~~~~~~~~~~~~~~~~~~~~~~~~~~~~~~~~~~~~~~~~~~~~~~~~
      ave.     -0.17     -0.29      0.14      0.05    -10.18      1.42
      s.d.      0.66      0.19      0.37      8.17     11.93      5.51
****************************************************************************
NUPARM base-pair step parameters
    step       Shift     Slide      Rise      Tilt      Roll     Twist
   1 CG/CG      0.16      0.58      3.89     -0.59      6.81     30.85
   2 GC/GC      0.32      0.37      3.48      2.72     -3.62     37.80
   3 CA/TG      0.28      0.58      3.16      0.92      5.49     33.61
   4 AT/AT      0.42     -0.53      3.30     -2.15     -0.77     33.39
   5 TA/TA     -0.15     -0.78      3.64      7.99     -0.32     34.47
   6 AT/AT      0.95     -0.65      3.00     -1.39      2.56     32.65
   7 TA/TA     -1.05      0.62      3.40      1.67      4.08     44.34
   8 AT/AT     -0.21     -0.15      3.16     -1.33     -8.36     36.45
   9 TG/CA      0.19      1.18      3.35     -3.41      9.78     24.33
  10 GC/GC     -1.47      0.57      3.73     -9.41    -22.70     47.95
  11 CG/CG      0.99      0.27      3.22     10.14    -10.29     34.17
          ~~~~~~~~~~~~~~~~~~~~~~~~~~~~~~~~~~~~~~~~~~~~~~~~~~~~~~~~~~~~
      ave.      0.04      0.19      3.39      0.47     -1.58     35.46
      s.d.      0.75      0.63      0.27      5.33      9.34      6.36
****************************************************************************
NUPARM base-pair helical parameters
    step       X-disp    Y-disp   h-Rise     Incl.       Tip   h-Twist
   1 CG/CG     -0.49     -0.46      3.93     11.82      1.12     31.54
   2 GC/GC      1.09     -0.11      3.45     -5.24     -3.94     38.06
   3 CA/TG      0.09     -0.33      3.22      9.07     -1.50     34.06
   4 AT/AT     -0.78     -1.10      3.28     -1.28      3.57     33.46
   5 TA/TA     -1.28      1.65      3.51     -0.38    -12.60     35.36
   6 AT/AT     -1.57     -1.90      2.90      4.45      2.31     32.78
   7 TA/TA      0.40      1.57      3.41      4.95     -2.08     44.55
   8 AT/AT      0.94      0.14      3.12    -12.65      2.08     37.42
   9 TG/CA     -0.36     -1.53      3.51     21.60      7.27     26.45
  10 GC/GC      2.73      1.10      3.36    -23.49      9.56     53.55
  11 CG/CG      2.02     -0.21      3.18    -15.29    -15.33     36.95
          ~~~~~~~~~~~~~~~~~~~~~~~~~~~~~~~~~~~~~~~~~~~~~~~~~~~~~~~~~~~~
      ave.      0.25     -0.11      3.35     -0.58     -0.87     36.74
      s.d.      1.35      1.18      0.27     13.05      7.59      7.17
****************************************************************************
RNA base-pair parameters
     bp        Shear    Stretch   Stagger    Buckle  Propeller  Opening
    1 C-G       1.00     -0.35     -0.23     17.88    -10.72     -1.34
    2 G-C      -0.56     -0.13      0.27     -2.36     -6.33      3.07
    3 C-G      -0.17     -0.39      0.23     -5.10     -7.72      1.69
    4 A-T      -0.55     -0.49      0.02      3.32     -7.98      3.99
    5 T-A      -0.31     -0.34      0.66      6.35     -8.50      4.61
    6 A-T      -1.20     -0.02      0.19    -14.03    -18.35     -1.38
    7 T-A      -0.46     -0.01      0.34     -3.25    -12.46     15.00
    8 A-T      -0.10     -0.43     -0.10     -8.40    -19.63     -1.69
    9 T-A       0.42     -0.27      0.10     -2.46    -20.99      4.24
   10 G-C      -0.99     -0.55      0.17      1.56     -8.89     -0.21
   11 C-G       0.61     -0.47      0.72      0.04    -23.30     -6.06
   12 G-C       0.37     -0.21     -0.68      7.04     22.74     -4.93
          ~~~~~~~~~~~~~~~~~~~~~~~~~~~~~~~~~~~~~~~~~~~~~~~~~~~~~~~~~~~~
      ave.     -0.16     -0.31      0.14      0.05    -10.18      1.42
      s.d.      0.66      0.18      0.38      8.19     11.93      5.53
****************************************************************************
RNA base-pair step parameters
    step       Shift     Slide      Rise      Tilt      Roll     Twist
   1 CG/CG      0.12      0.54      3.58     -0.51      6.68     31.32
   2 GC/GC      0.33      0.37      3.44      2.62     -3.47     37.87
   3 CA/TG      0.24      0.54      3.30      0.93      5.40     33.47
   4 AT/AT      0.41     -0.55      3.35     -2.10     -0.67     33.33
   5 TA/TA     -0.11     -0.78      3.32      7.55     -0.29     35.19
   6 AT/AT      0.70     -0.71      3.17     -0.87      2.43     32.17
   7 TA/TA     -0.82      0.53      3.33      1.17      4.15     44.61
   8 AT/AT     -0.28     -0.12      3.25     -1.07     -8.09     36.25
   9 TG/CA      0.27      1.14      3.42     -3.54      9.69     24.21
  10 GC/GC     -1.33      0.77      3.72     -9.18    -21.51     48.27
  11 CG/CG      0.92      0.35      3.35     10.36    -10.07     34.61
          ~~~~~~~~~~~~~~~~~~~~~~~~~~~~~~~~~~~~~~~~~~~~~~~~~~~~~~~~~~~~
      ave.      0.04      0.19      3.39      0.49     -1.43     35.57
      s.d.      0.65      0.64      0.15      5.24      9.00      6.47
****************************************************************************
RNA base-pair helical parameters
    step       X-disp    Y-disp   h-Rise     Incl.       Tip   h-Twist
   1 CG/CG     -0.40     -0.32      3.61     12.05      0.91     32.03
   2 GC/GC      1.05     -0.15      3.40     -5.22     -3.95     38.11
   3 CA/TG      0.01     -0.25      3.35      9.16     -1.58     33.92
   4 AT/AT     -0.85     -1.08      3.33     -1.15      3.60     33.40
   5 TA/TA     -1.22      1.30      3.23     -0.46    -12.11     35.99
   6 AT/AT     -1.71     -1.41      3.09      4.33      1.54     32.27
   7 TA/TA      0.29      1.20      3.34      5.31     -1.50     44.82
   8 AT/AT      0.93      0.29      3.21    -12.59      1.66     37.16
   9 TG/CA     -0.42     -1.66      3.53     21.68      7.93     26.31
  10 GC/GC      2.49      0.77      3.26    -23.77     10.15     53.64
  11 CG/CG      1.98      0.04      3.25    -15.79    -16.25     37.50
          ~~~~~~~~~~~~~~~~~~~~~~~~~~~~~~~~~~~~~~~~~~~~~~~~~~~~~~~~~~~~
      ave.      0.20     -0.12      3.33     -0.59     -0.87     36.83
      s.d.      1.31      0.99      0.15     13.20      7.79      7.24
****************************************************************************
Strand I base step parameters
    step       Shift     Slide      Rise      Tilt      Roll     Twist
   1  C/G      -1.20      0.98      3.87     -7.88     11.06     33.28
   2  G/C      -0.36      0.03      3.52      3.50     -5.42     36.84
   3  C/A      -0.64      0.38      3.29      7.47      4.92     34.39
   4  A/T      -0.16     -0.44      3.65      1.78      0.50     33.65
   5  T/A      -1.14     -0.96      3.46      1.50     -6.24     31.53
   6  A/T       0.41     -1.20      3.12      9.39      2.32     40.01
   7  T/A      -1.46      0.17      3.41      4.40     -1.52     35.91
   8  A/T      -0.46     -0.15      3.46      8.32    -10.59     38.14
   9  T/G      -0.62      0.93      3.50      1.68     15.56     22.20
  10  G/C      -1.43      0.81      3.92     -2.54    -28.03     46.62
  11  C/G      -0.21      0.62      2.99     13.77     13.82     35.16
          ~~~~~~~~~~~~~~~~~~~~~~~~~~~~~~~~~~~~~~~~~~~~~~~~~~~~~~~~~~~~
      ave.     -0.66      0.11      3.47      3.76     -0.33     35.25
      s.d.      0.59      0.74      0.28      5.96     12.46      5.95
****************************************************************************
Strand I base helical parameters
    step       X-disp    Y-disp   h-Rise     Incl.       Tip   h-Twist
   1  C/G      -0.49     -1.35      4.15     18.08     12.88     35.95
   2  G/C       0.83     -0.74      3.43     -8.34     -5.38     37.40
   3  C/A      -0.12      0.36      3.10      8.01    -12.17     35.53
   4  A/T      -0.85     -1.20      3.63      0.84     -3.03     33.70
   5  T/A      -0.49      0.55      3.52    -11.19     -2.69     32.17
   6  A/T      -1.96     -1.37      3.06      3.26    -13.19     41.16
   7  T/A       0.50      1.19      3.20     -2.42     -6.98     36.21
   8  A/T       1.08     -0.12      3.21    -15.29    -12.01     40.45
   9  T/G      -2.62      0.00      3.36     34.98     -3.79     27.17
  10  G/C       2.98     -0.43      3.01    -30.99      2.81     54.45
  11  C/G      -0.62      0.02      2.76     20.56    -20.49     40.21
          ~~~~~~~~~~~~~~~~~~~~~~~~~~~~~~~~~~~~~~~~~~~~~~~~~~~~~~~~~~~~
      ave.     -0.16     -0.28      3.31      1.59     -5.82     37.67
      s.d.      1.52      0.83      0.37     18.48      8.92      6.88
****************************************************************************
Strand II base step parameters
    step       Shift     Slide      Rise      Tilt      Roll     Twist
   1  G/C       1.47      0.16      3.52      7.06      2.50     29.69
   2  C/G       1.02      0.75      3.44      1.64     -1.51     38.77
   3  G/T       1.10      0.75      3.44     -5.54      5.72     32.13
   4  T/A       1.02     -0.60      3.14     -5.89     -1.96     32.68
   5  A/T       0.92     -0.58      3.50     13.00      5.86     39.41
   6  T/A       0.95     -0.17      3.28     -9.96      1.30     23.11
   7  A/T      -0.27      1.00      3.47     -3.64     10.00     52.46
   8  T/A      -0.06     -0.09      3.22     -9.99     -5.84     32.64
   9  A/C       1.13      1.39      3.62     -8.89      3.74     25.57
  10  C/G      -1.21      0.72      3.62    -15.83    -14.83     49.10
  11  G/C       2.03     -0.00      3.71      5.98    -33.78     33.81
          ~~~~~~~~~~~~~~~~~~~~~~~~~~~~~~~~~~~~~~~~~~~~~~~~~~~~~~~~~~~~
      ave.      0.74      0.30      3.45     -2.92     -2.62     35.40
      s.d.      0.90      0.66      0.18      8.78     12.31      9.02
****************************************************************************
Strand II base helical parameters
    step       X-disp    Y-disp   h-Rise     Incl.       Tip   h-Twist
   1  G/C      -0.27      0.63      3.76      4.72    -13.34     30.62
   2  C/G       1.33      0.50      3.45     -2.23     -2.42     38.83
   3  G/T       0.28     -1.12      3.28     10.00      9.69     33.11
   4  T/A      -0.72     -0.92      2.94     -3.39     10.21     33.27
   5  A/T      -1.51      2.09      3.50      8.17    -18.14     41.91
   6  T/A      -0.76     -3.17      2.62      3.05     23.29     25.20
   7  A/T       0.37      1.84      3.60     10.78      3.93     53.53
   8  T/A       0.77      0.34      3.06     -9.86     16.85     34.63
   9  A/C       1.92     -3.01      3.21      8.01     19.05     27.33
  10  C/G       1.93      1.94      3.47    -16.30     17.40     53.68
  11  G/C       3.31     -0.10      2.86    -44.72     -7.91     48.17
          ~~~~~~~~~~~~~~~~~~~~~~~~~~~~~~~~~~~~~~~~~~~~~~~~~~~~~~~~~~~~
      ave.      0.60     -0.09      3.25     -2.89      5.33     38.21
      s.d.      1.43      1.83      0.35     16.33     14.03      9.98
