Reference frame: Origins (Ox, Oy, Oz) followed by the direction cosines of the
                 X- (Xx, Yx, Zx), Y- (Yx, Yx, Yx), and Z- (Zx, Zx, Zx) axes
*****************************************************************************************
Local base-pair reference frames
                Ox      Oy      Oz     Xx    Xy    Xz   Yx    Yy    Yz    Zx    Zy    Zz
   1 C-G      16.71   26.37   91.21 -0.98  0.13  0.13  0.08  0.93 -0.37 -0.16 -0.35 -0.92
   2 G-C      16.46   25.36   87.95 -0.75  0.67 -0.05  0.62  0.67 -0.41 -0.24 -0.34 -0.91
   3 C-G      15.71   24.79   84.55 -0.17  0.90 -0.40  0.96  0.06 -0.26 -0.21 -0.43 -0.88
   4 A-T      15.72   23.30   81.76  0.32  0.85 -0.41  0.90 -0.41 -0.15 -0.30 -0.32 -0.90
   5 A-T      14.86   22.30   78.57  0.80  0.47 -0.37  0.55 -0.82  0.15 -0.23 -0.33 -0.92
   6 A-T      14.45   21.39   75.36  0.99 -0.11 -0.10 -0.07 -0.93  0.35 -0.13 -0.34 -0.93
   7 T-A      14.20   21.05   71.94  0.84 -0.53  0.10 -0.53 -0.77  0.35 -0.11 -0.34 -0.93
   8 T-A      13.74   20.18   68.57  0.30 -0.90  0.31 -0.95 -0.25  0.20 -0.10 -0.35 -0.93
   9 T-A      13.50   19.17   65.46 -0.35 -0.89  0.30 -0.94  0.34 -0.09 -0.02 -0.31 -0.95
  10 G-C      12.03   18.46   62.53 -0.77 -0.58  0.26 -0.62  0.77 -0.13 -0.13 -0.26 -0.96
  11 C-G      12.43   18.40   58.71 -1.00  0.04 -0.04  0.05  0.98 -0.22  0.03 -0.22 -0.98
  12 G-C      12.33   18.28   55.02 -0.77  0.57 -0.29  0.63  0.76 -0.16  0.13 -0.30 -0.94
*****************************************************************************************
Local middle reference frames
                Ox      Oy      Oz     Xx    Xy    Xz   Yx    Yy    Yz    Zx    Zy    Zz
   1 CG/CG    16.58   25.87   89.58 -0.91  0.42  0.04  0.37  0.84 -0.40 -0.20 -0.34 -0.92
   2 GC/GC    16.09   25.07   86.25 -0.49  0.84 -0.24  0.84  0.38 -0.38 -0.23 -0.38 -0.90
   3 CA/TG    15.72   24.04   83.15  0.08  0.91 -0.41  0.96 -0.18 -0.20 -0.26 -0.38 -0.89
   4 AA/TT    15.29   22.80   80.16  0.59  0.69 -0.42  0.76 -0.65  0.01 -0.27 -0.32 -0.91
   5 AA/TT    14.66   21.85   76.96  0.95  0.19 -0.25  0.26 -0.92  0.28 -0.18 -0.33 -0.92
   6 AT/AT    14.33   21.22   73.65  0.94 -0.33  0.00 -0.31 -0.88  0.36 -0.12 -0.34 -0.93
   7 TT/AA    13.97   20.61   70.25  0.61 -0.76  0.22 -0.79 -0.54  0.29 -0.10 -0.35 -0.93
   8 TT/AA    13.62   19.67   67.01 -0.03 -0.94  0.33 -1.00  0.05  0.05 -0.06 -0.33 -0.94
   9 TG/CA    12.76   18.81   64.00 -0.58 -0.76  0.28 -0.81  0.58 -0.11 -0.08 -0.29 -0.95
  10 GC/GC    12.23   18.43   60.62 -0.95 -0.29  0.12 -0.31  0.93 -0.21 -0.05 -0.24 -0.97
  11 CG/CG    12.38   18.34   56.86 -0.93  0.33 -0.17  0.36  0.91 -0.22  0.08 -0.26 -0.96
*****************************************************************************************
Local middle helical reference frames
                Ox      Oy      Oz     Xx    Xy    Xz   Yx    Yy    Yz    Zx    Zy    Zz
   1 CG/CG    16.24   25.25   89.80 -0.90  0.43  0.08  0.39  0.87 -0.29 -0.19 -0.23 -0.95
   2 GC/GC    17.27   24.38   86.10 -0.48  0.85 -0.22  0.81  0.33 -0.49 -0.34 -0.41 -0.85
   3 CA/TG    14.09   23.77   83.30  0.11  0.97 -0.22  0.99 -0.12 -0.02 -0.05 -0.22 -0.98
   4 AA/TT    16.03   22.65   80.01  0.57  0.66 -0.49  0.78 -0.62  0.07 -0.26 -0.42 -0.87
   5 AA/TT    15.68   21.47   76.94  0.94  0.17 -0.30  0.28 -0.87  0.41 -0.19 -0.47 -0.86
   6 AT/AT    16.34   20.86   73.54  0.95 -0.33  0.02 -0.30 -0.86  0.40 -0.12 -0.39 -0.91
   7 TT/AA    14.49   20.69   70.16  0.61 -0.76  0.22 -0.79 -0.54  0.30 -0.11 -0.35 -0.93
   8 TT/AA    14.25   19.96   66.87 -0.02 -0.90  0.43 -1.00  0.02 -0.00 -0.01 -0.43 -0.90
   9 TG/CA    12.05   21.57   63.69 -0.59 -0.80  0.07 -0.81  0.59 -0.08  0.02 -0.11 -0.99
  10 GC/GC    14.29   18.02   60.84 -0.95 -0.29  0.12 -0.31  0.85 -0.41  0.01 -0.43 -0.90
  11 CG/CG    14.42   18.16   56.82 -0.93  0.35 -0.10  0.36  0.85 -0.39 -0.06 -0.40 -0.91
*****************************************************************************************
Local strand I base reference frames
                Ox      Oy      Oz     Xx    Xy    Xz   Yx    Yy    Yz    Zx    Zy    Zz
   1 C        16.72   26.26   91.11 -1.00  0.07 -0.02  0.08  0.95 -0.31 -0.01 -0.31 -0.95
   2 G        16.52   25.21   88.02 -0.79  0.60 -0.14  0.60  0.70 -0.38 -0.13 -0.38 -0.91
   3 C        15.67   24.76   84.51 -0.18  0.87 -0.45  0.97  0.09 -0.20 -0.14 -0.48 -0.87
   4 A        15.81   23.45   81.91  0.26  0.83 -0.49  0.87 -0.42 -0.26 -0.42 -0.36 -0.83
   5 A        14.88   22.36   78.57  0.73  0.43 -0.52  0.55 -0.83  0.09 -0.40 -0.35 -0.85
   6 A        14.46   21.42   75.19  0.95 -0.17 -0.26 -0.08 -0.94  0.32 -0.30 -0.28 -0.91
   7 T        14.15   21.12   71.88  0.82 -0.57 -0.03 -0.53 -0.78  0.33 -0.21 -0.26 -0.94
   8 T        13.85   20.07   68.54  0.30 -0.94  0.15 -0.93 -0.26  0.26 -0.21 -0.22 -0.95
   9 T        13.54   19.15   65.61 -0.33 -0.93  0.18 -0.94  0.33 -0.04 -0.02 -0.18 -0.98
  10 G        12.06   18.40   62.40 -0.78 -0.57  0.26 -0.63  0.75 -0.20 -0.08 -0.32 -0.94
  11 C        12.29   18.27   58.63 -0.98 -0.06 -0.17 -0.01  0.96 -0.27  0.18 -0.27 -0.95
  12 G        12.35   18.16   55.10 -0.80  0.58 -0.17  0.60  0.77 -0.21  0.01 -0.27 -0.96
*****************************************************************************************
Local strand II base reference frames
                Ox      Oy      Oz     Xx    Xy    Xz   Yx    Yy    Yz    Zx    Zy    Zz
   1 G        16.69   26.48   91.32 -0.95  0.19  0.26  0.07  0.91 -0.42 -0.32 -0.38 -0.87
   2 C        16.40   25.50   87.88 -0.69  0.72  0.03  0.64  0.63 -0.45 -0.35 -0.29 -0.89
   3 G        15.76   24.81   84.58 -0.15  0.93 -0.35  0.95  0.04 -0.32 -0.28 -0.38 -0.88
   4 T        15.62   23.15   81.61  0.38  0.87 -0.32  0.91 -0.41 -0.04 -0.17 -0.27 -0.95
   5 T        14.85   22.24   78.56  0.84  0.50 -0.20  0.54 -0.82  0.21 -0.06 -0.29 -0.96
   6 T        14.44   21.37   75.52  1.00 -0.05  0.07 -0.07 -0.92  0.39  0.04 -0.39 -0.92
   7 A        14.26   20.99   71.99  0.85 -0.48  0.22 -0.53 -0.77  0.36 -0.00 -0.42 -0.91
   8 A        13.64   20.28   68.59  0.28 -0.85  0.45 -0.96 -0.25  0.12  0.01 -0.47 -0.88
   9 A        13.46   19.18   65.31 -0.37 -0.83  0.42 -0.93  0.35 -0.14 -0.03 -0.44 -0.90
  10 C        11.99   18.51   62.66 -0.77 -0.59  0.26 -0.62  0.79 -0.05 -0.17 -0.20 -0.96
  11 G        12.57   18.54   58.78 -0.99  0.13  0.10  0.11  0.98 -0.18 -0.12 -0.16 -0.98
  12 C        12.32   18.40   54.94 -0.72  0.57 -0.40  0.65  0.75 -0.10  0.25 -0.33 -0.91
****************************************************************************
Local strand I base step parameters
    step       Shift     Slide      Rise      Tilt      Roll     Twist
   1  C/G       0.00      0.10      3.26      6.83      5.20     33.15
   2  G/C       1.16      0.25      3.44      3.41     -4.90     43.29
   3  C/A       0.02      0.96      2.75     17.35      3.93     25.39
   4  A/A       0.59      0.30      3.57     -0.90      1.63     36.22
   5  A/A       0.87     -0.03      3.42      3.37      7.17     39.64
   6  A/T       0.29     -0.77      3.24      3.50      4.56     27.60
   7  T/T       0.42     -0.22      3.48      1.38     -1.86     38.71
   8  T/T       0.31     -0.05      3.07     10.88     -2.45     37.27
   9  T/G       0.69      1.13      3.37      1.98      8.73     32.02
  10  G/C      -0.37      0.93      3.64      2.15    -15.18     38.62
  11  C/G       0.52      0.72      3.42      3.07      9.54     37.36
          ~~~~~~~~~~~~~~~~~~~~~~~~~~~~~~~~~~~~~~~~~~~~~~~~~~~~~~~~~~~~
      ave.      0.41      0.30      3.33      4.82      1.49     35.39
      s.d.      0.43      0.58      0.25      5.16      7.24      5.36
****************************************************************************
Local strand I base helical parameters
    step       X-disp    Y-disp   h-Rise     Incl.       Tip   h-Twist
   1  C/G      -0.66      1.07      3.18      8.93    -11.74     34.21
   2  G/C       0.83     -1.21      3.47     -6.61     -4.59     43.68
   3  C/A       1.14      2.88      2.40      7.84    -34.58     30.92
   4  A/A       0.24     -1.08      3.57      2.62      1.44     36.27
   5  A/A      -0.90     -0.85      3.43     10.45     -4.91     40.39
   6  A/T      -2.62      0.19      3.09      9.44     -7.23     28.18
   7  T/T      -0.10     -0.46      3.50     -2.80     -2.07     38.78
   8  T/T       0.21      0.80      3.03     -3.73    -16.58     38.84
   9  T/G       0.39     -0.84      3.58     15.44     -3.51     33.22
  10  G/C       3.04      0.77      3.06    -21.92     -3.11     41.45
  11  C/G      -0.18     -0.38      3.53     14.58     -4.69     38.63
          ~~~~~~~~~~~~~~~~~~~~~~~~~~~~~~~~~~~~~~~~~~~~~~~~~~~~~~~~~~~~
      ave.      0.13      0.08      3.26      3.11     -8.32     36.78
      s.d.      1.39      1.23      0.35     11.12      9.97      4.71
****************************************************************************
Local strand II base step parameters
    step       Shift     Slide      Rise      Tilt      Roll     Twist
   1  G/C      -0.72      0.65      3.46     -4.09      3.64     36.98
   2  C/G       0.24      0.62      3.37     -1.32     -6.15     39.77
   3  G/T      -0.49      0.69      3.30     -5.64      7.47     30.01
   4  T/T      -0.27     -0.30      3.25     -5.20      3.58     34.92
   5  T/T      -0.31     -0.31      3.16     -7.66      4.22     36.75
   6  T/A      -0.57     -0.96      3.37     -2.71     -2.00     28.00
   7  A/A      -1.09     -0.03      3.36     -1.18      2.72     41.65
   8  A/A      -0.50      0.17      3.42     -2.27     -1.91     38.08
   9  A/C       0.52      1.08      2.86    -15.12     -6.58     27.93
  10  C/G      -1.30      0.38      3.68     -1.28     -3.37     44.62
  11  G/C       0.78      0.57      3.72      0.87    -23.85     35.34
          ~~~~~~~~~~~~~~~~~~~~~~~~~~~~~~~~~~~~~~~~~~~~~~~~~~~~~~~~~~~~
      ave.     -0.34      0.23      3.36     -4.15     -2.02     35.82
      s.d.      0.64      0.59      0.23      4.38      8.55      5.41
****************************************************************************
Local strand II base helical parameters
    step       X-disp    Y-disp   h-Rise     Incl.       Tip   h-Twist
   1  G/C       0.49      0.53      3.56      5.70      6.41     37.37
   2  C/G       1.61     -0.50      3.23     -8.97      1.93     40.25
   3  G/T      -0.20     -0.21      3.40     14.00     10.58     31.40
   4  T/T      -1.01     -0.31      3.21      5.90      8.57     35.47
   5  T/T      -1.01     -0.48      3.11      6.58     11.95     37.74
   6  T/A      -1.49      0.51      3.47     -4.11      5.58     28.20
   7  A/A      -0.34      1.40      3.38      3.82      1.66     41.76
   8  A/A       0.51      0.46      3.43     -2.92      3.48     38.19
   9  A/C       2.87     -3.09      2.03    -12.36     28.41     32.36
  10  C/G       0.85      1.57      3.68     -4.44      1.68     44.76
  11  G/C       3.47     -0.99      2.83    -34.82     -1.27     42.43
          ~~~~~~~~~~~~~~~~~~~~~~~~~~~~~~~~~~~~~~~~~~~~~~~~~~~~~~~~~~~~
      ave.      0.52     -0.10      3.21     -2.87      7.18     37.26
      s.d.      1.60      1.27      0.46     13.12      8.15      5.07
****************************************************************************
xyz coordinates of C1' atoms

    bp        xI       yI       zI       xII      yII      zII
   1 C-G    19.622   31.219   89.546   18.759   21.141   92.848
   2 G-C    21.731   27.522   86.271   14.688   20.340   90.262
   3 C-G    21.363   23.121   84.577   11.067   22.237   87.124
   4 A-T    19.774   19.113   81.827    9.826   23.109   82.536
   5 A-T    15.927   16.859   80.330    9.891   25.239   77.888
   6 A-T    11.647   16.843   77.567   12.313   26.364   73.294
   7 T-A     9.269   18.479   73.733   14.989   26.286   69.526
   8 T-A     8.152   21.055   69.624   18.078   23.685   66.736
   9 T-A     9.376   23.248   65.036   19.354   19.366   65.023
  10 G-C    10.679   23.865   60.592   17.208   15.747   62.200
  11 C-G    14.708   23.607   57.704   14.380   12.888   59.437
  12 G-C    17.568   20.929   54.356   10.570   12.941   56.496
****************************************************************************
xyz coordinates of RN9/YN1 atoms

    bp        xI       yI       zI       xII      yII      zII
   1 C-G    18.364   30.471   89.723   17.625   22.102   92.894
   2 G-C    20.286   27.648   86.441   14.405   21.734   89.868
   3 C-G    20.301   24.066   84.190   11.617   23.452   86.500
   4 A-T    19.396   20.462   81.367   11.032   23.922   82.221
   5 A-T    16.404   18.066   79.661   11.348   25.284   77.882
   6 A-T    12.855   17.387   76.924   13.485   25.563   73.674
   7 T-A    10.694   18.307   73.379   15.526   25.055   70.104
   8 T-A     9.272   20.119   69.519   17.568   22.511   67.445
   9 T-A     9.722   21.816   65.154   18.123   18.683   65.404
  10 G-C    10.234   22.597   61.144   15.792   15.714   62.568
  11 C-G    13.534   22.724   57.625   13.350   13.922   59.417
  12 G-C    16.111   20.904   54.311   10.294   14.258   55.919
****************************************************************************
xyz coordinates of RC8/YC6 atoms

    bp        xI       yI       zI       xII      yII      zII
   1 C-G    17.130   31.035   89.559   16.372   21.996   93.399
   2 G-C    19.471   28.720   86.126   13.191   22.319   90.163
   3 C-G    20.600   25.211   83.481   11.037   24.626   86.133
   4 A-T    20.070   21.383   80.626   10.968   25.223   81.840
   5 A-T    17.583   18.315   78.998   12.097   26.364   77.488
   6 A-T    14.094   16.814   76.766   14.770   26.008   73.543
   7 T-A    11.440   17.170   73.582   16.892   24.728   70.222
   8 T-A     9.135   18.789   69.861   18.342   21.485   67.996
   9 T-A     8.782   20.863   65.423   17.981   17.460   65.988
  10 G-C     8.948   22.127   61.380   15.121   14.540   62.877
  11 C-G    12.293   23.129   57.245   12.012   13.689   59.667
  12 G-C    15.300   21.992   54.061    9.055   14.581   55.440
****************************************************************************
xyz coordinates of O1P atoms w.r.t. the middle frame of each dimer

    step       xI      yI      zI     xII     yII     zII
   1 CG/CG   -4.28    9.75   -1.63   -2.74   10.38    0.05
   2 GC/GC   -3.31   10.13   -1.37   -2.94   10.13   -0.42
   3 CA/TG   -2.10   10.61   -0.00   -4.34   10.17   -1.80
   4 AA/TT   -4.01   10.03   -0.12   -4.19    9.68   -2.51
   5 AA/TT   -4.11    9.80   -0.61   -4.21    9.89   -0.98
   6 AT/AT   -4.96    9.83   -0.90   -4.58   10.08   -0.84
   7 TT/AA   -4.17    9.97   -1.16   -3.85    9.92   -0.72
   8 TT/AA   -3.53   10.18   -1.97   -3.21   10.25    0.21
   9 TG/CA   -4.05    9.98   -1.16   -2.44   10.27    0.17
  10 GC/GC   -2.68    9.84   -0.51   -2.66   10.22   -0.49
  11 CG/CG   -4.27    9.33   -1.76   -2.13    9.30   -1.50
****************************************************************************
xyz coordinates of O1P atoms w.r.t. the middle helix frame of each dimer

    step      xIH     yIH     zIH     xIIH    yIIH    zIIH
   1 CG/CG   -4.30   10.61   -0.64   -2.78    9.56    1.36
   2 GC/GC   -2.14    9.07   -2.73   -1.84   10.79   -1.63
   3 CA/TG   -1.77   12.04    1.55   -3.93    8.67    1.00
   4 AA/TT   -4.38    9.35    0.90   -4.39   10.50   -2.18
   5 AA/TT   -5.01    9.17    0.96   -5.10   10.55    0.18
   6 AT/AT   -6.97   10.21   -0.53   -6.61    9.76   -0.33
   7 TT/AA   -4.41   10.46   -1.07   -4.09    9.46   -0.62
   8 TT/AA   -2.93   10.65   -2.94   -2.86    9.64   -0.05
   9 TG/CA   -2.35    7.78    0.02   -0.64   12.49   -0.01
  10 GC/GC   -0.86   10.60   -2.58   -0.85    8.80   -2.61
  11 CG/CG   -2.12    8.21   -3.78   -0.34    9.47   -3.06
****************************************************************************
xyz coordinates of O2P atoms w.r.t. the middle frame of each dimer

    step       xI      yI      zI     xII     yII     zII
   1 CG/CG   -2.40    9.54    0.02   -0.75    9.39    1.21
   2 GC/GC   -1.38    9.80    0.16   -1.59    8.85    1.29
   3 CA/TG   -0.44    8.94    0.63   -2.33    9.53   -0.47
   4 AA/TT   -1.96    9.50    1.26   -2.19    9.44   -0.99
   5 AA/TT   -2.02    9.54    0.79   -2.44    9.35    0.70
   6 AT/AT   -2.92    9.73    0.43   -2.62    9.57    0.71
   7 TT/AA   -2.31    9.60    0.53   -2.04    9.06    0.90
   8 TT/AA   -1.93    9.39   -0.30   -1.66    8.69    1.35
   9 TG/CA   -1.75    9.95   -0.15   -0.77    8.78    1.29
  10 GC/GC   -1.64    9.19    1.68   -0.87    8.80    0.53
  11 CG/CG   -2.27    9.95   -0.40   -1.78   10.06    0.91
****************************************************************************
xyz coordinates of O2P atoms w.r.t. the middle helix frame of each dimer

    step      xIH     yIH     zIH     xIIH    yIIH    zIIH
   1 CG/CG   -2.48   10.21    1.05   -0.74    8.45    2.33
   2 GC/GC   -0.25    8.95   -1.12   -0.45    9.74    0.19
   3 CA/TG   -0.24   10.25    2.18   -1.71    7.82    1.77
   4 AA/TT   -2.22    8.73    2.06   -2.53   10.15   -0.52
   5 AA/TT   -2.85    8.73    2.21   -3.42    9.77    1.86
   6 AT/AT   -4.94   10.05    0.82   -4.63    9.18    1.18
   7 TT/AA   -2.55   10.06    0.62   -2.28    8.58    1.00
   8 TT/AA   -1.52    9.97   -1.07   -1.20    8.14    1.00
   9 TG/CA    0.11    7.72    0.53    0.77   10.95    1.38
  10 GC/GC    0.18   10.43   -0.30    0.95    7.62   -1.33
  11 CG/CG   -0.21    9.08   -2.42    0.17   10.67   -0.87
****************************************************************************
xyz coordinates of P atoms w.r.t. the middle frame of each dimer

    step       xI      yI      zI     xII     yII     zII
   1 CG/CG   -3.23    8.82   -1.03   -1.99    9.15    0.58
   2 GC/GC   -2.54    9.22   -0.44   -2.57    8.80    0.19
   3 CA/TG   -1.79    9.15    0.17   -3.46    9.06   -1.38
   4 AA/TT   -2.91    9.03    0.31   -3.19    8.78   -1.79
   5 AA/TT   -3.03    8.91   -0.12   -3.29    8.91   -0.40
   6 AT/AT   -3.86    9.01   -0.51   -3.55    9.05   -0.32
   7 TT/AA   -3.22    9.06   -0.50   -2.99    8.79   -0.21
   8 TT/AA   -2.86    8.98   -1.34   -2.68    8.84    0.32
   9 TG/CA   -2.87    9.17   -0.67   -1.86    8.88    0.28
  10 GC/GC   -2.45    8.77    0.54   -2.13    8.88   -0.19
  11 CG/CG   -3.04    8.83   -0.96   -2.13    8.99   -0.01
****************************************************************************
xyz coordinates of P atoms w.r.t. the middle helix frame of each dimer

    step      xIH     yIH     zIH     xIIH    yIIH    zIIH
   1 CG/CG   -3.27    9.62   -0.11   -2.01    8.28    1.72
   2 GC/GC   -1.39    8.29   -1.67   -1.45    9.55   -0.87
   3 CA/TG   -1.47   10.57    1.51   -3.01    7.52    1.03
   4 AA/TT   -3.25    8.32    1.17   -3.46    9.55   -1.45
   5 AA/TT   -3.91    8.23    1.28   -4.20    9.50    0.66
   6 AT/AT   -5.87    9.37   -0.16   -5.58    8.71    0.14
   7 TT/AA   -3.45    9.53   -0.42   -3.23    8.32   -0.11
   8 TT/AA   -2.34    9.50   -2.17   -2.33    8.24    0.08
   9 TG/CA   -1.09    6.96    0.23   -0.08   11.09    0.17
  10 GC/GC   -0.64    9.78   -1.33   -0.32    7.56   -2.04
  11 CG/CG   -0.95    7.88   -2.81   -0.24    9.45   -1.54
****************************************************************************
xyz coordinates of P atoms

    bp        xI       yI       zI       xII      yII      zII
   1 C-G     ----     ----     ----    15.133   17.542   93.662
   2 G-C    22.972   32.278   86.881    9.955   19.620   90.340
   3 C-G    25.208   26.634   83.776    6.344   21.992   85.155
   4 A-T    24.333   20.720   81.892    6.230   25.689   79.812
   5 A-T    20.378   14.851   81.170    9.167   29.329   74.895
   6 A-T    14.094   13.088   80.370   13.736   30.246   70.058
   7 T-A     7.961   14.761   77.383   19.053   27.612   66.867
   8 T-A     4.939   18.315   72.650   22.537   21.886   65.975
   9 T-A     4.825   23.239   67.767   21.047   15.166   64.734
  10 G-C     7.080   26.499   62.831   16.991   10.773   62.082
  11 C-G    11.818   27.137   57.921   11.157    9.472   59.155
  12 G-C    18.292   25.624   56.372    ----     ----     ---- 
*******************************************************************************************
Phosphorus-phosphorus distance in Angstroms

            1      2      3      4      5      6      7      8      9     10     11     12
            G      C      G      T      T      T      A      A      A      C      G      C   
   1 C    ----   ----   ----   ----   ----   ----   ----   ----   ----   ----   ----   ----
   2 G    18.0   18.5   19.6   19.3   18.5   19.3   20.9   23.4   28.1   33.4   37.8   ----
   3 C    16.8   18.0   19.5   19.4   18.5   18.2   18.0   18.6   22.6   28.1   33.1   ----
   4 A    15.3   16.7   18.3   18.9   18.8   18.5   17.4   16.1   18.3   23.4   28.6   ----
   5 A    13.8   14.7   16.2   17.9   19.4   20.1   19.2   16.9   16.5   19.8   24.5   ----
   6 A    14.1   12.6   12.7   14.9   17.8   20.0   20.4   18.9   17.2   18.7   21.7   ----
   7 T    18.0   14.0   10.7   11.3   14.8   18.1   20.0   19.8   18.2   18.2   19.2   ----
   8 T    23.4   18.4   13.1   10.4   12.0   15.0   17.9   19.2   18.2   17.7   17.3   ----
   9 T    28.4   23.4   17.5   12.4   10.3   11.6   14.9   17.9   18.4   18.3   17.4   ----
  10 G    33.1   28.5   22.8   17.0   12.6   10.5   12.7   16.4   18.1   18.6   17.9   ----
  11 C    37.2   33.3   28.3   22.6   17.3   12.7   11.5   14.4   16.6   17.7   17.7   ----
  12 G    38.3   35.5   31.4   26.4   21.0   15.1   10.7   11.1   13.7   16.0   17.9   ----
****************************************************************************
Strand I helix radius

    step          P        O4'       C1'
   1  C/G      10.68      7.91      7.20
   2  G/C       8.27      4.94      4.44
   3  C/A      11.91      9.20      8.36
   4  A/A       8.49      5.43      4.79
   5  A/A       9.01      6.22      5.58
   6  A/T      11.25      8.07      7.51
   7  T/T       9.28      6.12      5.48
   8  T/T      10.10      6.87      6.43
   9  T/G       8.66      5.57      4.83
  10  G/C       8.84      5.48      5.73
  11  C/G       9.22      6.19      5.58
****************************************************************************
Strand II helix radius

    step          P        O4'       C1'
   1  G/C       8.84      6.04      5.24
   2  C/G       9.23      6.07      5.87
   3  G/T      10.02      6.74      6.13
   4  T/T      10.15      7.06      6.61
   5  T/T      10.32      7.38      6.75
   6  T/A       9.98      6.74      6.21
   7  A/A       8.20      5.41      4.85
   8  A/A       8.73      5.67      5.25
   9  A/C      11.75      8.82      8.25
  10  C/G       7.58      4.86      4.14
  11  G/C       8.54      5.58      5.54
****************************************************************************************
Base-pair helix axis

               Ox      Oy      Oz     Xx    Xy    Xz   Yx    Yy    Yz    Zx    Zy    Zz
   1 CG/CG   16.56   25.64   91.42 -0.98  0.14  0.16  0.10  0.96 -0.25 -0.19 -0.23 -0.95
             15.91   24.86   88.18 -0.74  0.68 -0.01  0.65  0.70 -0.30 -0.19 -0.23 -0.95
   2 GC/GC   17.85   25.07   87.53 -0.74  0.67 -0.03  0.58  0.61 -0.53 -0.34 -0.41 -0.85
             16.69   23.69   84.68 -0.16  0.91 -0.38  0.93  0.01 -0.38 -0.34 -0.41 -0.85
   3 CA/TG   14.17   24.09   84.78 -0.14  0.97 -0.21  0.99  0.13 -0.08 -0.05 -0.22 -0.98
             14.01   23.44   81.82  0.36  0.91 -0.22  0.93 -0.36  0.03 -0.05 -0.22 -0.98
   4 AA/TT   16.48   23.38   81.49  0.30  0.82 -0.49  0.92 -0.39 -0.09 -0.26 -0.42 -0.87
             15.59   21.93   78.53  0.78  0.44 -0.45  0.57 -0.79  0.22 -0.26 -0.42 -0.87
   5 AA/TT   16.00   22.24   78.35  0.79  0.45 -0.42  0.58 -0.76  0.28 -0.19 -0.47 -0.86
             15.36   20.71   75.52  0.98 -0.13 -0.15 -0.05 -0.87  0.49 -0.19 -0.47 -0.86
   6 AT/AT   16.53   21.50   75.04  0.99 -0.11 -0.08 -0.07 -0.92  0.40 -0.12 -0.39 -0.91
             16.15   20.23   72.03  0.84 -0.53  0.11 -0.52 -0.76  0.39 -0.12 -0.39 -0.91
   7 TT/AA   14.68   21.30   71.79  0.84 -0.53  0.10 -0.53 -0.77  0.36 -0.11 -0.35 -0.93
             14.29   20.07   68.54  0.30 -0.90  0.31 -0.95 -0.24  0.21 -0.11 -0.35 -0.93
   8 TT/AA   14.26   20.66   68.33  0.31 -0.86  0.41 -0.95 -0.27  0.14 -0.01 -0.43 -0.90
             14.24   19.26   65.41 -0.35 -0.84  0.41 -0.94  0.32 -0.15 -0.01 -0.43 -0.90
   9 TG/CA   12.02   21.73   65.16 -0.35 -0.93  0.09 -0.93  0.35 -0.06  0.02 -0.11 -0.99
             12.08   21.42   62.22 -0.78 -0.62  0.05 -0.62  0.78 -0.10  0.02 -0.11 -0.99
  10 GC/GC   14.27   18.77   62.41 -0.77 -0.58  0.27 -0.64  0.69 -0.34  0.01 -0.43 -0.90
             14.32   17.27   59.27 -1.00  0.04 -0.03  0.05  0.90 -0.43  0.01 -0.43 -0.90
  11 CG/CG   14.51   18.85   58.38 -1.00  0.06  0.03  0.04  0.91 -0.40 -0.06 -0.40 -0.91
             14.32   17.48   55.25 -0.77  0.60 -0.22  0.64  0.69 -0.34 -0.06 -0.40 -0.91
****************************************************************************************
Strand I helix axis

               Ox      Oy      Oz     Xx    Xy    Xz   Yx    Yy    Yz    Zx    Zy    Zz
   1  C/G    15.98   25.29   91.40 -0.98  0.12  0.18  0.09  0.98 -0.16 -0.20 -0.14 -0.97
             15.36   24.84   88.31 -0.76  0.65  0.06  0.63  0.74 -0.23 -0.20 -0.14 -0.97
   2  G/C    17.87   25.48   87.49 -0.77  0.63 -0.06  0.58  0.66 -0.48 -0.26 -0.41 -0.87
             16.95   24.06   84.46 -0.16  0.91 -0.38  0.95  0.04 -0.31 -0.26 -0.41 -0.87
   3  C/A    12.94   23.30   84.58 -0.11  0.99  0.13  0.99  0.12 -0.07 -0.09  0.12 -0.99
             12.73   23.59   82.20  0.42  0.91  0.07  0.90 -0.41 -0.13 -0.09  0.12 -0.99
   4  A/A    16.71   22.82   81.80  0.25  0.82 -0.52  0.89 -0.41 -0.22 -0.39 -0.40 -0.83
             15.32   21.38   78.84  0.72  0.42 -0.55  0.57 -0.81  0.13 -0.39 -0.40 -0.83
   5  A/A    16.08   22.13   78.38  0.76  0.47 -0.45  0.61 -0.76  0.25 -0.23 -0.46 -0.86
             15.31   20.55   75.44  0.97 -0.13 -0.18 -0.03 -0.88  0.48 -0.23 -0.46 -0.86
   6  A/T    17.03   21.28   74.72  0.98 -0.12 -0.15 -0.04 -0.88  0.47 -0.19 -0.45 -0.87
             16.46   19.89   72.02  0.85 -0.52  0.09 -0.50 -0.72  0.48 -0.19 -0.45 -0.87
   7  T/T    13.98   20.70   72.01  0.83 -0.56  0.01 -0.54 -0.79  0.28 -0.15 -0.24 -0.96
             13.45   19.86   68.66  0.31 -0.93  0.18 -0.94 -0.27  0.21 -0.15 -0.24 -0.96
   8  T/T    14.53   20.47   68.29  0.34 -0.84  0.42 -0.94 -0.28  0.20 -0.05 -0.46 -0.89
             14.37   19.08   65.60 -0.32 -0.83  0.45 -0.94  0.31 -0.11 -0.05 -0.46 -0.89
   9  T/G    12.91   19.83   65.70 -0.33 -0.92  0.24 -0.90  0.38  0.22 -0.29 -0.14 -0.95
             11.88   19.31   62.32 -0.77 -0.56  0.32 -0.58  0.82  0.05 -0.29 -0.14 -0.95
  10  G/C    14.90   19.63   61.88 -0.78 -0.55  0.31 -0.62  0.57 -0.54  0.12 -0.61 -0.78
             15.26   17.76   59.48 -0.99 -0.03 -0.13  0.05  0.79 -0.61  0.12 -0.61 -0.78
  11  C/G    12.09   18.65   58.61 -0.99 -0.04 -0.09 -0.04  1.00 -0.02  0.09 -0.02 -1.00
             12.43   18.57   55.10 -0.80  0.59 -0.09  0.59  0.81  0.04  0.09 -0.02 -1.00
****************************************************************************************
Strand II helix axis

               Ox      Oy      Oz     Xx    Xy    Xz   Yx    Yy    Yz    Zx    Zy    Zz
   1  G/C    17.12   25.90   91.41 -0.97  0.15  0.16  0.09  0.94 -0.33 -0.20 -0.31 -0.93
             16.40   24.82   88.10 -0.72  0.69 -0.07  0.66  0.66 -0.36 -0.20 -0.31 -0.93
   2  C/G    17.82   24.64   87.58 -0.70  0.71  0.00  0.58  0.57 -0.58 -0.42 -0.41 -0.81
             16.47   23.32   84.96 -0.16  0.91 -0.38  0.89 -0.02 -0.45 -0.42 -0.41 -0.81
   3  G/T    15.93   25.01   84.45 -0.18  0.84 -0.51  0.98  0.15 -0.10 -0.01 -0.52 -0.86
             15.89   23.25   81.55  0.36  0.80 -0.49  0.93 -0.31  0.18 -0.01 -0.52 -0.86
   4  T/T    16.27   23.86   81.16  0.35  0.82 -0.46  0.93 -0.37  0.05 -0.13 -0.44 -0.89
             15.85   22.45   78.31  0.83  0.45 -0.34  0.55 -0.78  0.31 -0.13 -0.44 -0.89
   5  T/T    15.93   22.29   78.32  0.82  0.42 -0.39  0.55 -0.77  0.32 -0.17 -0.48 -0.86
             15.40   20.81   75.63  0.98 -0.14 -0.12 -0.06 -0.87  0.49 -0.17 -0.48 -0.86
   6  T/A    15.96   21.73   75.32  1.00 -0.08 -0.02 -0.07 -0.94  0.32 -0.05 -0.32 -0.95
             15.79   20.62   72.04  0.84 -0.52  0.13 -0.53 -0.79  0.29 -0.05 -0.32 -0.95
   7  A/A    15.29   21.85   71.47  0.85 -0.50  0.20 -0.53 -0.74  0.42 -0.06 -0.46 -0.89
             15.07   20.29   68.48  0.28 -0.86  0.43 -0.96 -0.22  0.18 -0.06 -0.46 -0.89
   8  A/A    13.94   20.86   68.35  0.28 -0.87  0.40 -0.96 -0.27  0.08  0.04 -0.40 -0.91
             14.08   19.47   65.21 -0.37 -0.86  0.36 -0.93  0.33 -0.18  0.04 -0.40 -0.91
   9  A/C    11.54   22.83   64.41 -0.29 -0.95 -0.05 -0.89  0.29 -0.34  0.34 -0.05 -0.94
             12.23   22.72   62.50 -0.73 -0.65 -0.23 -0.60  0.76 -0.26  0.34 -0.05 -0.94
  10  C/G    13.63   17.81   62.66 -0.77 -0.59  0.23 -0.63  0.77 -0.13 -0.10 -0.24 -0.97
             13.26   16.92   59.11 -0.99  0.12  0.08  0.10  0.96 -0.25 -0.10 -0.24 -0.97
  11  G/C    15.99   18.76   57.66 -0.98  0.14  0.12  0.01  0.71 -0.70 -0.18 -0.69 -0.70
             15.47   16.82   55.68 -0.72  0.58 -0.38  0.67  0.43 -0.60 -0.18 -0.69 -0.70
