  12 # base-pairs
   1 # ***local base-pair & helical parameters***
#        Shear    Stretch   Stagger   Buckle   Prop-Tw   Opening     X-disp    Y-disp    h-Rise    Incl.     Tip     h-Twist
C-G     -0.078    -0.123     0.265    -6.680   -17.852    -0.428     0.000     0.000     0.000     0.000     0.000     0.000
G-C     -0.292    -0.178    -0.063    -4.715   -12.656    -4.383    -0.068     0.773     3.392     7.047    -2.263    35.665
C-G      0.002    -0.072     0.096    -7.276    -6.814    -0.046     1.206    -0.849     3.370    -7.816    -1.498    41.976
A-T      0.189     0.000    -0.425    11.988   -11.846    -3.691     0.503     1.634     3.038    11.092   -11.749    29.122
A-T      0.080    -0.079    -0.055     6.525   -19.664    -2.798    -0.422    -0.694     3.416     4.118     5.020    35.902
A-T      0.042    -0.166     0.280     4.408   -20.294    -0.101    -0.963    -0.640     3.273     8.420     3.202    39.145
T-A     -0.176    -0.076     0.071     1.988   -15.124    -0.329    -2.082     0.356     3.287     2.631    -0.833    28.105
T-A      0.235    -0.157     0.099    -7.423   -18.014    -3.265    -0.254     0.500     3.492     0.597    -0.091    40.304
T-A      0.090    -0.120    -0.279    -4.851   -14.596    -2.679     0.355     0.653     3.236    -3.609    -6.616    38.420
G-C     -0.057    -0.095     0.265     9.030     0.261     0.825     1.890    -2.301     2.961     1.886    12.319    30.866
C-G      0.274    -0.237     0.192     5.513   -17.886    -6.768     1.947     1.168     3.477   -13.022    -0.357    42.415
G-C     -0.208    -0.194    -0.067     5.608    13.365    -4.700     2.059    -0.633     3.424   -11.373    -4.409    37.171
