  12 # base-pairs
   0 # ***local base-pair & step parameters***
#        Shear    Stretch   Stagger   Buckle   Prop-Tw   Opening     Shift     Slide     Rise      Tilt      Roll      Twist
C-G     -0.078    -0.123     0.265    -6.680   -17.852    -0.428     0.000     0.000     0.000     0.000     0.000     0.000
G-C     -0.292    -0.178    -0.063    -4.715   -12.656    -4.383    -0.345     0.356     3.389     1.383     4.305    35.386
C-G      0.002    -0.072     0.096    -7.276    -6.814    -0.046     0.691     0.430     3.436     1.070    -5.583    41.606
A-T      0.189     0.000    -0.425    11.988   -11.846    -3.691    -0.214     0.827     3.039     5.835     5.508    28.018
A-T      0.080    -0.079    -0.055     6.525   -19.664    -2.798     0.141    -0.025     3.450    -3.088     2.533    35.686
A-T      0.042    -0.166     0.280     4.408   -20.294    -0.101     0.254    -0.185     3.349    -2.137     5.621    38.699
T-A     -0.176    -0.076     0.071     1.988   -15.124    -0.329    -0.126    -0.864     3.331     0.404     1.277    28.074
T-A      0.235    -0.157     0.099    -7.423   -18.014    -3.265    -0.339    -0.141     3.494     0.062     0.411    40.302
T-A      0.090    -0.120    -0.279    -4.851   -14.596    -2.679    -0.074     0.040     3.271     4.343    -2.369    38.112
G-C     -0.057    -0.095     0.265     9.030     0.261     0.825     0.592     1.103     3.116    -6.509     0.996    30.172
C-G      0.274    -0.237     0.192     5.513   -17.886    -6.768    -0.824     0.644     3.700     0.256    -9.351    41.417
G-C     -0.208    -0.194    -0.067     5.608    13.365    -4.700     0.660     0.651     3.571     2.791    -7.200    36.388
