****************************************************************************
CEHS base-pair parameters
     bp        Shear    Stretch   Stagger    Buckle  Propeller  Opening
    1 C-G      -0.08     -0.12      0.26     -6.65    -17.87     -0.42
    2 G-C      -0.29     -0.18     -0.06     -4.71    -12.67     -4.35
    3 C-G       0.00     -0.07      0.10     -7.27     -6.82     -0.05
    4 A-T       0.19     -0.00     -0.42     11.97    -11.90     -3.66
    5 A-T       0.08     -0.08     -0.05      6.49    -19.69     -2.75
    6 A-T       0.04     -0.17      0.28      4.39    -20.30     -0.10
    7 T-A      -0.18     -0.08      0.07      1.98    -15.13     -0.33
    8 T-A       0.24     -0.16      0.10     -7.39    -18.05     -3.22
    9 T-A       0.09     -0.12     -0.28     -4.84    -14.61     -2.66
   10 G-C      -0.06     -0.10      0.27      9.03      0.26      0.82
   11 C-G       0.27     -0.24      0.19      5.49    -17.93     -6.68
   12 G-C      -0.21     -0.19     -0.07      5.60     13.39     -4.66
          ~~~~~~~~~~~~~~~~~~~~~~~~~~~~~~~~~~~~~~~~~~~~~~~~~~~~~~~~~~~~
      ave.      0.01     -0.12      0.03      1.17    -11.78     -2.34
      s.d.      0.18      0.06      0.22      6.96      9.87      2.32
****************************************************************************
CEHS base-pair step parameters
    step       Shift     Slide      Rise      Tilt      Roll     Twist
   1 CG/CG     -0.35      0.36      3.39      1.58      4.36     35.51
   2 GC/GC      0.69      0.44      3.43      0.87     -5.45     41.64
   3 CA/TG     -0.22      0.83      3.04      6.00      5.64     28.44
   4 AA/TT      0.14     -0.01      3.45     -3.07      2.63     35.64
   5 AA/TT      0.25     -0.18      3.35     -2.34      5.68     38.60
   6 AT/AT     -0.13     -0.86      3.33      0.42      1.28     27.94
   7 TT/AA     -0.34     -0.13      3.49      0.30      0.46     39.94
   8 TT/AA     -0.07      0.05      3.27      4.30     -2.19     38.25
   9 TG/CA      0.59      1.11      3.11     -6.66      1.04     30.33
  10 GC/GC     -0.83      0.66      3.70      0.71     -9.07     41.68
  11 CG/CG      0.66      0.66      3.57      1.99     -7.14     36.02
          ~~~~~~~~~~~~~~~~~~~~~~~~~~~~~~~~~~~~~~~~~~~~~~~~~~~~~~~~~~~~
      ave.      0.04      0.27      3.38      0.37     -0.25     35.82
      s.d.      0.48      0.56      0.19      3.47      5.10      4.96
****************************************************************************
CompDNA base-pair parameters
     bp        Shear    Stretch   Stagger    Buckle  Propeller  Opening
    1 C-G      -0.08     -0.12      0.26     -6.57    -17.87     -0.42
    2 G-C      -0.29     -0.18     -0.06     -4.68    -12.66     -4.36
    3 C-G       0.00     -0.07      0.10     -7.26     -6.82     -0.05
    4 A-T       0.19     -0.00     -0.43     11.90    -11.89     -3.69
    5 A-T       0.08     -0.08     -0.06      6.40    -19.68     -2.76
    6 A-T       0.04     -0.17      0.28      4.32    -20.30     -0.10
    7 T-A      -0.18     -0.08      0.07      1.96    -15.13     -0.33
    8 T-A       0.24     -0.16      0.10     -7.30    -18.04     -3.23
    9 T-A       0.09     -0.12     -0.28     -4.80    -14.60     -2.66
   10 G-C      -0.06     -0.10      0.27      9.03      0.26      0.83
   11 C-G       0.27     -0.24      0.19      5.42    -17.90     -6.69
   12 G-C      -0.21     -0.19     -0.07      5.56     13.38     -4.67
          ~~~~~~~~~~~~~~~~~~~~~~~~~~~~~~~~~~~~~~~~~~~~~~~~~~~~~~~~~~~~
      ave.      0.01     -0.12      0.03      1.17    -11.77     -2.34
      s.d.      0.18      0.07      0.22      6.91      9.87      2.32
****************************************************************************
CompDNA base-pair step parameters
    step       Shift     Slide      Rise      Tilt      Roll     Twist
   1 CG/CG     -0.35      0.35      3.39      1.37      4.31     35.50
   2 GC/GC      0.69      0.43      3.44      1.08     -5.58     41.58
   3 CA/TG     -0.21      0.83      3.04      5.84      5.50     28.44
   4 AA/TT      0.14     -0.03      3.45     -3.07      2.55     35.66
   5 AA/TT      0.25     -0.19      3.35     -2.11      5.63     38.58
   6 AT/AT     -0.13     -0.86      3.33      0.41      1.28     27.94
   7 TT/AA     -0.34     -0.14      3.49      0.06      0.41     39.94
   8 TT/AA     -0.07      0.04      3.27      4.35     -2.35     38.27
   9 TG/CA      0.59      1.10      3.12     -6.51      0.99     30.37
  10 GC/GC     -0.82      0.65      3.70      0.24     -9.35     41.51
  11 CG/CG      0.66      0.65      3.57      2.78     -7.20     35.95
          ~~~~~~~~~~~~~~~~~~~~~~~~~~~~~~~~~~~~~~~~~~~~~~~~~~~~~~~~~~~~
      ave.      0.04      0.26      3.38      0.40     -0.35     35.79
      s.d.      0.48      0.56      0.19      3.44      5.14      4.93
****************************************************************************
Curves base-pair parameters (by Xiang-Jun Lu)
     bp        Shear    Stretch   Stagger    Buckle  Propeller  Opening
    1 C-G      -0.08     -0.12      0.27     -6.82    -17.81     -0.43
    2 G-C      -0.29     -0.18     -0.06     -4.76    -12.64     -4.38
    3 C-G       0.00     -0.07      0.10     -7.30     -6.80     -0.05
    4 A-T       0.19      0.00     -0.43     12.10    -11.76     -3.69
    5 A-T       0.08     -0.08     -0.06      6.69    -19.62     -2.80
    6 A-T       0.04     -0.17      0.28      4.53    -20.27     -0.10
    7 T-A      -0.18     -0.08      0.07      2.02    -15.12     -0.33
    8 T-A       0.23     -0.16      0.10     -7.58    -17.96     -3.27
    9 T-A       0.09     -0.12     -0.28     -4.92    -14.58     -2.68
   10 G-C      -0.06     -0.10      0.27      9.03      0.26      0.83
   11 C-G       0.27     -0.24      0.19      5.63    -17.86     -6.77
   12 G-C      -0.21     -0.19     -0.07      5.67     13.34     -4.70
          ~~~~~~~~~~~~~~~~~~~~~~~~~~~~~~~~~~~~~~~~~~~~~~~~~~~~~~~~~~~~
      ave.      0.01     -0.12      0.03      1.19    -11.73     -2.36
      s.d.      0.18      0.07      0.22      7.06      9.84      2.34
****************************************************************************
Curves base-pair step parameters
    step       Shift     Slide      Rise      Tilt      Roll     Twist
   1 CG/CG     -0.34      0.36      3.39      1.40      4.30     35.25
   2 GC/GC      0.69      0.43      3.44      1.06     -5.59     41.58
   3 CA/TG     -0.21      0.83      3.05      5.84      5.51     27.60
   4 AA/TT      0.14     -0.02      3.45     -3.10      2.52     35.71
   5 AA/TT      0.26     -0.18      3.35     -2.17      5.61     38.78
   6 AT/AT     -0.12     -0.86      3.33      0.40      1.28     28.21
   7 TT/AA     -0.34     -0.14      3.49      0.06      0.41     40.66
   8 TT/AA     -0.07      0.04      3.27      4.33     -2.38     37.97
   9 TG/CA      0.59      1.10      3.12     -6.51      1.00     30.02
  10 GC/GC     -0.82      0.64      3.71      0.28     -9.35     41.19
  11 CG/CG      0.66      0.65      3.58      2.80     -7.20     36.77
          ~~~~~~~~~~~~~~~~~~~~~~~~~~~~~~~~~~~~~~~~~~~~~~~~~~~~~~~~~~~~
      ave.      0.04      0.26      3.38      0.40     -0.35     35.80
      s.d.      0.48      0.56      0.19      3.45      5.14      5.09
****************************************************************************
FreeHelix base-pair parameters (by Xiang-Jun Lu)
     bp        Shear    Stretch   Stagger    Buckle  Propeller  Opening
    1 C-G      -0.08     -0.12      0.26     -6.65    -17.90     -0.42
    2 G-C      -0.29     -0.18     -0.06     -4.71    -12.67     -4.36
    3 C-G       0.00     -0.07      0.10     -7.27     -6.84     -0.05
    4 A-T       0.19     -0.00     -0.43     11.97    -11.95     -3.69
    5 A-T       0.08     -0.08     -0.06      6.49    -19.72     -2.76
    6 A-T       0.04     -0.17      0.28      4.39    -20.32     -0.10
    7 T-A      -0.18     -0.08      0.07      1.98    -15.13     -0.33
    8 T-A       0.24     -0.16      0.10     -7.39    -18.08     -3.23
    9 T-A       0.09     -0.12     -0.28     -4.84    -14.62     -2.66
   10 G-C      -0.06     -0.10      0.27      9.03      0.26      0.83
   11 C-G       0.27     -0.24      0.19      5.49    -17.92     -6.69
   12 G-C      -0.21     -0.19     -0.07      5.60     13.39     -4.67
          ~~~~~~~~~~~~~~~~~~~~~~~~~~~~~~~~~~~~~~~~~~~~~~~~~~~~~~~~~~~~
      ave.      0.01     -0.12      0.03      1.17    -11.79     -2.34
      s.d.      0.18      0.07      0.22      6.96      9.88      2.32
****************************************************************************
FreeHelix base-pair step parameters
    step       Shift     Slide      Rise      Tilt      Roll     Twist
   1 CG/CG     -0.35      0.35      3.39      1.37      4.31     35.50
   2 GC/GC      0.69      0.43      3.44      1.08     -5.58     41.58
   3 CA/TG     -0.21      0.83      3.04      5.84      5.51     28.44
   4 AA/TT      0.14     -0.03      3.45     -3.07      2.55     35.66
   5 AA/TT      0.25     -0.19      3.35     -2.11      5.63     38.58
   6 AT/AT     -0.13     -0.86      3.33      0.41      1.28     27.94
   7 TT/AA     -0.34     -0.14      3.49      0.06      0.41     39.94
   8 TT/AA     -0.07      0.04      3.27      4.35     -2.35     38.27
   9 TG/CA      0.59      1.10      3.12     -6.51      0.99     30.37
  10 GC/GC     -0.82      0.65      3.70      0.24     -9.35     41.51
  11 CG/CG      0.66      0.65      3.57      2.79     -7.20     35.95
          ~~~~~~~~~~~~~~~~~~~~~~~~~~~~~~~~~~~~~~~~~~~~~~~~~~~~~~~~~~~~
      ave.      0.04      0.26      3.38      0.40     -0.35     35.79
      s.d.      0.48      0.56      0.19      3.44      5.14      4.93
****************************************************************************
NGEOM base-pair parameters
     bp        Shear    Stretch   Stagger    Buckle  Propeller  Opening
    1 C-G      -0.08     -0.12      0.26     -6.68    -17.85     -0.43
    2 G-C      -0.29     -0.18     -0.06     -4.71    -12.66     -4.38
    3 C-G       0.00     -0.07      0.10     -7.28     -6.81     -0.05
    4 A-T       0.19     -0.00     -0.42     11.99    -11.85     -3.69
    5 A-T       0.08     -0.08     -0.05      6.52    -19.66     -2.80
    6 A-T       0.04     -0.17      0.28      4.41    -20.29     -0.10
    7 T-A      -0.18     -0.08      0.07      1.99    -15.12     -0.33
    8 T-A       0.23     -0.16      0.10     -7.42    -18.01     -3.27
    9 T-A       0.09     -0.12     -0.28     -4.85    -14.60     -2.68
   10 G-C      -0.06     -0.10      0.27      9.03      0.26      0.83
   11 C-G       0.27     -0.24      0.19      5.51    -17.89     -6.77
   12 G-C      -0.21     -0.19     -0.07      5.61     13.37     -4.70
          ~~~~~~~~~~~~~~~~~~~~~~~~~~~~~~~~~~~~~~~~~~~~~~~~~~~~~~~~~~~~
      ave.      0.01     -0.12      0.03      1.18    -11.76     -2.36
      s.d.      0.18      0.06      0.22      6.97      9.86      2.34
****************************************************************************
NGEOM base-pair step parameters
    step       Shift     Slide      Rise      Tilt      Roll     Twist
   1 CG/CG     -0.34      0.38      3.39      1.38      4.30     35.39
   2 GC/GC      0.70      0.40      3.44      1.07     -5.58     41.61
   3 CA/TG     -0.19      0.84      3.04      5.83      5.51     28.02
   4 AA/TT      0.13     -0.01      3.45     -3.09      2.53     35.69
   5 AA/TT      0.24     -0.16      3.35     -2.14      5.62     38.70
   6 AT/AT     -0.12     -0.86      3.33      0.40      1.28     28.07
   7 TT/AA     -0.34     -0.14      3.49      0.06      0.41     40.30
   8 TT/AA     -0.05      0.03      3.27      4.34     -2.37     38.11
   9 TG/CA      0.57      1.11      3.12     -6.51      1.00     30.17
  10 GC/GC     -0.82      0.59      3.71      0.26     -9.35     41.42
  11 CG/CG      0.67      0.62      3.57      2.79     -7.20     36.39
          ~~~~~~~~~~~~~~~~~~~~~~~~~~~~~~~~~~~~~~~~~~~~~~~~~~~~~~~~~~~~
      ave.      0.04      0.25      3.38      0.40     -0.35     35.81
      s.d.      0.48      0.55      0.19      3.45      5.14      5.02
****************************************************************************
NUPARM base-pair parameters
     bp        Shear    Stretch   Stagger    Buckle  Propeller  Opening
    1 C-G      -0.08     -0.12      0.26     -6.65    -17.84     -0.42
    2 G-C      -0.29     -0.18     -0.06     -4.71    -12.66     -4.35
    3 C-G       0.00     -0.07      0.10     -7.27     -6.81     -0.05
    4 A-T       0.19     -0.00     -0.42     11.97    -11.83     -3.65
    5 A-T       0.08     -0.08     -0.05      6.49    -19.66     -2.75
    6 A-T       0.04     -0.17      0.28      4.39    -20.29     -0.10
    7 T-A      -0.18     -0.08      0.07      1.98    -15.12     -0.33
    8 T-A       0.23     -0.16      0.10     -7.40    -18.01     -3.22
    9 T-A       0.09     -0.12     -0.28     -4.84    -14.60     -2.65
   10 G-C      -0.06     -0.10      0.27      9.03      0.26      0.82
   11 C-G       0.27     -0.24      0.19      5.50    -17.91     -6.68
   12 G-C      -0.21     -0.19     -0.07      5.60     13.37     -4.66
          ~~~~~~~~~~~~~~~~~~~~~~~~~~~~~~~~~~~~~~~~~~~~~~~~~~~~~~~~~~~~
      ave.      0.01     -0.12      0.03      1.17    -11.76     -2.34
      s.d.      0.18      0.06      0.22      6.96      9.86      2.32
****************************************************************************
NUPARM base-pair step parameters
    step       Shift     Slide      Rise      Tilt      Roll     Twist
   1 CG/CG     -0.33      0.40      3.39      1.68      4.52     35.48
   2 GC/GC      0.71      0.38      3.44      0.95     -5.79     41.59
   3 CA/TG     -0.18      0.87      3.03      6.16      5.93     28.37
   4 AA/TT      0.10      0.01      3.45     -3.27      2.67     35.61
   5 AA/TT      0.23     -0.12      3.35     -2.50      5.95     38.54
   6 AT/AT     -0.12     -0.85      3.33      0.43      1.33     27.94
   7 TT/AA     -0.34     -0.13      3.49      0.34      0.43     39.94
   8 TT/AA     -0.03      0.03      3.27      4.57     -2.33     38.22
   9 TG/CA      0.55      1.12      3.12     -6.88      1.11     30.28
  10 GC/GC     -0.83      0.55      3.72      0.73     -9.61     41.54
  11 CG/CG      0.68      0.59      3.58      2.05     -7.53     35.95
          ~~~~~~~~~~~~~~~~~~~~~~~~~~~~~~~~~~~~~~~~~~~~~~~~~~~~~~~~~~~~
      ave.      0.04      0.26      3.38      0.39     -0.30     35.77
      s.d.      0.48      0.55      0.19      3.61      5.37      4.95
****************************************************************************
NUPARM base-pair helical parameters
    step       X-disp    Y-disp   h-Rise     Incl.       Tip   h-Twist
   1 CG/CG     -0.06      0.81      3.39      7.09     -2.65     35.80
   2 GC/GC      1.21     -0.89      3.37     -7.58     -1.21     41.98
   3 CA/TG      0.50      1.71      3.04     11.61    -11.72     29.64
   4 AA/TT     -0.41     -0.69      3.42      4.18      5.10     35.86
   5 AA/TT     -0.96     -0.68      3.28      8.43      3.60     39.06
   6 AT/AT     -2.09      0.36      3.29      2.63     -0.85     27.98
   7 TT/AA     -0.24      0.54      3.49      0.58     -0.47     39.95
   8 TT/AA      0.35      0.64      3.24     -3.31     -6.54     38.54
   9 TG/CA      1.94     -2.37      2.95      1.99     12.51     31.05
  10 GC/GC      1.97      1.26      3.48    -12.58     -0.99     42.61
  11 CG/CG      2.12     -0.79      3.42    -11.21     -3.09     36.73
          ~~~~~~~~~~~~~~~~~~~~~~~~~~~~~~~~~~~~~~~~~~~~~~~~~~~~~~~~~~~~
      ave.      0.39     -0.01      3.31      0.17     -0.57     36.29
      s.d.      1.33      1.18      0.18      7.98      6.26      4.90
****************************************************************************
RNA base-pair parameters
     bp        Shear    Stretch   Stagger    Buckle  Propeller  Opening
    1 C-G      -0.06     -0.13      0.27     -6.68    -17.85     -0.42
    2 G-C      -0.28     -0.18     -0.05     -4.72    -12.66     -4.36
    3 C-G       0.01     -0.08      0.10     -7.28     -6.81     -0.05
    4 A-T       0.17     -0.02     -0.42     11.99    -11.85     -3.66
    5 A-T       0.06     -0.09     -0.05      6.53    -19.67     -2.77
    6 A-T       0.03     -0.17      0.28      4.41    -20.29     -0.10
    7 T-A      -0.18     -0.08      0.07      1.99    -15.12     -0.33
    8 T-A       0.25     -0.17      0.11     -7.42    -18.02     -3.23
    9 T-A       0.10     -0.12     -0.27     -4.85    -14.60     -2.66
   10 G-C      -0.06     -0.11      0.27      9.03      0.26      0.82
   11 C-G       0.26     -0.25      0.21      5.52    -17.90     -6.71
   12 G-C      -0.20     -0.20     -0.08      5.61     13.37     -4.67
          ~~~~~~~~~~~~~~~~~~~~~~~~~~~~~~~~~~~~~~~~~~~~~~~~~~~~~~~~~~~~
      ave.      0.01     -0.13      0.04      1.18    -11.76     -2.35
      s.d.      0.17      0.06      0.22      6.97      9.86      2.33
****************************************************************************
RNA base-pair step parameters
    step       Shift     Slide      Rise      Tilt      Roll     Twist
   1 CG/CG     -0.29      0.41      3.42      1.52      4.38     35.36
   2 GC/GC      0.64      0.43      3.40      1.00     -5.62     41.58
   3 CA/TG     -0.14      0.86      3.33      5.96      5.68     27.97
   4 AA/TT      0.12      0.03      3.36     -3.16      2.59     35.66
   5 AA/TT      0.21     -0.14      3.32     -2.30      5.73     38.66
   6 AT/AT     -0.12     -0.86      3.29      0.41      1.29     28.07
   7 TT/AA     -0.30     -0.11      3.35      0.19      0.42     40.30
   8 TT/AA     -0.06      0.07      3.31      4.41     -2.32     38.09
   9 TG/CA      0.52      1.12      3.34     -6.66      1.04     30.14
  10 GC/GC     -0.73      0.63      3.66      0.49     -9.37     41.34
  11 CG/CG      0.63      0.67      3.59      2.41     -7.31     36.34
          ~~~~~~~~~~~~~~~~~~~~~~~~~~~~~~~~~~~~~~~~~~~~~~~~~~~~~~~~~~~~
      ave.      0.04      0.28      3.40      0.39     -0.32     35.77
      s.d.      0.43      0.56      0.12      3.50      5.21      5.01
****************************************************************************
RNA base-pair helical parameters
    step       X-disp    Y-disp   h-Rise     Incl.       Tip   h-Twist
   1 CG/CG     -0.03      0.71      3.42      7.05     -2.45     35.66
   2 GC/GC      1.23     -0.79      3.33     -7.70     -1.36     41.97
   3 CA/TG      0.39      1.65      3.34     11.32    -11.88     29.16
   4 AA/TT     -0.34     -0.67      3.33      4.14      5.05     35.90
   5 AA/TT     -0.92     -0.61      3.24      8.43      3.39     39.15
   6 AT/AT     -2.08      0.35      3.25      2.64     -0.84     28.11
   7 TT/AA     -0.22      0.45      3.34      0.59     -0.28     40.30
   8 TT/AA      0.41      0.66      3.28     -3.47     -6.60     38.41
   9 TG/CA      1.89     -2.30      3.18      1.95     12.45     30.88
  10 GC/GC      1.97      1.07      3.42    -12.77     -0.67     42.40
  11 CG/CG      2.15     -0.63      3.42    -11.35     -3.74     37.15
          ~~~~~~~~~~~~~~~~~~~~~~~~~~~~~~~~~~~~~~~~~~~~~~~~~~~~~~~~~~~~
      ave.      0.40     -0.01      3.32      0.08     -0.63     36.28
      s.d.      1.32      1.11      0.08      8.00      6.29      4.97
****************************************************************************
Strand I base step parameters
    step       Shift     Slide      Rise      Tilt      Roll     Twist
   1  C/G      -1.00      0.12      3.48      6.93      5.27     33.08
   2  G/C      -0.15      0.22      3.54      3.49     -5.02     43.25
   3  C/A      -0.71      0.97      3.29     17.49      3.97     25.18
   4  A/A      -0.54      0.31      3.55     -0.91      1.66     36.22
   5  A/A      -0.34      0.01      3.53      3.44      7.32     39.58
   6  A/T      -0.55     -0.75      3.35      3.53      4.61     27.57
   7  T/T      -0.77     -0.23      3.52      1.40     -1.90     38.71
   8  T/T      -0.79     -0.06      3.40     11.08     -2.49     37.15
   9  T/G      -0.30      1.16      3.41      2.01      8.84     31.95
  10  G/C      -1.54      0.85      3.73      2.20    -15.47     38.39
  11  C/G      -0.61      0.77      3.51      3.12      9.71     37.26
          ~~~~~~~~~~~~~~~~~~~~~~~~~~~~~~~~~~~~~~~~~~~~~~~~~~~~~~~~~~~~
      ave.     -0.67      0.31      3.48      4.89      1.50     35.30
      s.d.      0.38      0.58      0.12      5.21      7.37      5.37
****************************************************************************
Strand I base helical parameters
    step       X-disp    Y-disp   h-Rise     Incl.       Tip   h-Twist
   1  C/G      -0.69      1.05      3.18      8.93    -11.74     34.21
   2  G/C       0.84     -1.22      3.47     -6.61     -4.59     43.68
   3  C/A       1.07      2.87      2.40      7.84    -34.58     30.92
   4  A/A       0.24     -1.08      3.57      2.62      1.44     36.27
   5  A/A      -0.91     -0.88      3.43     10.45     -4.91     40.39
   6  A/T      -2.63      0.17      3.09      9.44     -7.23     28.18
   7  T/T      -0.09     -0.46      3.50     -2.80     -2.07     38.78
   8  T/T       0.23      0.79      3.03     -3.73    -16.58     38.84
   9  T/G       0.38     -0.91      3.58     15.44     -3.51     33.22
  10  G/C       3.05      0.64      3.06    -21.92     -3.11     41.45
  11  C/G      -0.20     -0.44      3.53     14.58     -4.69     38.63
          ~~~~~~~~~~~~~~~~~~~~~~~~~~~~~~~~~~~~~~~~~~~~~~~~~~~~~~~~~~~~
      ave.      0.12      0.05      3.26      3.11     -8.32     36.78
      s.d.      1.40      1.23      0.35     11.12      9.97      4.71
****************************************************************************
Strand II base step parameters
    step       Shift     Slide      Rise      Tilt      Roll     Twist
   1  G/C       0.41      0.66      3.58     -4.17      3.71     36.95
   2  C/G       1.46      0.59      3.41     -1.35     -6.27     39.73
   3  G/T       0.43      0.71      3.47     -5.71      7.55     29.94
   4  T/T       0.79     -0.28      3.41     -5.28      3.63     34.88
   5  T/T       0.79     -0.29      3.40     -7.80      4.29     36.67
   6  T/A       0.29     -0.97      3.45     -2.74     -2.02     28.00
   7  A/A       0.19     -0.02      3.39     -1.21      2.78     41.65
   8  A/A       0.67      0.16      3.49     -2.31     -1.95     38.07
   9  A/C       1.34      1.06      3.36    -15.27     -6.65     27.74
  10  C/G       0.07      0.36      3.72     -1.31     -3.46     44.60
  11  G/C       1.86      0.45      3.71      0.88    -24.23     34.83
          ~~~~~~~~~~~~~~~~~~~~~~~~~~~~~~~~~~~~~~~~~~~~~~~~~~~~~~~~~~~~
      ave.      0.75      0.22      3.49     -4.21     -2.06     35.73
      s.d.      0.57      0.58      0.13      4.43      8.68      5.44
****************************************************************************
Strand II base helical parameters
    step       X-disp    Y-disp   h-Rise     Incl.       Tip   h-Twist
   1  G/C       0.48      0.54      3.56      5.70      6.41     37.37
   2  C/G       1.62     -0.48      3.23     -8.97      1.93     40.25
   3  G/T      -0.24     -0.16      3.40     14.00     10.58     31.40
   4  T/T      -1.03     -0.30      3.21      5.90      8.57     35.47
   5  T/T      -1.03     -0.47      3.11      6.58     11.95     37.74
   6  T/A      -1.48      0.52      3.47     -4.11      5.58     28.20
   7  A/A      -0.34      1.40      3.38      3.82      1.66     41.76
   8  A/A       0.52      0.47      3.43     -2.92      3.48     38.19
   9  A/C       2.97     -3.04      2.03    -12.36     28.41     32.36
  10  C/G       0.85      1.58      3.68     -4.44      1.68     44.76
  11  G/C       3.45     -0.66      2.83    -34.82     -1.27     42.43
          ~~~~~~~~~~~~~~~~~~~~~~~~~~~~~~~~~~~~~~~~~~~~~~~~~~~~~~~~~~~~
      ave.      0.52     -0.06      3.21     -2.87      7.18     37.26
      s.d.      1.61      1.24      0.46     13.12      8.15      5.07
