Reference frame: Origins (Ox, Oy, Oz) followed by the direction cosines of the
                 X- (Xx, Yx, Zx), Y- (Yx, Yx, Yx), and Z- (Zx, Zx, Zx) axes
*****************************************************************************************
Local base-pair reference frames
                Ox      Oy      Oz     Xx    Xy    Xz   Yx    Yy    Yz    Zx    Zy    Zz
   1 G-C      -2.31   13.90   -0.37  0.69  0.06 -0.73  0.72  0.06  0.69  0.08 -1.00 -0.00
   2 G-C      -2.92   11.03   -0.43  0.97  0.06 -0.23  0.23  0.05  0.97  0.07 -1.00  0.03
   3 C-G      -2.63    7.50   -0.37  0.86  0.01  0.50 -0.50  0.02  0.86  0.00 -1.00  0.02
   4 A-T      -1.59    4.90   -0.61  0.51  0.10  0.86 -0.85 -0.12  0.52  0.15 -0.99  0.03
   5 A-T      -0.80    2.05   -0.60 -0.04 -0.00  1.00 -1.00 -0.05 -0.04  0.05 -1.00  0.00
   6 A-T       0.80   -1.25    0.18 -0.65  0.01  0.76 -0.75 -0.12 -0.64  0.09 -0.99  0.09
   7 A-T       1.36   -4.55   -0.26 -0.97 -0.16  0.19 -0.17 -0.11 -0.98  0.18 -0.98  0.08
   8 C-G       1.78   -8.37    1.02 -0.90 -0.17 -0.39  0.38  0.08 -0.92  0.19 -0.98 -0.01
   9 G-C       2.01  -11.78    1.04 -0.41 -0.01 -0.91  0.91  0.08 -0.41  0.08 -1.00 -0.03
  10 G-C       2.65  -15.05    1.25  0.27  0.10 -0.96  0.95  0.14  0.28  0.16 -0.99 -0.05
*****************************************************************************************
Local middle reference frames
                Ox      Oy      Oz     Xx    Xy    Xz   Yx    Yy    Yz    Zx    Zy    Zz
   1 GG/CC    -2.61   12.46   -0.40  0.86  0.06 -0.50  0.50  0.05  0.87  0.08 -1.00  0.02
   2 GC/GC    -2.77    9.26   -0.40  0.99  0.04  0.15 -0.15  0.02  0.99  0.04 -1.00  0.03
   3 CA/TG    -2.11    6.20   -0.49  0.71  0.07  0.70 -0.70 -0.04  0.71  0.08 -1.00  0.02
   4 AA/TT    -1.19    3.47   -0.60  0.24  0.04  0.97 -0.96 -0.10  0.25  0.10 -0.99  0.01
   5 AA/TT    -0.00    0.40   -0.21 -0.37  0.01  0.93 -0.93 -0.08 -0.37  0.07 -1.00  0.04
   6 AA/TT     1.08   -2.90   -0.04 -0.86 -0.07  0.50 -0.49 -0.14 -0.86  0.13 -0.99  0.08
   7 AC/GT     1.57   -6.46    0.38 -0.98 -0.18 -0.11  0.11 -0.02 -0.99  0.18 -0.98  0.04
   8 CG/CG     1.89  -10.08    1.03 -0.71 -0.08 -0.70  0.69  0.11 -0.71  0.13 -0.99 -0.02
   9 GG/CC     2.33  -13.42    1.15 -0.07  0.03 -1.00  0.99  0.12 -0.07  0.12 -0.99 -0.04
*****************************************************************************************
Local middle helical reference frames
                Ox      Oy      Oz     Xx    Xy    Xz   Yx    Yy    Yz    Zx    Zy    Zz
   1 GG/CC    -2.55   12.47   -1.55  0.87  0.02 -0.50  0.50  0.00  0.87  0.02 -1.00 -0.01
   2 GC/GC    -3.12    9.24   -0.26  0.99  0.04  0.15 -0.14 -0.07  0.99  0.05 -1.00 -0.06
   3 CA/TG    -0.22    6.81    1.06  0.70  0.26  0.67 -0.72  0.17  0.68  0.06 -0.95  0.30
   4 AA/TT    -1.90    3.28    0.00  0.26 -0.11  0.96 -0.96 -0.17  0.24  0.14 -0.98 -0.15
   5 AA/TT    -0.66    0.68    2.33 -0.37  0.11  0.92 -0.93  0.01 -0.37 -0.05 -0.99  0.10
   6 AA/TT     2.60   -2.66    0.09 -0.87 -0.02  0.49 -0.48 -0.24 -0.84  0.14 -0.97  0.20
   7 AC/GT    -0.06   -7.10   -0.98 -0.94 -0.33 -0.10  0.11 -0.02 -0.99  0.33 -0.94  0.05
   8 CG/CG     1.20  -10.13    0.64 -0.72 -0.00 -0.69  0.67  0.22 -0.70  0.16 -0.98 -0.16
   9 GG/CC     2.36  -13.40    1.33 -0.06 -0.08 -1.00  0.99  0.15 -0.07  0.15 -0.99  0.07
*****************************************************************************************
Local strand I base reference frames
                Ox      Oy      Oz     Xx    Xy    Xz   Yx    Yy    Yz    Zx    Zy    Zz
   1 G        -2.19   13.87   -0.46  0.71 -0.04 -0.70  0.70  0.15  0.70  0.07 -0.99  0.14
   2 G        -3.03   10.78   -0.42  0.97  0.04 -0.24  0.24 -0.00  0.97  0.04 -1.00 -0.01
   3 C        -2.27    7.22   -0.27  0.86 -0.03  0.51 -0.51  0.07  0.86 -0.06 -1.00  0.04
   4 A        -1.67    4.81   -0.81  0.48  0.00  0.87 -0.86 -0.20  0.48  0.17 -0.98 -0.09
   5 A        -0.83    1.78   -0.63 -0.07 -0.03  1.00 -0.98 -0.21 -0.08  0.21 -0.98 -0.02
   6 A         0.66   -1.19    0.28 -0.66 -0.07  0.74 -0.71 -0.26 -0.66  0.24 -0.96  0.12
   7 A         1.03   -4.58   -0.24 -0.94 -0.30  0.18 -0.11 -0.25 -0.96  0.33 -0.92  0.20
   8 C         1.98   -8.57    1.08 -0.88 -0.21 -0.42  0.39  0.18 -0.90  0.26 -0.96 -0.07
   9 G         2.08  -11.64    1.56 -0.38 -0.14 -0.91  0.88  0.25 -0.40  0.29 -0.96  0.03
  10 G         2.59  -15.13    1.39  0.27  0.03 -0.96  0.90  0.35  0.26  0.35 -0.94  0.07
*****************************************************************************************
Local strand II base reference frames
                Ox      Oy      Oz     Xx    Xy    Xz   Yx    Yy    Yz    Zx    Zy    Zz
   1 C        -2.42   13.93   -0.28  0.66  0.17 -0.73  0.75 -0.02  0.66  0.09 -0.99 -0.14
   2 C        -2.82   11.27   -0.45  0.97  0.08 -0.22  0.21  0.10  0.97  0.10 -0.99  0.08
   3 G        -2.99    7.78   -0.47  0.87  0.05  0.50 -0.50 -0.03  0.87  0.06 -1.00 -0.00
   4 T        -1.50    4.98   -0.42  0.53  0.19  0.83 -0.84 -0.03  0.54  0.12 -0.98  0.14
   5 T        -0.77    2.31   -0.57 -0.01  0.02  1.00 -0.99  0.10 -0.01 -0.10 -0.99  0.02
   6 T         0.94   -1.31    0.07 -0.62  0.08  0.78 -0.78  0.02 -0.63 -0.07 -1.00  0.05
   7 T         1.69   -4.51   -0.28 -0.98 -0.02  0.22 -0.22  0.04 -0.98  0.01 -1.00 -0.04
   8 G         1.58   -8.18    0.96 -0.92 -0.12 -0.36  0.37 -0.01 -0.93  0.11 -0.99  0.05
   9 C         1.94  -11.92    0.53 -0.42  0.13 -0.90  0.90 -0.08 -0.43 -0.13 -0.99 -0.08
  10 C         2.72  -14.97    1.11  0.28  0.16 -0.95  0.96 -0.08  0.28 -0.03 -0.98 -0.17
****************************************************************************
Local strand I base step parameters
    step       Shift     Slide      Rise      Tilt      Roll     Twist
   1  G/G      -0.81     -0.62      3.04      8.48      2.41     30.79
   2  G/C       0.81     -0.02      3.55     -3.84     -5.10     44.93
   3  C/A      -0.02     -0.65      2.45     14.91      3.86     30.21
   4  A/A       0.39     -0.17      3.12      1.12      4.67     32.94
   5  A/A       0.37     -1.01      3.27      4.99      6.56     37.08
   6  A/A       0.04      1.24      3.22      6.84     -2.69     38.87
   7  A/C       0.16     -1.08      4.17    -15.07      6.54     35.50
   8  C/G       0.14     -0.91      2.97      3.04     -4.93     40.95
   9  G/G       0.37     -0.59      3.46     -3.46     -2.54     39.27
          ~~~~~~~~~~~~~~~~~~~~~~~~~~~~~~~~~~~~~~~~~~~~~~~~~~~~~~~~~~~~
      ave.      0.16     -0.42      3.25      1.89      0.97     36.73
      s.d.      0.44      0.72      0.47      8.64      4.79      4.87
****************************************************************************
Local strand I base helical parameters
    step       X-disp    Y-disp   h-Rise     Incl.       Tip   h-Twist
   1  G/G      -1.52      2.83      2.67      4.42    -15.57     32.00
   2  G/C       0.47     -1.41      3.46     -6.63      4.99     45.36
   3  C/A      -1.58      1.82      2.11      6.87    -26.54     33.83
   4  A/A      -1.04     -0.50      3.08      8.18     -1.96     33.27
   5  A/A      -2.37      0.06      3.08     10.15     -7.73     37.96
   6  A/A       2.14      0.73      3.10     -3.99    -10.17     39.53
   7  A/C      -2.60     -2.50      3.57     10.09     23.24     39.00
   8  C/G      -0.80      0.10      3.06     -7.01     -4.32     41.34
   9  G/G      -0.56     -0.98      3.44     -3.77      5.13     39.49
          ~~~~~~~~~~~~~~~~~~~~~~~~~~~~~~~~~~~~~~~~~~~~~~~~~~~~~~~~~~~~
      ave.     -0.87      0.02      3.06      2.03     -3.66     37.98
      s.d.      1.46      1.63      0.45      7.29     14.16      4.28
****************************************************************************
Local strand II base step parameters
    step       Shift     Slide      Rise      Tilt      Roll     Twist
   1  C/C      -0.52     -0.41      2.61    -10.84     -5.83     34.96
   2  C/G      -0.47     -0.08      3.46      4.14     -3.07     42.63
   3  G/T       0.78     -0.95      2.92     -3.57      8.52     27.09
   4  T/T      -0.16     -0.78      2.66    -10.67    -10.53     33.04
   5  T/T      -0.18     -2.07      3.48      2.61      0.68     38.07
   6  T/T      -0.90     -0.14      3.18     -2.01     -6.34     38.79
   7  T/G       0.23     -1.24      3.67      4.90     -5.96     33.79
   8  G/C      -0.04      0.55      3.74      3.57     15.19     43.20
   9  C/C      -1.04      0.94      2.88     -6.11      4.55     41.20
          ~~~~~~~~~~~~~~~~~~~~~~~~~~~~~~~~~~~~~~~~~~~~~~~~~~~~~~~~~~~~
      ave.     -0.26     -0.46      3.18     -2.00     -0.31     36.97
      s.d.      0.56      0.92      0.43      6.23      8.32      5.25
****************************************************************************
Local strand II base helical parameters
    step       X-disp    Y-disp   h-Rise     Incl.       Tip   h-Twist
   1  C/C       0.01     -0.39      2.68     -9.35     17.39     36.99
   2  C/G       0.21      1.08      3.40     -4.21     -5.67     42.92
   3  G/T      -3.53     -2.25      2.40     17.55      7.37     28.59
   4  T/T       0.01     -1.04      2.70    -17.45     17.67     36.19
   5  T/T      -3.25      0.63      3.42      1.04     -3.99     38.16
   6  T/T       0.53      1.11      3.20     -9.46      3.00     39.34
   7  T/G      -1.02      0.49      3.82    -10.09     -8.30     34.63
   8  G/C      -0.85      0.42      3.71     19.88     -4.68     45.80
   9  C/C       0.88      0.87      3.08      6.41      8.59     41.86
          ~~~~~~~~~~~~~~~~~~~~~~~~~~~~~~~~~~~~~~~~~~~~~~~~~~~~~~~~~~~~
      ave.     -0.78      0.10      3.16     -0.63      3.49     38.28
      s.d.      1.60      1.13      0.49     12.96      9.88      5.07
****************************************************************************
xyz coordinates of C1' atoms

    bp        xI       yI       zI       xII      yII      zII
   1 G-C    -0.119   14.753    5.069   -8.106   13.836   -2.207
   2 G-C    -4.100   10.767    5.444   -6.299   10.454   -5.239
   3 C-G    -7.100    7.625    3.204   -2.425    7.705   -6.364
   4 A-T    -7.519    3.887   -0.360    1.729    4.556   -5.348
   5 A-T    -5.828    0.490   -3.481    4.660    1.810   -2.911
   6 A-T    -1.416   -2.498   -5.057    6.684   -1.487    1.463
   7 A-T     2.752   -5.257   -5.825    5.272   -4.729    4.450
   8 C-G     6.248   -7.002   -2.783    1.872   -8.088    6.881
   9 G-C     7.817  -10.034    1.622   -1.856  -11.673    5.081
  10 G-C     6.880  -13.449    5.151   -3.202  -15.278    1.794
****************************************************************************
xyz coordinates of RN9/YN1 atoms

    bp        xI       yI       zI       xII      yII      zII
   1 G-C     0.067   14.602    3.627   -6.645   13.828   -2.358
   2 G-C    -3.172   10.711    4.311   -5.017   10.728   -4.580
   3 C-G    -5.660    7.551    2.971   -1.849    7.865   -5.045
   4 A-T    -6.165    3.924    0.214    1.588    4.864   -3.921
   5 A-T    -5.123    0.885   -2.263    3.721    1.820   -1.780
   6 A-T    -1.654   -2.272   -3.629    5.256   -1.507    1.888
   7 A-T     1.763   -5.318   -4.778    3.918   -4.656    3.846
   8 C-G     4.893   -7.504   -2.470    1.111   -7.990    5.647
   9 G-C     6.572  -10.322    0.903   -1.604  -11.717    3.628
  10 G-C     6.326  -13.573    3.821   -1.996  -14.829    1.064
****************************************************************************
xyz coordinates of RC8/YC6 atoms

    bp        xI       yI       zI       xII      yII      zII
   1 G-C     1.281   14.605    2.989   -6.197   14.025   -3.635
   2 G-C    -1.802   10.762    4.386   -3.914   10.776   -5.383
   3 C-G    -4.866    7.549    4.084   -0.510    7.945   -4.779
   4 A-T    -5.862    3.846    1.553    2.743    5.113   -3.204
   5 A-T    -5.613    0.765   -0.991    4.287    1.777   -0.526
   6 A-T    -2.825   -2.476   -2.930    4.913   -1.427    3.233
   7 A-T     0.511   -5.808   -4.961    2.807   -4.707    4.675
   8 C-G     3.991   -7.679   -3.486   -0.248   -8.135    5.573
   9 G-C     6.429  -10.402   -0.464   -2.625  -11.508    2.728
  10 G-C     7.058  -13.396    2.682   -2.149  -14.586   -0.270
****************************************************************************
xyz coordinates of O1P atoms w.r.t. the middle frame of each dimer

    step       xI      yI      zI     xII     yII     zII
   1 GG/CC   -4.13    9.74   -0.86   -3.80   10.64    0.27
   2 GC/GC   -3.33   10.17    0.17   -4.09   10.05   -0.95
   3 CA/TG   -4.36    9.87   -0.17   -4.44    9.96    0.23
   4 AA/TT   -4.90    9.76    0.54   -4.54    9.94   -1.68
   5 AA/TT   -4.33    9.32    2.28   -4.81    9.52   -0.26
   6 AA/TT   -3.35   10.13    0.07   -4.52    9.84   -1.76
   7 AC/GT   -4.45    9.77    0.44   -4.87    9.35   -1.30
   8 CG/CG   -4.91    9.29   -1.88   -3.31    9.74    0.51
   9 GG/CC   -3.85    9.97   -1.37   -3.71    9.97    0.57
****************************************************************************
xyz coordinates of O1P atoms w.r.t. the middle helix frame of each dimer

    step      xIH     yIH     zIH     xIIH    yIIH    zIIH
   1 GG/CC   -4.80   10.66   -1.19   -4.43    9.67   -0.38
   2 GC/GC   -3.00    9.96   -0.74   -3.77   10.12   -1.83
   3 CA/TG   -6.96    9.97    1.08   -6.63    9.41    3.13
   4 AA/TT   -5.24    8.95    0.47   -4.61   10.60   -3.10
   5 AA/TT   -7.18    9.41    2.73   -7.39    9.15    1.09
   6 AA/TT   -2.05   10.96   -1.21   -3.38    8.72   -2.54
   7 AC/GT   -6.20    8.58    1.09   -6.49   10.54   -2.02
   8 CG/CG   -5.56    9.67   -1.19   -3.98    9.40    1.87
   9 GG/CC   -3.78    9.98   -0.68   -3.58    9.97    0.40
****************************************************************************
xyz coordinates of O2P atoms w.r.t. the middle frame of each dimer

    step       xI      yI      zI     xII     yII     zII
   1 GG/CC   -2.05    9.29    0.57   -1.45   10.08    1.14
   2 GC/GC   -1.24    9.18    1.29   -2.27    9.63    0.82
   3 CA/TG   -2.15    9.52    1.08   -2.20    9.36    1.33
   4 AA/TT   -2.63    9.43    1.69   -2.49    9.96   -0.13
   5 AA/TT   -1.97    8.59    2.97   -2.44    9.39    0.68
   6 AA/TT   -1.44    9.31    1.57   -2.30    9.33   -0.57
   7 AC/GT   -2.48    8.95    1.87   -2.96    9.33    0.41
   8 CG/CG   -3.11    9.27   -0.06   -1.41    8.77    1.94
   9 GG/CC   -1.81    9.12   -0.06   -1.58    9.36    1.86
****************************************************************************
xyz coordinates of O2P atoms w.r.t. the middle helix frame of each dimer

    step      xIH     yIH     zIH     xIIH    yIIH    zIIH
   1 GG/CC   -2.67   10.27    0.19   -2.11    9.15    0.60
   2 GC/GC   -0.92    9.07    0.47   -1.95    9.86   -0.03
   3 CA/TG   -5.01    9.33    2.63   -4.24    8.64    3.64
   4 AA/TT   -2.84    8.69    1.31   -2.81   10.76   -1.27
   5 AA/TT   -4.89    8.61    3.57   -4.93    8.95    1.78
   6 AA/TT   -0.24   10.32    0.48   -1.10    8.33   -1.43
   7 AC/GT   -4.04    7.77    2.21   -4.85   10.52   -0.04
   8 CG/CG   -3.91    9.44    0.76   -1.99    8.29    3.02
   9 GG/CC   -1.62    9.10    0.37   -1.61    9.33    1.90
****************************************************************************
xyz coordinates of P atoms w.r.t. the middle frame of each dimer

    step       xI      yI      zI     xII     yII     zII
   1 GG/CC   -3.06    8.82   -0.42   -2.70    9.67    0.45
   2 GC/GC   -2.41    9.03    0.38   -3.19    9.12   -0.24
   3 CA/TG   -3.19    9.02    0.16   -3.28    9.05    0.36
   4 AA/TT   -3.74    8.90    0.85   -3.42    9.22   -1.03
   5 AA/TT   -3.15    8.44    2.09   -3.50    8.84   -0.20
   6 AA/TT   -2.55    9.01    0.63   -3.45    8.89   -1.40
   7 AC/GT   -3.42    8.75    0.74   -3.64    8.72   -0.76
   8 CG/CG   -3.83    8.58   -1.16   -2.47    8.59    0.91
   9 GG/CC   -2.90    8.88   -1.04   -2.64    8.99    0.89
****************************************************************************
xyz coordinates of P atoms w.r.t. the middle helix frame of each dimer

    step      xIH     yIH     zIH     xIIH    yIIH    zIIH
   1 GG/CC   -3.71    9.76   -0.74   -3.33    8.71   -0.11
   2 GC/GC   -2.08    8.84   -0.43   -2.86    9.25   -1.03
   3 CA/TG   -5.86    9.04    1.44   -5.49    8.51    2.85
   4 AA/TT   -4.05    8.11    0.69   -3.60    9.95   -2.23
   5 AA/TT   -5.98    8.55    2.57   -6.08    8.47    0.96
   6 AA/TT   -1.29    9.92   -0.48   -2.29    7.80   -2.14
   7 AC/GT   -5.14    7.56    1.24   -5.35    9.91   -1.30
   8 CG/CG   -4.53    8.88   -0.47   -3.12    8.21    2.07
   9 GG/CC   -2.81    8.88   -0.49   -2.56    8.99    0.81
****************************************************************************
xyz coordinates of P atoms

    bp        xI       yI       zI       xII      yII      zII
   1 G-C     ----     ----     ----    -9.788   12.248   -7.431
   2 G-C    -0.910   13.157    8.763   -4.571    8.722   -9.881
   3 C-G    -6.473    8.965    8.184    1.893    6.667   -9.238
   4 A-T   -10.688    5.480    3.681    6.977    3.194   -6.166
   5 A-T   -10.598    1.631   -2.030    9.492    0.878   -0.226
   6 A-T    -6.515   -2.430   -6.131    8.591   -2.795    5.988
   7 A-T    -1.063   -4.590   -9.022    4.293   -6.399    9.464
   8 C-G     6.012   -6.699   -7.919   -2.410   -9.896    8.913
   9 G-C    10.389   -7.696   -2.406   -6.480  -13.731    4.447
  10 G-C    11.207  -11.376    3.462    ----     ----     ---- 
*******************************************************************************************
Phosphorus-phosphorus distance in Angstroms

            1      2      3      4      5      6      7      8      9     10
            C      C      G      T      T      T      T      G      C      C   
   1 G    ----   ----   ----   ----   ----   ----   ----   ----   ----   ----
   2 G    18.5   19.5   19.3   19.6   18.4   18.8   20.2   23.1   27.8   ----
   3 C    16.3   18.2   19.5   20.5   19.8   19.2   18.8   19.3   23.0   ----
   4 A    13.0   15.2   18.1   20.4   21.1   21.1   20.0   18.2   19.7   ----
   5 A    11.9   12.2   15.3   18.1   20.2   21.3   20.5   17.9   17.2   ----
   6 A    15.1   11.9   12.8   14.6   17.4   19.4   19.4   17.3   15.5   ----
   7 A    19.0   13.8   11.6   11.5   14.8   17.9   19.3   18.8   17.2   ----
   8 C    24.7   18.8   14.0   10.1   11.3   14.7   17.5   19.1   18.9   ----
   9 G    28.8   23.4   18.0   12.0    8.9    9.9   13.4   17.2   19.2   ----
  10 G    33.4   28.8   23.9   18.0   12.9    9.3   10.4   14.7   17.9   ----
****************************************************************************
Strand I helix radius

    step          P        O4'       C1'
   1  G/G      12.44      9.58      9.16
   2  G/C       7.96      4.92      4.47
   3  C/A      11.85      8.70      8.25
   4  A/A       9.48      6.65      5.96
   5  A/A      10.00      7.92      7.23
   6  A/A       9.69      6.48      6.05
   7  A/C       7.77      6.24      5.40
   8  C/G       9.77      6.91      6.36
   9  G/G       8.58      6.10      5.37
****************************************************************************
Strand II helix radius

    step          P        O4'       C1'
   1  C/C      10.21      6.67      6.15
   2  C/G       8.57      5.40      4.88
   3  G/T      12.77     10.28      9.61
   4  T/T      10.16      6.76      6.41
   5  T/T      10.21      8.06      7.42
   6  T/T       8.26      5.05      4.62
   7  T/G       9.40      6.33      5.99
   8  G/C       8.49      6.51      5.65
   9  C/C       8.52      5.47      4.81
****************************************************************************************
Base-pair helix axis

               Ox      Oy      Oz     Xx    Xy    Xz   Yx    Yy    Yz    Zx    Zy    Zz
   1 GG/CC   -2.59   13.90   -1.54  0.69  0.02 -0.73  0.73  0.01  0.69  0.02 -1.00 -0.01
             -2.52   11.04   -1.56  0.97  0.02 -0.23  0.23 -0.00  0.97  0.02 -1.00 -0.01
   2 GC/GC   -3.21   10.99   -0.15  0.97  0.06 -0.23  0.24 -0.05  0.97  0.05 -1.00 -0.06
             -3.03    7.48   -0.37  0.86  0.01  0.50 -0.50 -0.08  0.86  0.05 -1.00 -0.06
   3 CA/TG   -0.29    7.98    0.69  0.86  0.20  0.47 -0.51  0.23  0.83  0.06 -0.95  0.30
             -0.15    5.63    1.44  0.49  0.29  0.82 -0.87  0.10  0.48  0.06 -0.95  0.30
   4 AA/TT   -2.10    4.70    0.22  0.53 -0.05  0.85 -0.84 -0.20  0.51  0.14 -0.98 -0.15
             -1.69    1.86   -0.21 -0.03 -0.15  0.99 -0.99 -0.13 -0.05  0.14 -0.98 -0.15
   5 AA/TT   -0.57    2.30    2.17 -0.04  0.10  0.99 -1.00  0.05 -0.05 -0.05 -0.99  0.10
             -0.74   -0.95    2.48 -0.65  0.11  0.75 -0.76 -0.02 -0.65 -0.05 -0.99  0.10
   6 AA/TT    2.39   -1.11   -0.23 -0.66  0.07  0.75 -0.74 -0.24 -0.63  0.14 -0.97  0.20
              2.82   -4.20    0.42 -0.98 -0.10  0.18 -0.15 -0.22 -0.96  0.14 -0.97  0.20
   7 AC/GT   -0.68   -5.29   -1.08 -0.93 -0.31  0.20 -0.17 -0.11 -0.98  0.33 -0.94  0.05
              0.56   -8.90   -0.88 -0.86 -0.32 -0.39  0.38  0.08 -0.92  0.33 -0.94  0.05
   8 CG/CG    0.94   -8.49    0.90 -0.92 -0.08 -0.39  0.36  0.20 -0.91  0.16 -0.98 -0.16
              1.46  -11.77    0.38 -0.42  0.08 -0.90  0.89  0.21 -0.40  0.16 -0.98 -0.16
   9 GG/CC    2.10  -11.76    1.21 -0.40 -0.13 -0.91  0.90  0.11 -0.41  0.15 -0.99  0.07
              2.61  -15.04    1.44  0.29 -0.02 -0.96  0.94  0.17  0.28  0.15 -0.99  0.07
****************************************************************************************
Strand I helix axis

               Ox      Oy      Oz     Xx    Xy    Xz   Yx    Yy    Yz    Zx    Zy    Zz
   1  G/G    -3.13   13.57   -3.52  0.66  0.22 -0.72  0.68  0.22  0.69  0.32 -0.95 -0.00
             -2.29   11.04   -3.53  0.92  0.31 -0.24  0.23  0.07  0.97  0.32 -0.95 -0.00
   2  G/C    -3.14   10.63    1.06  0.97 -0.05 -0.25  0.24 -0.12  0.96 -0.07 -0.99 -0.10
             -3.39    7.20    0.70  0.85 -0.12  0.51 -0.52 -0.05  0.85 -0.07 -0.99 -0.10
   3  C/A    -0.03    7.55   -1.13  0.81  0.42  0.42 -0.52  0.18  0.83  0.27 -0.89  0.36
              0.54    5.66   -0.36  0.38  0.45  0.81 -0.88 -0.08  0.46  0.27 -0.89  0.36
   4  A/A    -1.62    4.82    0.35  0.48  0.04  0.88 -0.87 -0.05  0.48  0.07 -1.00  0.01
             -1.41    1.75    0.37 -0.08  0.00  1.00 -0.99 -0.07 -0.08  0.07 -1.00  0.01
   5  A/A    -0.99    2.02    1.73 -0.09  0.10  0.99 -1.00 -0.03 -0.09  0.02 -0.99  0.10
             -0.92   -1.04    2.05 -0.68  0.06  0.73 -0.73 -0.09 -0.68  0.02 -0.99  0.10
   6  A/A     2.67   -1.16   -0.76 -0.70  0.10  0.71 -0.69 -0.33 -0.64  0.17 -0.94  0.30
              3.19   -4.07    0.16 -0.98 -0.13  0.14 -0.09 -0.31 -0.95  0.17 -0.94  0.30
   7  A/C    -1.36   -6.51   -2.13 -0.73 -0.65  0.21 -0.19 -0.10 -0.98  0.65 -0.76 -0.05
              0.96   -9.21   -2.31 -0.69 -0.56 -0.45  0.31  0.33 -0.89  0.65 -0.76 -0.05
   8  C/G     1.22   -8.68    0.84 -0.90 -0.14 -0.42  0.42  0.06 -0.91  0.15 -0.99  0.01
              1.67  -11.71    0.86 -0.40 -0.07 -0.92  0.91  0.13 -0.40  0.15 -0.99  0.01
   9  G/G     2.76  -11.58    0.65 -0.36 -0.22 -0.91  0.90  0.19 -0.40  0.26 -0.96  0.14
              3.66  -14.88    1.12  0.30 -0.05 -0.95  0.92  0.29  0.27  0.26 -0.96  0.14
****************************************************************************************
Strand II helix axis

               Ox      Oy      Oz     Xx    Xy    Xz   Yx    Yy    Yz    Zx    Zy    Zz
   1  C/C    -2.14   13.86   -0.02  0.64 -0.13 -0.76  0.74 -0.18  0.65 -0.23 -0.97 -0.02
             -2.75   11.25   -0.07  0.95 -0.22 -0.21  0.20 -0.07  0.98 -0.23 -0.97 -0.02
   2  C/G    -3.26   11.21   -1.45  0.96  0.18 -0.23  0.22  0.02  0.97  0.18 -0.98 -0.02
             -2.64    7.86   -1.51  0.85  0.15  0.50 -0.49 -0.11  0.87  0.18 -0.98 -0.02
   3  G/T    -1.03    8.12    3.22  0.86 -0.08  0.51 -0.47  0.27  0.84 -0.20 -0.96  0.20
             -1.51    5.82    3.69  0.53  0.06  0.85 -0.83  0.27  0.49 -0.20 -0.96  0.20
   4  T/T    -2.33    4.65    0.11  0.58 -0.11  0.81 -0.79 -0.32  0.52  0.20 -0.94 -0.28
             -1.78    2.11   -0.64  0.00 -0.28  0.96 -0.98 -0.20 -0.05  0.20 -0.94 -0.28
   5  T/T    -0.16    2.53    2.68 -0.00  0.09  1.00 -0.99  0.12 -0.01 -0.12 -0.99  0.09
             -0.58   -0.86    2.98 -0.62  0.15  0.77 -0.78  0.04 -0.63 -0.12 -0.99  0.09
   6  T/T     2.12   -1.16    0.34 -0.62  0.03  0.78 -0.78 -0.14 -0.61  0.10 -0.99  0.11
              2.43   -4.33    0.68 -0.97 -0.07  0.22 -0.21 -0.13 -0.97  0.10 -0.99  0.11
   7  T/G     0.81   -4.31    0.41 -0.97  0.13  0.21 -0.22 -0.14 -0.97 -0.09 -0.98  0.16
              0.45   -8.06    1.02 -0.93  0.03 -0.38  0.37 -0.18 -0.91 -0.09 -0.98  0.16
   8  G/C     0.65   -8.35    1.03 -0.93 -0.04 -0.35  0.32  0.33 -0.89  0.15 -0.94 -0.30
              1.20  -11.85   -0.07 -0.42  0.21 -0.88  0.89  0.26 -0.37  0.15 -0.94 -0.30
   9  C/C     1.52  -11.93    1.69 -0.43 -0.02 -0.90  0.90  0.03 -0.43  0.04 -1.00  0.00
              1.63  -15.01    1.71  0.28  0.01 -0.96  0.96  0.04  0.28  0.04 -1.00  0.00
