  10 # base-pairs
   1 # ***local base-pair & helical parameters***
#        Shear    Stretch   Stagger   Buckle   Prop-Tw   Opening     X-disp    Y-disp    h-Rise    Incl.     Tip     h-Twist
G-C      0.286     0.032     0.078    -9.990   -12.205     2.811     0.000     0.000     0.000     0.000     0.000     0.000
G-C     -0.243    -0.046     0.479     5.851    -2.408    -1.355    -0.655     1.007     2.859    -2.900     2.122    33.077
C-G      0.718    -0.200     0.567    -5.613    -4.688     0.922     0.350    -0.206     3.526    -5.467    -0.200    43.861
A-T     -0.434    -0.035     0.136     9.349   -10.180     4.869    -2.603     0.205     2.465    12.535   -11.197    30.070
A-T     -0.057     0.092     0.526    17.966    -2.870     3.745    -0.441    -0.890     2.901    -4.703     8.704    33.988
A-T      0.336     0.057    -0.127    16.448    -8.150     4.222    -2.766     0.350     3.268     5.692    -5.688    38.180
A-T      0.660     0.086    -0.039    17.530   -16.160     3.427     1.340     0.953     3.184    -6.516    -3.459    39.503
C-G     -0.349     0.010     0.455   -10.112    -5.698     3.785    -1.959    -1.242     3.820    -0.041     9.005    34.459
G-C     -0.996    -0.273    -0.296   -19.235   -15.750     1.190    -0.828     0.221     3.357     7.023    -4.805    43.004
G-C     -0.315    -0.069     0.119   -24.810    -7.025    -2.124     0.194    -0.019     3.336     1.532     6.927    40.931
