  10 # base-pairs
   0 # ***local base-pair & step parameters***
#        Shear    Stretch   Stagger   Buckle   Prop-Tw   Opening     Shift     Slide     Rise      Tilt      Roll      Twist
G-C      0.286     0.032     0.078    -9.990   -12.205     2.811     0.000     0.000     0.000     0.000     0.000     0.000
G-C     -0.243    -0.046     0.479     5.851    -2.408    -1.355    -0.674    -0.510     2.815    -1.207    -1.650    33.015
C-G      0.718    -0.200     0.567    -5.613    -4.688     0.922     0.166    -0.051     3.535     0.149    -4.078    43.680
A-T     -0.434    -0.035     0.136     9.349   -10.180     4.869     0.382    -0.803     2.668     5.731     6.417    28.840
A-T     -0.057     0.092     0.526    17.966    -2.870     3.745     0.096    -0.487     2.916    -5.065    -2.737    33.512
A-T      0.336     0.057    -0.127    16.448    -8.150     4.222     0.086    -1.494     3.430     3.710     3.713    37.831
A-T      0.660     0.086    -0.039    17.530   -16.160     3.427    -0.459     0.558     3.294     2.332    -4.393    39.201
C-G     -0.349     0.010     0.455   -10.112    -5.698     3.785     0.156    -1.163     3.886    -5.315    -0.024    34.059
G-C     -0.996    -0.273    -0.296   -19.235   -15.750     1.190     0.103    -0.220     3.407     3.511     5.132    42.574
G-C     -0.315    -0.069     0.119   -24.810    -7.025    -2.124    -0.364     0.219     3.312    -4.833     1.069    40.643
