****************************************************************************
CEHS base-pair parameters
     bp        Shear    Stretch   Stagger    Buckle  Propeller  Opening
    1 G-C       0.29      0.03      0.08     -9.97    -12.24      2.79
    2 G-C      -0.24     -0.05      0.48      5.85     -2.41     -1.35
    3 C-G       0.72     -0.20      0.57     -5.61     -4.69      0.92
    4 A-T      -0.43     -0.03      0.14      9.34    -10.21      4.84
    5 A-T      -0.06      0.09      0.53     17.97     -2.89      3.71
    6 A-T       0.34      0.06     -0.13     16.44     -8.21      4.18
    7 A-T       0.66      0.08     -0.04     17.47    -16.29      3.37
    8 C-G      -0.35      0.01      0.45    -10.11     -5.72      3.77
    9 G-C      -0.99     -0.28     -0.30    -19.17    -15.90      1.17
   10 G-C      -0.31     -0.07      0.12    -24.80     -7.14     -2.09
          ~~~~~~~~~~~~~~~~~~~~~~~~~~~~~~~~~~~~~~~~~~~~~~~~~~~~~~~~~~~~
      ave.     -0.04     -0.04      0.19     -0.26     -8.57      2.13
      s.d.      0.54      0.12      0.30     15.76      5.00      2.38
****************************************************************************
CEHS base-pair step parameters
    step       Shift     Slide      Rise      Tilt      Roll     Twist
   1 GG/CC     -0.68     -0.51      2.81     -1.07     -1.73     33.31
   2 GC/GC      0.17     -0.05      3.53      0.11     -4.09     43.59
   3 CA/TG      0.38     -0.81      2.67      5.57      6.24     29.11
   4 AA/TT      0.10     -0.49      2.92     -4.84     -2.84     33.42
   5 AA/TT      0.09     -1.50      3.43      3.72      3.63     38.01
   6 AA/TT     -0.45      0.55      3.30      2.31     -4.52     39.51
   7 AC/GT      0.15     -1.18      3.88     -5.16      0.11     33.31
   8 CG/CG      0.10     -0.22      3.41      3.44      5.06     42.04
   9 GG/CC     -0.37      0.22      3.31     -4.68      0.86     40.92
          ~~~~~~~~~~~~~~~~~~~~~~~~~~~~~~~~~~~~~~~~~~~~~~~~~~~~~~~~~~~~
      ave.     -0.06     -0.44      3.25     -0.07      0.30     37.02
      s.d.      0.35      0.65      0.38      4.11      3.97      4.92
****************************************************************************
CompDNA base-pair parameters
     bp        Shear    Stretch   Stagger    Buckle  Propeller  Opening
    1 G-C       0.29      0.03      0.08     -9.91    -12.24      2.81
    2 G-C      -0.24     -0.05      0.48      5.85     -2.41     -1.36
    3 C-G       0.72     -0.20      0.57     -5.61     -4.69      0.92
    4 A-T      -0.43     -0.03      0.14      9.30    -10.20      4.87
    5 A-T      -0.06      0.09      0.53     17.96     -2.89      3.79
    6 A-T       0.34      0.06     -0.13     16.39     -8.21      4.25
    7 A-T       0.66      0.08     -0.04     17.29    -16.29      3.43
    8 C-G      -0.35      0.01      0.45    -10.10     -5.71      3.80
    9 G-C      -0.99     -0.28     -0.30    -18.99    -15.90      1.20
   10 G-C      -0.31     -0.07      0.12    -24.75     -7.14     -2.17
          ~~~~~~~~~~~~~~~~~~~~~~~~~~~~~~~~~~~~~~~~~~~~~~~~~~~~~~~~~~~~
      ave.     -0.04     -0.04      0.19     -0.26     -8.57      2.15
      s.d.      0.54      0.12      0.30     15.69      5.00      2.42
****************************************************************************
CompDNA base-pair step parameters
    step       Shift     Slide      Rise      Tilt      Roll     Twist
   1 GG/CC     -0.67     -0.51      2.82     -1.20     -1.65     33.31
   2 GC/GC      0.17     -0.05      3.53      0.15     -4.08     43.57
   3 CA/TG      0.38     -0.80      2.67      5.73      6.41     29.10
   4 AA/TT      0.10     -0.49      2.92     -5.07     -2.72     33.44
   5 AA/TT      0.08     -1.49      3.43      3.72      3.70     38.01
   6 AA/TT     -0.45      0.56      3.29      2.29     -4.41     39.51
   7 AC/GT      0.15     -1.16      3.89     -5.31     -0.00     33.35
   8 CG/CG      0.10     -0.22      3.41      3.47      5.16     42.01
   9 GG/CC     -0.37      0.22      3.31     -4.84      1.02     40.96
          ~~~~~~~~~~~~~~~~~~~~~~~~~~~~~~~~~~~~~~~~~~~~~~~~~~~~~~~~~~~~
      ave.     -0.06     -0.44      3.25     -0.12      0.38     37.03
      s.d.      0.35      0.65      0.39      4.22      3.99      4.92
****************************************************************************
Curves base-pair parameters (by Xiang-Jun Lu)
     bp        Shear    Stretch   Stagger    Buckle  Propeller  Opening
    1 G-C       0.29      0.03      0.08    -10.08    -12.14      2.81
    2 G-C      -0.24     -0.05      0.48      5.85     -2.40     -1.35
    3 C-G       0.72     -0.20      0.57     -5.62     -4.68      0.92
    4 A-T      -0.43     -0.04      0.14      9.41    -10.13      4.87
    5 A-T      -0.06      0.09      0.53     17.98     -2.82      3.74
    6 A-T       0.34      0.06     -0.13     16.52     -8.04      4.22
    7 A-T       0.66      0.09     -0.04     17.82    -15.91      3.43
    8 C-G      -0.35      0.01      0.46    -10.13     -5.67      3.79
    9 G-C      -1.00     -0.26     -0.30    -19.54    -15.45      1.19
   10 G-C      -0.31     -0.07      0.12    -24.89     -6.81     -2.12
          ~~~~~~~~~~~~~~~~~~~~~~~~~~~~~~~~~~~~~~~~~~~~~~~~~~~~~~~~~~~~
      ave.     -0.04     -0.03      0.19     -0.27     -8.41      2.15
      s.d.      0.54      0.12      0.30     15.89      4.88      2.40
****************************************************************************
Curves base-pair step parameters
    step       Shift     Slide      Rise      Tilt      Roll     Twist
   1 GG/CC     -0.68     -0.51      2.82     -1.21     -1.65     32.72
   2 GC/GC      0.17     -0.05      3.54      0.15     -4.08     43.77
   3 CA/TG      0.38     -0.80      2.68      5.74      6.41     28.57
   4 AA/TT      0.10     -0.49      2.92     -5.06     -2.75     33.61
   5 AA/TT      0.09     -1.49      3.43      3.70      3.72     37.65
   6 AA/TT     -0.46      0.55      3.30      2.37     -4.37     38.87
   7 AC/GT      0.16     -1.16      3.89     -5.31     -0.05     34.81
   8 CG/CG      0.10     -0.22      3.41      3.55      5.10     43.11
   9 GG/CC     -0.36      0.22      3.32     -4.82      1.11     40.36
          ~~~~~~~~~~~~~~~~~~~~~~~~~~~~~~~~~~~~~~~~~~~~~~~~~~~~~~~~~~~~
      ave.     -0.06     -0.44      3.26     -0.10      0.38     37.05
      s.d.      0.35      0.65      0.38      4.23      3.98      5.05
****************************************************************************
FreeHelix base-pair parameters (by Xiang-Jun Lu)
     bp        Shear    Stretch   Stagger    Buckle  Propeller  Opening
    1 G-C       0.29      0.03      0.08     -9.97    -12.28      2.81
    2 G-C      -0.24     -0.05      0.48      5.85     -2.41     -1.36
    3 C-G       0.72     -0.20      0.57     -5.61     -4.70      0.92
    4 A-T      -0.43     -0.03      0.14      9.34    -10.24      4.87
    5 A-T      -0.06      0.09      0.53     17.96     -2.93      3.79
    6 A-T       0.34      0.06     -0.13     16.43     -8.29      4.25
    7 A-T       0.66      0.08     -0.04     17.47    -16.48      3.43
    8 C-G      -0.35      0.01      0.45    -10.11     -5.74      3.80
    9 G-C      -0.99     -0.28     -0.30    -19.17    -16.12      1.20
   10 G-C      -0.31     -0.07      0.12    -24.79     -7.31     -2.17
          ~~~~~~~~~~~~~~~~~~~~~~~~~~~~~~~~~~~~~~~~~~~~~~~~~~~~~~~~~~~~
      ave.     -0.04     -0.04      0.19     -0.26     -8.65      2.15
      s.d.      0.54      0.12      0.30     15.76      5.06      2.42
****************************************************************************
FreeHelix base-pair step parameters
    step       Shift     Slide      Rise      Tilt      Roll     Twist
   1 GG/CC     -0.67     -0.51      2.82     -1.20     -1.65     33.31
   2 GC/GC      0.17     -0.05      3.53      0.15     -4.08     43.57
   3 CA/TG      0.38     -0.80      2.67      5.74      6.42     29.10
   4 AA/TT      0.10     -0.49      2.92     -5.07     -2.73     33.44
   5 AA/TT      0.08     -1.49      3.43      3.72      3.70     38.01
   6 AA/TT     -0.45      0.56      3.29      2.30     -4.41     39.51
   7 AC/GT      0.15     -1.16      3.89     -5.31     -0.00     33.34
   8 CG/CG      0.10     -0.22      3.41      3.47      5.16     42.01
   9 GG/CC     -0.37      0.22      3.31     -4.84      1.03     40.96
          ~~~~~~~~~~~~~~~~~~~~~~~~~~~~~~~~~~~~~~~~~~~~~~~~~~~~~~~~~~~~
      ave.     -0.06     -0.44      3.25     -0.12      0.38     37.03
      s.d.      0.35      0.65      0.39      4.23      3.99      4.92
****************************************************************************
NGEOM base-pair parameters
     bp        Shear    Stretch   Stagger    Buckle  Propeller  Opening
    1 G-C       0.29      0.03      0.08     -9.99    -12.21      2.81
    2 G-C      -0.24     -0.05      0.48      5.85     -2.41     -1.35
    3 C-G       0.72     -0.20      0.57     -5.61     -4.69      0.92
    4 A-T      -0.43     -0.04      0.14      9.35    -10.18      4.87
    5 A-T      -0.06      0.09      0.53     17.97     -2.87      3.74
    6 A-T       0.34      0.06     -0.13     16.45     -8.15      4.22
    7 A-T       0.66      0.09     -0.04     17.53    -16.16      3.43
    8 C-G      -0.35      0.01      0.45    -10.11     -5.70      3.79
    9 G-C      -1.00     -0.27     -0.30    -19.24    -15.75      1.19
   10 G-C      -0.31     -0.07      0.12    -24.81     -7.03     -2.12
          ~~~~~~~~~~~~~~~~~~~~~~~~~~~~~~~~~~~~~~~~~~~~~~~~~~~~~~~~~~~~
      ave.     -0.04     -0.03      0.19     -0.26     -8.51      2.15
      s.d.      0.54      0.12      0.30     15.78      4.96      2.40
****************************************************************************
NGEOM base-pair step parameters
    step       Shift     Slide      Rise      Tilt      Roll     Twist
   1 GG/CC     -0.68     -0.52      2.81     -1.21     -1.65     33.02
   2 GC/GC      0.17     -0.08      3.53      0.15     -4.08     43.68
   3 CA/TG      0.40     -0.78      2.67      5.73      6.42     28.84
   4 AA/TT      0.08     -0.50      2.92     -5.06     -2.74     33.51
   5 AA/TT      0.10     -1.48      3.44      3.71      3.71     37.83
   6 AA/TT     -0.45      0.54      3.30      2.33     -4.39     39.20
   7 AC/GT      0.13     -1.16      3.89     -5.31     -0.02     34.06
   8 CG/CG      0.12     -0.19      3.41      3.51      5.13     42.57
   9 GG/CC     -0.39      0.22      3.31     -4.83      1.07     40.64
          ~~~~~~~~~~~~~~~~~~~~~~~~~~~~~~~~~~~~~~~~~~~~~~~~~~~~~~~~~~~~
      ave.     -0.06     -0.44      3.25     -0.11      0.38     37.04
      s.d.      0.36      0.64      0.39      4.23      3.99      4.97
****************************************************************************
NUPARM base-pair parameters
     bp        Shear    Stretch   Stagger    Buckle  Propeller  Opening
    1 G-C       0.29      0.03      0.08     -9.97    -12.19      2.78
    2 G-C      -0.24     -0.05      0.48      5.85     -2.41     -1.35
    3 C-G       0.72     -0.20      0.57     -5.61     -4.69      0.92
    4 A-T      -0.43     -0.03      0.14      9.34    -10.18      4.83
    5 A-T      -0.05      0.09      0.53     17.97     -2.86      3.70
    6 A-T       0.34      0.06     -0.13     16.45     -8.13      4.17
    7 A-T       0.66      0.08     -0.04     17.48    -16.10      3.35
    8 C-G      -0.35      0.01      0.45    -10.11     -5.69      3.77
    9 G-C      -1.00     -0.28     -0.30    -19.17    -15.68      1.16
   10 G-C      -0.31     -0.07      0.12    -24.80     -6.97     -2.07
          ~~~~~~~~~~~~~~~~~~~~~~~~~~~~~~~~~~~~~~~~~~~~~~~~~~~~~~~~~~~~
      ave.     -0.04     -0.04      0.19     -0.26     -8.49      2.13
      s.d.      0.54      0.12      0.30     15.76      4.94      2.37
****************************************************************************
NUPARM base-pair step parameters
    step       Shift     Slide      Rise      Tilt      Roll     Twist
   1 GG/CC     -0.69     -0.53      2.81     -1.14     -1.85     33.30
   2 GC/GC      0.17     -0.10      3.53      0.11     -4.41     43.56
   3 CA/TG      0.42     -0.77      2.67      5.77      6.35     29.03
   4 AA/TT      0.07     -0.51      2.91     -4.98     -3.04     33.39
   5 AA/TT      0.15     -1.46      3.44      4.03      3.86     37.96
   6 AA/TT     -0.42      0.50      3.31      2.54     -4.74     39.46
   7 AC/GT      0.11     -1.18      3.88     -5.39      0.27     33.27
   8 CG/CG      0.13     -0.17      3.41      3.65      5.33     41.98
   9 GG/CC     -0.41      0.23      3.31     -4.96      0.85     40.89
          ~~~~~~~~~~~~~~~~~~~~~~~~~~~~~~~~~~~~~~~~~~~~~~~~~~~~~~~~~~~~
      ave.     -0.05     -0.44      3.25     -0.04      0.29     36.98
      s.d.      0.36      0.64      0.39      4.32      4.16      4.93
****************************************************************************
NUPARM base-pair helical parameters
    step       X-disp    Y-disp   h-Rise     Incl.       Tip   h-Twist
   1 GG/CC     -0.64      1.03      2.86     -3.15      1.91     33.37
   2 GC/GC      0.35     -0.21      3.53     -5.47     -0.13     43.77
   3 CA/TG     -2.67      0.11      2.48     12.05    -10.73     30.26
   4 AA/TT     -0.45     -0.88      2.90     -4.93      8.18     33.88
   5 AA/TT     -2.78      0.31      3.27      5.58     -5.78     38.35
   6 AA/TT      1.34      0.95      3.19     -6.73     -3.63     39.83
   7 AC/GT     -2.12     -1.28      3.80      0.51      8.91     33.70
   8 CG/CG     -0.83      0.23      3.36      6.79     -4.78     42.45
   9 GG/CC      0.23     -0.00      3.33      1.03      6.62     41.18
          ~~~~~~~~~~~~~~~~~~~~~~~~~~~~~~~~~~~~~~~~~~~~~~~~~~~~~~~~~~~~
      ave.     -0.84      0.03      3.19      0.63      0.06     37.42
      s.d.      1.43      0.76      0.39      6.42      6.88      4.75
****************************************************************************
RNA base-pair parameters
     bp        Shear    Stretch   Stagger    Buckle  Propeller  Opening
    1 G-C       0.30      0.02      0.07     -9.99    -12.21      2.79
    2 G-C      -0.25     -0.05      0.48      5.85     -2.41     -1.35
    3 C-G       0.72     -0.20      0.57     -5.61     -4.69      0.92
    4 A-T      -0.45     -0.05      0.13      9.35    -10.18      4.85
    5 A-T      -0.06      0.05      0.52     17.97     -2.87      3.71
    6 A-T       0.32      0.02     -0.13     16.45     -8.15      4.19
    7 A-T       0.62      0.04     -0.05     17.53    -16.16      3.38
    8 C-G      -0.34     -0.01      0.45    -10.11     -5.70      3.77
    9 G-C      -0.95     -0.32     -0.30    -19.24    -15.75      1.17
   10 G-C      -0.29     -0.15      0.12    -24.81     -7.03     -2.09
          ~~~~~~~~~~~~~~~~~~~~~~~~~~~~~~~~~~~~~~~~~~~~~~~~~~~~~~~~~~~~
      ave.     -0.04     -0.07      0.19     -0.26     -8.51      2.13
      s.d.      0.52      0.12      0.30     15.78      4.96      2.38
****************************************************************************
RNA base-pair step parameters
    step       Shift     Slide      Rise      Tilt      Roll     Twist
   1 GG/CC     -0.62     -0.53      3.06     -1.17     -1.74     33.01
   2 GC/GC      0.13     -0.07      3.35      0.13     -4.19     43.66
   3 CA/TG      0.35     -0.81      2.91      5.72      6.35     28.79
   4 AA/TT      0.09     -0.52      3.05     -4.98     -2.86     33.49
   5 AA/TT      0.12     -1.54      3.42      3.83      3.74     37.80
   6 AA/TT     -0.45      0.48      3.31      2.43     -4.53     39.16
   7 AC/GT      0.13     -1.20      3.45     -5.31      0.13     34.04
   8 CG/CG      0.14     -0.21      3.27      3.55      5.19     42.54
   9 GG/CC     -0.34      0.20      3.22     -4.84      0.93     40.62
          ~~~~~~~~~~~~~~~~~~~~~~~~~~~~~~~~~~~~~~~~~~~~~~~~~~~~~~~~~~~~
      ave.     -0.05     -0.47      3.23     -0.07      0.34     37.01
      s.d.      0.33      0.65      0.18      4.24      4.04      4.97
****************************************************************************
RNA base-pair helical parameters
    step       X-disp    Y-disp   h-Rise     Incl.       Tip   h-Twist
   1 GG/CC     -0.64      0.89      3.10     -3.01      2.02     33.08
   2 GC/GC      0.33     -0.16      3.35     -5.48     -0.16     43.86
   3 CA/TG     -2.73      0.38      2.68     12.28    -11.06     30.03
   4 AA/TT     -0.45     -0.92      3.03     -4.85      8.44     33.98
   5 AA/TT     -2.85      0.32      3.24      5.64     -5.76     38.17
   6 AA/TT      1.26      0.96      3.20     -6.59     -3.54     39.50
   7 AC/GT     -2.04     -1.11      3.39      0.22      8.86     34.45
   8 CG/CG     -0.82      0.18      3.22      6.94     -4.75     43.00
   9 GG/CC      0.18     -0.06      3.24      1.31      6.80     40.92
          ~~~~~~~~~~~~~~~~~~~~~~~~~~~~~~~~~~~~~~~~~~~~~~~~~~~~~~~~~~~~
      ave.     -0.86      0.05      3.16      0.72      0.09     37.44
      s.d.      1.42      0.71      0.21      6.46      6.99      4.80
****************************************************************************
Strand I base step parameters
    step       Shift     Slide      Rise      Tilt      Roll     Twist
   1  G/G      -1.73     -0.61      3.31      8.58      2.43     30.73
   2  G/C      -0.60     -0.05      3.44     -3.94     -5.23     44.88
   3  C/A      -0.92     -0.64      2.92     15.08      3.90     30.03
   4  A/A      -0.63     -0.15      3.16      1.14      4.73     32.92
   5  A/A      -0.75     -0.98      3.44      5.08      6.67     37.02
   6  A/A      -1.13      1.23      3.44      6.97     -2.74     38.81
   7  A/C      -1.02     -1.04      3.70    -15.31      6.65     35.25
   8  C/G      -1.11     -0.94      3.06      3.11     -5.04     40.91
   9  G/G      -0.86     -0.61      3.35     -3.53     -2.59     39.25
          ~~~~~~~~~~~~~~~~~~~~~~~~~~~~~~~~~~~~~~~~~~~~~~~~~~~~~~~~~~~~
      ave.     -0.97     -0.42      3.31      1.91      0.98     36.65
      s.d.      0.34      0.71      0.24      8.77      4.88      4.90
****************************************************************************
Strand I base helical parameters
    step       X-disp    Y-disp   h-Rise     Incl.       Tip   h-Twist
   1  G/G      -1.53      2.82      2.67      4.42    -15.57     32.00
   2  G/C       0.46     -1.43      3.46     -6.63      4.99     45.36
   3  C/A      -1.63      1.81      2.11      6.87    -26.54     33.83
   4  A/A      -1.04     -0.52      3.08      8.18     -1.96     33.27
   5  A/A      -2.39      0.03      3.08     10.15     -7.73     37.96
   6  A/A       2.15      0.72      3.10     -3.99    -10.17     39.53
   7  A/C      -2.53     -2.53      3.57     10.09     23.24     39.00
   8  C/G      -0.80      0.09      3.06     -7.01     -4.32     41.34
   9  G/G      -0.57     -0.99      3.44     -3.77      5.13     39.49
          ~~~~~~~~~~~~~~~~~~~~~~~~~~~~~~~~~~~~~~~~~~~~~~~~~~~~~~~~~~~~
      ave.     -0.88      0.00      3.06      2.03     -3.66     37.98
      s.d.      1.46      1.64      0.45      7.29     14.16      4.28
****************************************************************************
Strand II base step parameters
    step       Shift     Slide      Rise      Tilt      Roll     Twist
   1  C/C       0.52     -0.43      2.94    -11.01     -5.92     34.82
   2  C/G       0.86     -0.10      3.33      4.24     -3.15     42.60
   3  G/T       1.61     -0.92      3.04     -3.61      8.60     27.03
   4  T/T       0.83     -0.82      2.98    -10.82    -10.68     32.85
   5  T/T       1.01     -2.06      3.40      2.65      0.69     38.06
   6  T/T       0.29     -0.17      3.23     -2.05     -6.46     38.75
   7  T/G       1.30     -1.27      3.50      4.98     -6.05     33.74
   8  G/C       1.30      0.64      3.62      3.66     15.56     42.92
   9  C/C       0.20      0.96      3.06     -6.24      4.65     41.13
          ~~~~~~~~~~~~~~~~~~~~~~~~~~~~~~~~~~~~~~~~~~~~~~~~~~~~~~~~~~~~
      ave.      0.88     -0.46      3.23     -2.02     -0.31     36.88
      s.d.      0.48      0.94      0.24      6.33      8.47      5.24
****************************************************************************
Strand II base helical parameters
    step       X-disp    Y-disp   h-Rise     Incl.       Tip   h-Twist
   1  C/C       0.05     -0.36      2.68     -9.35     17.39     36.99
   2  C/G       0.20      1.08      3.40     -4.21     -5.67     42.92
   3  G/T      -3.57     -2.17      2.40     17.55      7.37     28.59
   4  T/T       0.10     -0.95      2.70    -17.45     17.67     36.19
   5  T/T      -3.25      0.63      3.42      1.04     -3.99     38.16
   6  T/T       0.54      1.13      3.20     -9.46      3.00     39.34
   7  T/G      -1.04      0.52      3.82    -10.09     -8.30     34.63
   8  G/C      -0.83      0.53      3.71     19.88     -4.68     45.80
   9  C/C       0.86      0.89      3.08      6.41      8.59     41.86
          ~~~~~~~~~~~~~~~~~~~~~~~~~~~~~~~~~~~~~~~~~~~~~~~~~~~~~~~~~~~~
      ave.     -0.77      0.14      3.16     -0.63      3.49     38.28
      s.d.      1.61      1.10      0.49     12.96      9.88      5.07
