Local base-pair parameters
     bp        Shear    Stretch   Stagger    Buckle  Propeller  Opening
    1 G-C       0.28      0.05      0.09     -2.81    -13.79      3.68
    2 G-C       0.39     -0.06      0.57      1.62     -3.42      1.39
    3 C-G       0.75     -0.20      0.56     -7.95     -4.32      0.93
    4 A-T      -0.38     -0.03      0.24      8.03    -10.42      4.83
    5 A-T      -0.04      0.07      0.66     17.79     -1.84      3.59
    6 A-T       0.24      0.05     -0.19     16.81     -8.09      4.38
    7 A-T       0.81      0.07     -0.12     18.98    -17.67      5.61
    8 C-G       0.44     -0.09      0.20    -12.10    -19.48      3.81
    9 G-C      -0.01      0.01     -0.27    -17.01    -11.27     -1.43
   10 G-C       0.52      0.01      0.24    -25.44     -6.99      1.91
