Local base-pair helical parameters
    step       X-disp    Y-disp   h-Rise     Incl.       Tip   h-Twist
   1 GG/CC     -0.28      0.47      3.01     -2.11      8.72     38.62
   2 GC/GC      0.22      0.06      3.43     -4.73     -1.66     40.61
   3 CA/TG     -2.55      0.16      2.41     12.11    -11.17     29.93
   4 AA/TT     -0.38     -0.92      2.87     -5.95      9.30     34.26
   5 AA/TT     -2.82      0.41      3.28      5.05     -7.34     37.76
   6 AA/TT      1.29      0.84      3.18     -5.82     -4.35     40.23
   7 AC/GT     -1.28     -0.38      3.95     -2.60      5.44     38.66
   8 CG/CG     -0.32      0.60      3.53     11.33     -5.10     43.13
   9 GG/CC      0.90     -0.43      3.37     -0.29      8.40     40.01
