Local base-pair step parameters
    step       Shift     Slide      Rise      Tilt      Roll     Twist
   1 GG/CC     -0.74     -0.29      2.93     -5.75     -1.39     38.18
   2 GC/GC      0.05     -0.11      3.43      1.15     -3.28     40.47
   3 CA/TG      0.39     -0.80      2.59      5.69      6.17     28.75
   4 AA/TT      0.10     -0.51      2.88     -5.45     -3.49     33.66
   5 AA/TT      0.14     -1.54      3.43      4.73      3.26     37.33
   6 AA/TT     -0.35      0.58      3.28      2.98     -3.99     39.93
   7 AC/GT     -0.10     -1.02      3.92     -3.60     -1.72     38.46
   8 CG/CG     -0.15      0.42      3.53      3.72      8.27     42.21
   9 GG/CC     -0.17      0.60      3.38     -5.73     -0.19     39.62
