Reference frame: Origins (Ox, Oy, Oz) followed by the direction cosines of the
                 X- (Xx, Yx, Zx), Y- (Yx, Yx, Yx), and Z- (Zx, Zx, Zx) axes
*****************************************************************************************
Local base-pair reference frames
                Ox      Oy      Oz     Xx    Xy    Xz   Yx    Yy    Yz    Zx    Zy    Zz
   1 G-C      -2.39   15.13   -2.16  0.68 -0.19 -0.71  0.73  0.21  0.65  0.03 -0.96  0.28
   2 G-C      -3.11   11.71   -0.85  0.94  0.07 -0.34  0.32  0.21  0.93  0.13 -0.98  0.17
   3 C-G      -2.30    7.90   -0.58  0.91  0.09  0.40 -0.41  0.07  0.91  0.06 -0.99  0.11
   4 A-T      -1.32    5.13   -0.57  0.55  0.12  0.83 -0.82 -0.06  0.56  0.12 -0.99  0.06
   5 A-T      -0.78    2.23   -0.51 -0.05  0.04  1.00 -1.00 -0.00 -0.05  0.00 -1.00  0.04
   6 A-T       0.33   -1.26    0.23 -0.70 -0.02  0.72 -0.71 -0.12 -0.69  0.10 -0.99  0.07
   7 A-T       0.86   -4.57   -0.33 -0.97 -0.21  0.10 -0.09 -0.07 -0.99  0.22 -0.98  0.05
   8 C-G       1.75   -8.11    0.68 -0.83 -0.26 -0.50  0.48  0.17 -0.86  0.30 -0.95 -0.02
   9 G-C       2.50  -11.36    1.15 -0.29 -0.22 -0.93  0.89  0.29 -0.34  0.34 -0.93  0.11
  10 G-C       2.99  -15.43    0.94  0.13  0.19 -0.97  0.96  0.22  0.17  0.25 -0.96 -0.15
*****************************************************************************************
Local middle reference frames
                Ox      Oy      Oz     Xx    Xy    Xz   Yx    Yy    Yz    Zx    Zy    Zz
   1 GG/CC    -2.75   13.42   -1.50  0.84 -0.06 -0.54  0.54  0.23  0.81  0.08 -0.97  0.23
   2 GC/GC    -2.71    9.80   -0.72  0.99  0.10  0.03 -0.05  0.13  0.99  0.10 -0.99  0.14
   3 CA/TG    -1.81    6.51   -0.58  0.76  0.12  0.64 -0.64  0.01  0.77  0.09 -0.99  0.08
   4 AA/TT    -1.05    3.68   -0.54  0.27  0.06  0.96 -0.96 -0.05  0.27  0.06 -1.00  0.05
   5 AA/TT    -0.22    0.49   -0.14 -0.40  0.03  0.92 -0.91 -0.07 -0.40  0.05 -1.00  0.05
   6 AA/TT     0.59   -2.91   -0.05 -0.89 -0.12  0.44 -0.42 -0.12 -0.90  0.16 -0.99  0.06
   7 AC/GT     1.31   -6.34    0.17 -0.94 -0.26 -0.21  0.21  0.04 -0.98  0.26 -0.97  0.02
   8 CG/CG     2.13   -9.74    0.92 -0.59 -0.24 -0.77  0.74  0.22 -0.64  0.33 -0.94  0.05
   9 GG/CC     2.75  -13.40    1.05 -0.09 -0.00 -1.00  0.95  0.30 -0.08  0.30 -0.95 -0.02
*****************************************************************************************
Local middle helical reference frames
                Ox      Oy      Oz     Xx    Xy    Xz   Yx    Yy    Yz    Zx    Zy    Zz
   1 GG/CC    -2.27   12.20   -4.41  0.83  0.00 -0.56  0.49  0.50  0.72  0.28 -0.87  0.41
   2 GC/GC    -2.86    9.78   -0.56  0.98  0.18  0.03 -0.03  0.03  1.00  0.18 -0.98  0.04
   3 CA/TG    -0.91    6.83    0.28  0.74  0.25  0.62 -0.65  0.04  0.76  0.16 -0.97  0.19
   4 AA/TT    -1.67    3.57   -0.16  0.28 -0.09  0.96 -0.96 -0.13  0.27  0.09 -0.99 -0.12
   5 AA/TT    -0.36    0.74    1.24 -0.40  0.16  0.90 -0.91 -0.08 -0.40  0.01 -0.98  0.18
   6 AA/TT     2.27   -2.62   -0.18 -0.90 -0.07  0.43 -0.40 -0.27 -0.88  0.18 -0.96  0.22
   7 AC/GT     0.72   -6.67   -0.45 -0.90 -0.38 -0.20  0.24 -0.07 -0.97  0.35 -0.92  0.15
   8 CG/CG     1.98   -9.72    1.24 -0.61 -0.18 -0.77  0.78  0.05 -0.63  0.15 -0.98  0.11
   9 GG/CC     1.80  -13.31   -2.85 -0.15  0.11 -0.98  0.72  0.70 -0.03  0.68 -0.71 -0.18
*****************************************************************************************
Local strand I base reference frames
                Ox      Oy      Oz     Xx    Xy    Xz   Yx    Yy    Yz    Zx    Zy    Zz
   1 G        -2.36   14.43   -2.10  0.71 -0.09 -0.70  0.71  0.02  0.71 -0.05 -1.00  0.08
   2 G        -3.29   11.22   -0.74  0.93  0.07 -0.36  0.36 -0.03  0.93  0.06 -1.00 -0.05
   3 C        -2.09    7.61   -0.55  0.91  0.03  0.41 -0.41  0.02  0.91  0.02 -1.00  0.03
   4 A        -1.37    4.92   -0.64  0.53 -0.02  0.85 -0.83 -0.22  0.52  0.17 -0.98 -0.13
   5 A        -0.81    1.83   -0.49 -0.09 -0.05  1.00 -0.97 -0.20 -0.09  0.21 -0.98 -0.03
   6 A         0.07   -1.20    0.44 -0.72 -0.13  0.68 -0.64 -0.25 -0.73  0.26 -0.96  0.10
   7 A         0.54   -4.64   -0.35 -0.93 -0.37  0.04  0.02 -0.16 -0.99  0.38 -0.91  0.16
   8 C         1.95   -8.20    0.77 -0.78 -0.34 -0.53  0.47  0.24 -0.85  0.41 -0.91 -0.03
   9 G         2.42  -11.20    1.29 -0.37 -0.02 -0.93  0.88  0.31 -0.36  0.29 -0.95 -0.10
  10 G         2.80  -14.81    0.84  0.12  0.15 -0.98  0.92  0.36  0.16  0.38 -0.92 -0.10
*****************************************************************************************
Local strand II base reference frames
                Ox      Oy      Oz     Xx    Xy    Xz   Yx    Yy    Yz    Zx    Zy    Zz
   1 C        -2.43   15.82   -2.21  0.66 -0.30 -0.69  0.75  0.37  0.55  0.10 -0.88  0.47
   2 C        -2.94   12.19   -0.96  0.95  0.08 -0.31  0.25  0.42  0.87  0.20 -0.90  0.38
   3 G        -2.51    8.18   -0.62  0.90  0.16  0.39 -0.42  0.13  0.90  0.09 -0.98  0.18
   4 T        -1.27    5.34   -0.50  0.58  0.24  0.78 -0.81  0.10  0.58  0.06 -0.97  0.25
   5 T        -0.74    2.63   -0.54  0.00  0.10  0.99 -0.98  0.20 -0.02 -0.20 -0.97  0.10
   6 T         0.59   -1.31    0.02 -0.65  0.08  0.76 -0.76  0.03 -0.65 -0.07 -1.00  0.04
   7 T         1.17   -4.49   -0.32 -0.98 -0.06  0.18 -0.19  0.05 -0.98  0.05 -1.00 -0.06
   8 G         1.56   -8.03    0.59 -0.86 -0.17 -0.48  0.47  0.10 -0.88  0.19 -0.98 -0.00
   9 C         2.59  -11.53    1.02 -0.19 -0.41 -0.89  0.90  0.28 -0.32  0.38 -0.87  0.32
  10 C         3.18  -16.05    1.04  0.16  0.22 -0.96  0.98  0.08  0.18  0.11 -0.97 -0.21
****************************************************************************
Local strand I base step parameters
    step       Shift     Slide      Rise      Tilt      Roll     Twist
   1  G/G      -1.51      0.58      3.22      2.90      9.11     23.75
   2  G/C       1.06      0.21      3.65     -4.45     -2.36     45.22
   3  C/A       0.37     -0.27      2.75     12.65      1.00     34.22
   4  A/A       0.38      0.13      3.12      0.46      6.10     36.63
   5  A/A       0.67     -0.48      3.18      6.30      4.86     41.70
   6  A/A       0.15      1.38      3.28      5.73     -5.08     41.62
   7  A/C      -0.11     -0.88      3.88    -10.71      0.78     34.32
   8  C/G      -0.14     -0.92      2.93      2.99      7.68     37.44
   9  G/G       0.18     -0.84      3.56     -4.96     -0.38     30.11
          ~~~~~~~~~~~~~~~~~~~~~~~~~~~~~~~~~~~~~~~~~~~~~~~~~~~~~~~~~~~~
      ave.      0.12     -0.12      3.29      1.21      2.41     36.11
      s.d.      0.72      0.78      0.36      7.04      4.79      6.54
****************************************************************************
Local strand I base helical parameters
    step       X-disp    Y-disp   h-Rise     Incl.       Tip   h-Twist
   1  G/G      -1.27      4.24      3.03     21.08     -6.70     25.57
   2  G/C       0.50     -1.81      3.52     -3.06      5.77     45.49
   3  C/A      -0.55      0.92      2.70      1.64    -20.65     36.43
   4  A/A      -0.58     -0.54      3.11      9.62     -0.72     37.12
   5  A/A      -1.15     -0.30      3.18      6.75     -8.75     42.42
   6  A/A       2.43      0.37      3.09     -7.07     -7.98     42.29
   7  A/C      -1.55     -1.64      3.73      1.29     17.62     35.92
   8  C/G      -2.25      0.54      2.68     11.78     -4.59     38.30
   9  G/G      -1.52     -1.41      3.50     -0.72      9.47     30.51
          ~~~~~~~~~~~~~~~~~~~~~~~~~~~~~~~~~~~~~~~~~~~~~~~~~~~~~~~~~~~~
      ave.     -0.66      0.04      3.17      4.59     -1.84     37.12
      s.d.      1.39      1.86      0.36      8.63     11.38      6.18
****************************************************************************
Local strand II base step parameters
    step       Shift     Slide      Rise      Tilt      Roll     Twist
   1  C/C      -0.69     -0.93      3.69      1.09      7.94     34.52
   2  C/G      -0.23     -0.81      3.96     11.57     -7.27     41.50
   3  G/T       0.47     -1.04      2.89     -4.08      0.88     29.35
   4  T/T      -0.27     -0.84      2.62    -11.64    -12.66     34.84
   5  T/T      -0.39     -1.84      3.76      5.93     -5.92     40.40
   6  T/T      -0.69     -0.04      3.17     -1.67     -8.60     38.60
   7  T/G      -0.12     -1.01      3.53      1.75     -8.80     38.86
   8  G/C       0.16      0.06      3.67      2.77    -22.34     43.56
   9  C/C       0.28     -0.58      4.51     14.54     31.55     29.25
          ~~~~~~~~~~~~~~~~~~~~~~~~~~~~~~~~~~~~~~~~~~~~~~~~~~~~~~~~~~~~
      ave.     -0.16     -0.78      3.53      2.25     -2.80     36.76
      s.d.      0.41      0.57      0.57      7.92     15.36      5.12
****************************************************************************
Local strand II base helical parameters
    step       X-disp    Y-disp   h-Rise     Incl.       Tip   h-Twist
   1  C/C      -2.81      1.30      3.38     13.15     -1.80     35.41
   2  C/G      -0.23      1.67      3.85     -9.94    -15.83     43.60
   3  G/T      -2.19     -1.66      2.76      1.72      8.00     29.63
   4  T/T       0.07     -0.83      2.70    -19.73     18.14     38.74
   5  T/T      -1.85      1.31      3.88     -8.46     -8.47     41.22
   6  T/T       0.92      0.82      3.13    -12.82      2.49     39.54
   7  T/G      -0.35      0.40      3.66    -13.01     -2.59     39.85
   8  G/C       2.01      0.05      3.28    -27.99     -3.47     48.78
   9  C/C      -4.61      1.41      2.66     46.40    -21.38     45.12
          ~~~~~~~~~~~~~~~~~~~~~~~~~~~~~~~~~~~~~~~~~~~~~~~~~~~~~~~~~~~~
      ave.     -1.01      0.50      3.26     -3.41     -2.77     40.21
      s.d.      2.04      1.13      0.48     22.08     11.89      5.56
****************************************************************************
xyz coordinates of C1' atoms

    bp        xI       yI       zI       xII      yII      zII
   1 G-C    -0.141   14.842    3.502   -8.086   14.806   -3.805
   2 G-C    -3.603   11.048    5.214   -6.637    9.699   -4.956
   3 C-G    -6.486    7.650    3.493   -2.463    7.010   -6.448
   4 A-T    -7.175    3.982    0.081    1.679    4.122   -5.479
   5 A-T    -5.793    0.644   -3.433    4.566    1.408   -2.865
   6 A-T    -1.522   -2.242   -5.124    6.279   -1.643    1.598
   7 A-T     2.912   -4.584   -5.738    4.614   -4.776    4.499
   8 C-G     6.399   -6.021   -2.546    1.166   -8.314    6.510
   9 G-C     8.068   -9.406    1.656   -1.806  -12.220    4.992
  10 G-C     7.653  -13.670    4.026   -2.568  -17.188    2.321
****************************************************************************
xyz coordinates of RN9/YN1 atoms

    bp        xI       yI       zI       xII      yII      zII
   1 G-C    -0.034   14.654    2.042   -6.650   14.511   -3.830
   2 G-C    -2.831   11.009    3.969   -5.298   10.165   -4.512
   3 C-G    -5.083    7.655    3.085   -1.787    7.386   -5.217
   4 A-T    -5.792    3.978    0.586    1.631    4.604   -4.093
   5 A-T    -5.079    0.975   -2.198    3.657    1.608   -1.730
   6 A-T    -1.866   -2.160   -3.703    4.843   -1.523    1.982
   7 A-T     1.841   -4.874   -4.815    3.273   -4.634    3.872
   8 C-G     5.087   -6.679   -2.397    0.546   -8.250    5.192
   9 G-C     6.900   -9.774    0.864   -1.276  -12.269    3.614
  10 G-C     6.837  -13.390    2.860   -1.471  -16.685    1.462
****************************************************************************
xyz coordinates of RC8/YC6 atoms

    bp        xI       yI       zI       xII      yII      zII
   1 G-C     1.164   14.542    1.375   -6.221   13.921   -4.988
   2 G-C    -1.464   11.096    3.870   -4.236   10.035   -5.377
   3 C-G    -4.164    7.696    4.092   -0.434    7.541   -5.086
   4 A-T    -5.418    3.864    1.903    2.836    4.839   -3.453
   5 A-T    -5.582    0.838   -0.937    4.236    1.612   -0.482
   6 A-T    -3.082   -2.434   -3.115    4.453   -1.445    3.316
   7 A-T     0.653   -5.423   -5.189    2.136   -4.736    4.661
   8 C-G     4.358   -6.979   -3.521   -0.779   -8.506    4.936
   9 G-C     6.783   -9.664   -0.502   -2.005  -12.938    2.663
  10 G-C     7.373  -13.041    1.652   -1.796  -16.447    0.154
****************************************************************************
xyz coordinates of O1P atoms w.r.t. the middle frame of each dimer

    step       xI      yI      zI     xII     yII     zII
   1 GG/CC   -3.77   10.06    1.46   -4.90    9.48   -1.38
   2 GC/GC   -3.42   10.19    1.36   -3.68    9.94   -0.78
   3 CA/TG   -4.10   10.05    0.72   -4.34   10.03   -0.53
   4 AA/TT   -4.68    9.67    0.90   -4.65    9.68   -2.34
   5 AA/TT   -4.22    9.34    2.08   -5.19    9.31   -0.90
   6 AA/TT   -3.52    9.93   -0.46   -4.94    9.59   -2.15
   7 AC/GT   -4.43    9.85   -0.02   -4.98    9.21   -1.50
   8 CG/CG   -4.97    9.26   -1.14   -3.17    9.94    1.04
   9 GG/CC   -4.23   10.12   -0.39   -3.75   10.42    0.98
****************************************************************************
xyz coordinates of O1P atoms w.r.t. the middle helix frame of each dimer

    step      xIH     yIH     zIH     xIIH    yIIH    zIIH
   1 GG/CC   -5.99   11.73    3.98   -6.94    6.99    1.63
   2 GC/GC   -3.33   10.10    0.03   -3.62    9.98   -1.51
   3 CA/TG   -5.46    9.95    0.54   -5.62   10.11    0.38
   4 AA/TT   -4.74    9.04    0.85   -4.37   10.14   -3.80
   5 AA/TT   -5.79    9.80    1.40   -6.61    8.86   -0.31
   6 AA/TT   -1.87   10.36   -2.14   -3.47    8.53   -3.39
   7 AC/GT   -5.25    9.32   -0.58   -5.46    9.43   -3.16
   8 CG/CG   -4.67    9.20   -3.06   -2.98    9.67   -0.51
   9 GG/CC   -8.43    9.83    3.65   -7.26    8.28    6.01
****************************************************************************
xyz coordinates of O2P atoms w.r.t. the middle frame of each dimer

    step       xI      yI      zI     xII     yII     zII
   1 GG/CC   -1.72    9.36    2.83   -2.60   10.31   -0.62
   2 GC/GC   -1.35    9.14    2.46   -1.71    9.20    0.69
   3 CA/TG   -1.93    9.33    1.89   -2.13    9.48    0.64
   4 AA/TT   -2.54    9.13    2.21   -2.70    9.82   -0.66
   5 AA/TT   -1.96    8.47    2.91   -2.91    9.27    0.28
   6 AA/TT   -1.69    9.25    1.21   -2.82    9.17   -0.76
   7 AC/GT   -2.54    9.03    1.52   -3.20    9.14    0.36
   8 CG/CG   -2.93    9.25    0.40   -1.28    8.57    2.10
   9 GG/CC   -1.76    9.83    0.22   -1.35    9.83    1.64
****************************************************************************
xyz coordinates of O2P atoms w.r.t. the middle helix frame of each dimer

    step      xIH     yIH     zIH     xIIH    yIIH    zIIH
   1 GG/CC   -4.02   10.65    5.23   -4.59    7.60    2.46
   2 GC/GC   -1.35    9.18    1.38   -1.54    9.39   -0.13
   3 CA/TG   -3.45    9.18    1.95   -3.28    9.53    1.24
   4 AA/TT   -2.43    8.58    1.85   -2.71   10.42   -1.86
   5 AA/TT   -3.66    8.94    2.53   -4.20    8.83    0.56
   6 AA/TT   -0.13    9.95   -0.31   -1.30    8.32   -2.04
   7 AC/GT   -3.17    8.68    0.79   -3.93    9.58   -1.10
   8 CG/CG   -2.73    9.48   -1.41   -1.02    8.50    0.66
   9 GG/CC   -6.05    9.24    4.37   -4.81    7.52    6.02
****************************************************************************
xyz coordinates of P atoms w.r.t. the middle frame of each dimer

    step       xI      yI      zI     xII     yII     zII
   1 GG/CC   -2.83    9.00    1.91   -3.52    9.18   -0.93
   2 GC/GC   -2.51    9.04    1.53   -2.69    8.90   -0.39
   3 CA/TG   -3.02    9.06    0.93   -3.18    9.12   -0.35
   4 AA/TT   -3.59    8.73    1.24   -3.56    9.02   -1.58
   5 AA/TT   -3.09    8.39    1.96   -3.87    8.67   -0.69
   6 AA/TT   -2.73    8.87    0.21   -3.87    8.67   -1.68
   7 AC/GT   -3.46    8.80    0.38   -3.79    8.57   -0.88
   8 CG/CG   -3.75    8.58   -0.63   -2.36    8.70    1.09
   9 GG/CC   -3.04    9.25   -0.26   -2.62    9.46    0.97
****************************************************************************
xyz coordinates of P atoms w.r.t. the middle helix frame of each dimer

    step      xIH     yIH     zIH     xIIH    yIIH    zIIH
   1 GG/CC   -5.07   10.58    4.18   -5.53    6.60    1.90
   2 GC/GC   -2.44    8.98    0.39   -2.60    8.99   -1.10
   3 CA/TG   -4.42    8.94    0.85   -4.45    9.21    0.39
   4 AA/TT   -3.61    8.11    1.09   -3.41    9.55   -2.83
   5 AA/TT   -4.66    8.85    1.44   -5.27    8.22   -0.26
   6 AA/TT   -1.12    9.42   -1.28   -2.38    7.69   -2.82
   7 AC/GT   -4.23    8.32   -0.19   -4.36    8.87   -2.33
   8 CG/CG   -3.49    8.64   -2.36   -2.17    8.46   -0.29
   9 GG/CC   -7.24    8.96    3.53   -6.17    7.45    5.43
****************************************************************************
xyz coordinates of P atoms

    bp        xI       yI       zI       xII      yII      zII
   1 G-C     ----     ----     ----   -10.597   10.572   -6.795
   2 G-C    -0.097   13.816    7.743   -4.914    7.954   -9.570
   3 C-G    -5.493    9.246    8.355    1.674    5.719   -9.558
   4 A-T    -9.855    5.291    4.501    6.776    2.291   -6.320
   5 A-T   -10.322    1.817   -1.575    9.292    0.285   -0.199
   6 A-T    -6.560   -2.136   -6.204    7.980   -3.053    6.147
   7 A-T    -0.695   -3.889   -9.194    3.331   -6.550    9.359
   8 C-G     6.495   -5.468   -7.689   -3.226  -10.051    8.246
   9 G-C    10.469   -6.330   -1.736   -6.310  -15.295    4.466
  10 G-C    11.722  -10.362    3.317    ----     ----     ---- 
*******************************************************************************************
Phosphorus-phosphorus distance in Angstroms

            1      2      3      4      5      6      7      8      9     10
            C      C      G      T      T      T      T      G      C      C   
   1 G    ----   ----   ----   ----   ----   ----   ----   ----   ----   ----
   2 G    18.2   18.9   19.2   19.4   18.3   18.8   20.7   24.1   29.9   ----
   3 C    16.0   18.0   19.6   20.4   19.3   18.4   18.1   19.4   24.9   ----
   4 A    12.5   15.1   18.2   20.1   20.3   19.8   18.4   17.1   20.9   ----
   5 A    10.2   11.4   14.9   17.8   19.7   20.5   19.4   17.0   18.6   ----
   6 A    13.3   10.8   11.9   14.1   17.1   19.1   19.0   16.8   16.9   ----
   7 A    17.7   12.6    9.9   10.1   14.1   17.6   19.2   18.7   18.7   ----
   8 C    23.5   17.7   12.3    7.9    9.8   14.1   17.4   19.2   20.2   ----
   9 G    27.5   22.4   16.8   10.4    6.9    8.9   13.2   17.4   20.0   ----
  10 G    32.2   27.9   22.9   16.7   11.5    8.7   11.0   15.7   18.7   ----
****************************************************************************
Strand I helix radius

    step          P        O4'       C1'
   1  G/G      13.68     10.92     10.18
   2  G/C       7.69      4.60      4.12
   3  C/A      10.60      7.40      6.96
   4  A/A       9.07      6.38      5.65
   5  A/A       9.13      6.83      6.21
   6  A/A       9.22      6.01      5.66
   7  A/C       8.50      6.15      5.38
   8  C/G      10.70      8.21      7.55
   9  G/G       9.09      6.37      5.57
****************************************************************************
Strand II helix radius

    step          P        O4'       C1'
   1  C/C      10.00      7.28      6.51
   2  C/G       7.93      5.27      4.63
   3  G/T      12.00      9.00      8.44
   4  T/T       9.75      6.40      6.10
   5  T/T       9.03      6.49      5.94
   6  T/T       8.28      4.93      4.64
   7  T/G       9.01      5.87      5.60
   8  G/C       7.99      4.84      4.72
   9  C/C       7.20      7.12      6.52
****************************************************************************************
Base-pair helix axis

               Ox      Oy      Oz     Xx    Xy    Xz   Yx    Yy    Yz    Zx    Zy    Zz
   1 GG/CC   -2.73   13.64   -5.09  0.67 -0.13 -0.73  0.69  0.48  0.54  0.28 -0.87  0.41
             -1.80   10.77   -3.74  0.93  0.13 -0.36  0.26  0.48  0.84  0.28 -0.87  0.41
   2 GC/GC   -3.20   11.70   -0.63  0.93  0.15 -0.35  0.33  0.10  0.94  0.18 -0.98  0.04
             -2.51    7.86   -0.49  0.90  0.18  0.40 -0.40 -0.04  0.92  0.18 -0.98  0.04
   3 CA/TG   -1.14    8.21    0.01  0.90  0.23  0.38 -0.41  0.11  0.90  0.16 -0.97  0.19
             -0.68    5.46    0.55  0.53  0.25  0.81 -0.83 -0.03  0.56  0.16 -0.97  0.19
   4 AA/TT   -1.80    5.01    0.02  0.57 -0.05  0.82 -0.82 -0.15  0.56  0.09 -0.99 -0.12
             -1.53    2.14   -0.34 -0.04 -0.13  0.99 -0.99 -0.09 -0.05  0.09 -0.99 -0.12
   5 AA/TT   -0.37    2.50    0.92 -0.05  0.18  0.98 -1.00 -0.02 -0.05  0.01 -0.98  0.18
             -0.35   -1.02    1.56 -0.70  0.12  0.70 -0.71 -0.13 -0.69  0.01 -0.98  0.18
   6 AA/TT    1.98   -1.11   -0.52 -0.70  0.03  0.71 -0.69 -0.28 -0.67  0.18 -0.96  0.22
              2.56   -4.13    0.16 -0.98 -0.16  0.10 -0.06 -0.23 -0.97  0.18 -0.96  0.22
   7 AC/GT    0.06   -4.94   -0.74 -0.93 -0.34  0.12 -0.05 -0.19 -0.98  0.35 -0.92  0.15
              1.38   -8.40   -0.16 -0.78 -0.38 -0.49  0.52  0.05 -0.86  0.35 -0.92  0.15
   8 CG/CG    1.73   -8.07    1.06 -0.84 -0.19 -0.51  0.52 -0.01 -0.86  0.15 -0.98  0.11
              2.24  -11.37    1.43 -0.30 -0.15 -0.94  0.94  0.11 -0.32  0.15 -0.98  0.11
   9 GG/CC    0.69  -12.15   -2.55 -0.36 -0.10 -0.93  0.64  0.70 -0.32  0.68 -0.71 -0.18
              2.90  -14.47   -3.14  0.07  0.31 -0.95  0.73  0.63  0.26  0.68 -0.71 -0.18
****************************************************************************************
Strand I helix axis

               Ox      Oy      Oz     Xx    Xy    Xz   Yx    Yy    Yz    Zx    Zy    Zz
   1  G/G    -4.28   12.85   -5.75  0.69  0.03 -0.72  0.66  0.38  0.65  0.29 -0.92  0.25
             -3.40   10.05   -5.00  0.91  0.19 -0.37  0.30  0.33  0.89  0.29 -0.92  0.25
   2  G/C    -3.10   11.09    1.12  0.93 -0.03 -0.37  0.36 -0.08  0.93 -0.05 -1.00 -0.06
             -3.28    7.58    0.90  0.91 -0.07  0.40 -0.41 -0.04  0.91 -0.05 -1.00 -0.06
   3  C/A    -1.24    7.78   -1.18  0.85  0.38  0.37 -0.41  0.04  0.91  0.33 -0.93  0.19
             -0.36    5.28   -0.66  0.44  0.33  0.84 -0.84 -0.19  0.51  0.33 -0.93  0.19
   4  A/A    -1.52    4.89    0.13  0.53 -0.00  0.85 -0.85 -0.05  0.53  0.04 -1.00 -0.03
             -1.39    1.79    0.04 -0.09 -0.03  1.00 -1.00 -0.04 -0.09  0.04 -1.00 -0.03
   5  A/A    -1.23    1.93    0.62 -0.11  0.11  0.99 -0.99 -0.09 -0.10  0.08 -0.99  0.11
             -1.00   -1.22    0.98 -0.75  0.02  0.66 -0.66 -0.14 -0.74  0.08 -0.99  0.11
   6  A/A     2.13   -1.07   -0.87 -0.76  0.00  0.65 -0.61 -0.37 -0.70  0.24 -0.93  0.28
              2.87   -3.95   -0.01 -0.97 -0.25  0.01  0.06 -0.27 -0.96  0.24 -0.93  0.28
   7  A/C    -0.63   -5.86   -1.85 -0.77 -0.63  0.08  0.01 -0.14 -0.99  0.64 -0.76  0.12
              1.75   -8.70   -1.42 -0.62 -0.60 -0.52  0.46  0.26 -0.85  0.64 -0.76  0.12
   8  C/G    -0.08   -9.02    0.05 -0.81 -0.27 -0.52  0.38  0.42 -0.82  0.44 -0.87 -0.24
              1.09  -11.34   -0.59 -0.40  0.05 -0.92  0.81  0.50 -0.32  0.44 -0.87 -0.24
   9  G/G     3.19  -11.05   -0.63 -0.32 -0.18 -0.93  0.89  0.30 -0.36  0.34 -0.94  0.06
              4.37  -14.33   -0.42  0.18 -0.00 -0.98  0.92  0.34  0.16  0.34 -0.94  0.06
****************************************************************************************
Strand II helix axis

               Ox      Oy      Oz     Xx    Xy    Xz   Yx    Yy    Yz    Zx    Zy    Zz
   1  C/C    -1.52   14.32   -4.77  0.65 -0.27 -0.71  0.70  0.57  0.43  0.28 -0.78  0.56
             -0.56   11.68   -2.88  0.94  0.11 -0.33  0.20  0.62  0.76  0.28 -0.78  0.56
   2  C/G    -3.25   11.83   -2.58  0.86  0.33 -0.38  0.31  0.27  0.91  0.40 -0.91  0.13
             -1.69    8.34   -2.09  0.84  0.42  0.35 -0.37 -0.04  0.93  0.40 -0.91  0.13
   3  G/T    -1.22    8.50    1.79  0.91  0.02  0.42 -0.42  0.16  0.90 -0.05 -0.99  0.15
             -1.34    5.77    2.21  0.58  0.10  0.81 -0.81  0.13  0.57 -0.05 -0.99  0.15
   4  T/T    -1.95    5.15   -0.07  0.62 -0.08  0.78 -0.77 -0.24  0.58  0.15 -0.97 -0.21
             -1.56    2.53   -0.64 -0.01 -0.21  0.98 -0.99 -0.14 -0.04  0.15 -0.97 -0.21
   5  T/T     0.61    3.02    1.25  0.02  0.25  0.97 -1.00  0.06  0.01 -0.05 -0.97  0.25
              0.41   -0.74    2.21 -0.64  0.22  0.73 -0.77 -0.12 -0.63 -0.05 -0.97  0.25
   6  T/T     1.80   -1.18   -0.16 -0.65  0.03  0.76 -0.75 -0.20 -0.63  0.13 -0.98  0.15
              2.21   -4.25    0.31 -0.98 -0.10  0.18 -0.17 -0.17 -0.97  0.13 -0.98  0.15
   7  T/G     0.90   -4.42    0.14 -0.98 -0.01  0.18 -0.17 -0.18 -0.97  0.04 -0.98  0.17
              1.05   -8.02    0.77 -0.87 -0.12 -0.48  0.50 -0.13 -0.86  0.04 -0.98  0.17
   8  G/C     3.27   -7.79    1.61 -0.86 -0.11 -0.49  0.49 -0.38 -0.78 -0.10 -0.92  0.38
              2.94  -10.81    2.86 -0.20 -0.36 -0.91  0.97 -0.17 -0.15 -0.10 -0.92  0.38
   9  C/C     0.06  -13.40   -2.64 -0.43 -0.14 -0.89  0.39  0.86 -0.32  0.82 -0.48 -0.32
              2.23  -14.68   -3.49 -0.03  0.51 -0.86  0.58  0.71  0.40  0.82 -0.48 -0.32
