  10 # base-pairs
   1 # ***local base-pair & helical parameters***
#        Shear    Stretch   Stagger   Buckle   Prop-Tw   Opening     X-disp    Y-disp    h-Rise    Incl.     Tip     h-Twist
G-C      0.227    -0.160     1.367    21.923    11.783     4.270     0.000     0.000     0.000     0.000     0.000     0.000
G-C     -0.466    -0.103     0.942    26.847     0.333    -2.936    -2.116     2.538     3.300    16.828    -3.738    30.487
C-G      0.361    -0.150     0.598     6.514    -7.743    -0.169     0.161    -0.175     3.902    -6.392    -4.825    43.671
A-T     -0.221     0.028     0.393    17.545   -14.304     5.640    -1.331    -0.088     2.836     2.092    -7.733    32.424
A-T      0.022     0.065     0.802    23.095    -8.497     5.375    -0.219    -0.746     2.909    -4.827     9.540    37.350
A-T      0.670     0.060    -0.132    16.164   -11.076     7.571    -1.434     0.476     3.574    -0.676    -8.154    41.923
A-T      0.643     0.099     0.017    14.342   -18.220     9.266     1.693     0.674     3.148    -9.443    -2.651    41.049
C-G     -0.374    -0.003     0.276    -7.821   -10.792     3.139    -0.819    -0.516     3.748    -6.923     7.639    36.732
G-C     -0.277    -0.147    -0.336    -2.349    24.892    -1.944     0.176     0.337     3.358   -10.685    -4.031    40.513
G-C      0.377    -0.127    -1.245   -16.081    -3.403    -3.247    -4.165     0.513     3.262    27.742    -7.856    34.491
