  10 # base-pairs
   0 # ***local base-pair & step parameters***
#        Shear    Stretch   Stagger   Buckle   Prop-Tw   Opening     Shift     Slide     Rise      Tilt      Roll      Twist
G-C      0.227    -0.160     1.367    21.923    11.783     4.270     0.000     0.000     0.000     0.000     0.000     0.000
G-C     -0.466    -0.103     0.942    26.847     0.333    -2.936    -1.117    -0.133     3.556     1.938     8.725    29.177
C-G      0.361    -0.150     0.598     6.514    -7.743    -0.169     0.434    -0.283     3.871     3.579    -4.742    43.285
A-T     -0.221     0.028     0.393    17.545   -14.304     5.640     0.417    -0.644     2.830     4.305     1.164    32.124
A-T      0.022     0.065     0.802    23.095    -8.497     5.375     0.016    -0.374     2.927    -6.077    -3.075    36.745
A-T      0.670     0.060    -0.132    16.164   -11.076     7.571     0.136    -1.065     3.576     5.817    -0.482    41.533
A-T      0.643     0.099     0.017    14.342   -18.220     9.266    -0.332     0.687     3.311     1.851    -6.593    40.498
C-G     -0.374    -0.003     0.276    -7.821   -10.792     3.139    -0.146    -0.943     3.676    -4.791    -4.341    36.178
G-C     -0.277    -0.147    -0.336    -2.349    24.892    -1.944    -0.012    -0.466     3.336     2.775    -7.356    39.774
G-C      0.377    -0.127    -1.245   -16.081    -3.403    -3.247     0.186    -0.737     4.031     4.479    15.818    30.426
