****************************************************************************
CEHS base-pair parameters
     bp        Shear    Stretch   Stagger    Buckle  Propeller  Opening
    1 G-C       0.23     -0.15      1.37     21.89     11.94      4.20
    2 G-C      -0.47     -0.10      0.94     26.85      0.34     -2.88
    3 C-G       0.36     -0.15      0.60      6.51     -7.75     -0.17
    4 A-T      -0.22      0.03      0.39     17.51    -14.43      5.55
    5 A-T       0.03      0.06      0.80     23.08     -8.62      5.29
    6 A-T       0.67      0.06     -0.13     16.15    -11.17      7.49
    7 A-T       0.64      0.09      0.01     14.30    -18.37      9.10
    8 C-G      -0.37     -0.01      0.28     -7.81    -10.81      3.12
    9 G-C      -0.28     -0.14     -0.34     -2.33     24.90     -1.90
   10 G-C       0.37     -0.13     -1.25    -16.08     -3.43     -3.22
          ~~~~~~~~~~~~~~~~~~~~~~~~~~~~~~~~~~~~~~~~~~~~~~~~~~~~~~~~~~~~
      ave.      0.10     -0.04      0.27     10.01     -3.74      2.66
      s.d.      0.42      0.10      0.74     14.42     13.15      4.43
****************************************************************************
CEHS base-pair step parameters
    step       Shift     Slide      Rise      Tilt      Roll     Twist
   1 GG/CC     -1.11     -0.13      3.56      1.68      9.15     29.72
   2 GC/GC      0.43     -0.28      3.87      3.52     -4.90     43.42
   3 CA/TG      0.42     -0.65      2.83      4.03      0.83     32.56
   4 AA/TT      0.02     -0.39      2.93     -5.81     -3.25     36.64
   5 AA/TT      0.15     -1.08      3.57      5.85     -0.72     41.46
   6 AA/TT     -0.31      0.66      3.32      1.64     -7.01     40.61
   7 AC/GT     -0.15     -0.97      3.67     -4.17     -4.27     35.39
   8 CG/CG     -0.01     -0.48      3.33      2.71     -7.54     40.07
   9 GG/CC      0.19     -0.74      4.03      4.76     15.68     30.19
          ~~~~~~~~~~~~~~~~~~~~~~~~~~~~~~~~~~~~~~~~~~~~~~~~~~~~~~~~~~~~
      ave.     -0.04     -0.45      3.46      1.58     -0.23     36.67
      s.d.      0.47      0.52      0.40      3.98      7.82      5.05
****************************************************************************
CompDNA base-pair parameters
     bp        Shear    Stretch   Stagger    Buckle  Propeller  Opening
    1 G-C       0.23     -0.16      1.37     21.76     11.93      4.33
    2 G-C      -0.47     -0.10      0.94     26.85      0.34     -3.02
    3 C-G       0.36     -0.15      0.60      6.49     -7.75     -0.17
    4 A-T      -0.22      0.03      0.39     17.36    -14.42      5.66
    5 A-T       0.02      0.06      0.80     23.01     -8.61      5.47
    6 A-T       0.67      0.06     -0.13     16.06    -11.15      7.61
    7 A-T       0.64      0.09      0.02     14.10    -18.31      9.22
    8 C-G      -0.37     -0.00      0.28     -7.77    -10.81      3.13
    9 G-C      -0.28     -0.15     -0.34     -2.28     24.90     -1.90
   10 G-C       0.38     -0.13     -1.24    -16.07     -3.43     -3.28
          ~~~~~~~~~~~~~~~~~~~~~~~~~~~~~~~~~~~~~~~~~~~~~~~~~~~~~~~~~~~~
      ave.      0.10     -0.04      0.27      9.95     -3.73      2.71
      s.d.      0.42      0.10      0.74     14.37     13.14      4.52
****************************************************************************
CompDNA base-pair step parameters
    step       Shift     Slide      Rise      Tilt      Roll     Twist
   1 GG/CC     -1.12     -0.14      3.56      1.89      8.74     29.65
   2 GC/GC      0.43     -0.28      3.87      3.57     -4.75     43.40
   3 CA/TG      0.41     -0.65      2.83      4.31      1.14     32.58
   4 AA/TT      0.01     -0.37      2.93     -6.10     -3.03     36.67
   5 AA/TT      0.13     -1.07      3.58      5.81     -0.52     41.54
   6 AA/TT     -0.33      0.69      3.31      1.79     -6.61     40.62
   7 AC/GT     -0.15     -0.94      3.68     -4.80     -4.33     35.43
   8 CG/CG     -0.01     -0.47      3.34      2.77     -7.36     40.02
   9 GG/CC      0.19     -0.74      4.03      4.43     15.82     29.93
          ~~~~~~~~~~~~~~~~~~~~~~~~~~~~~~~~~~~~~~~~~~~~~~~~~~~~~~~~~~~~
      ave.     -0.05     -0.44      3.46      1.52     -0.10     36.65
      s.d.      0.47      0.52      0.40      4.16      7.72      5.11
****************************************************************************
Curves base-pair parameters (by Xiang-Jun Lu)
     bp        Shear    Stretch   Stagger    Buckle  Propeller  Opening
    1 G-C       0.23     -0.16      1.40     22.11     11.50      4.27
    2 G-C      -0.47     -0.10      0.97     26.85      0.32     -2.94
    3 C-G       0.36     -0.15      0.60      6.54     -7.73     -0.17
    4 A-T      -0.22      0.03      0.40     17.77    -14.08      5.64
    5 A-T       0.02      0.06      0.82     23.20     -8.27      5.38
    6 A-T       0.67      0.06     -0.13     16.29    -10.93      7.57
    7 A-T       0.64      0.11      0.02     14.65    -18.03      9.27
    8 C-G      -0.37     -0.00      0.28     -7.88    -10.76      3.14
    9 G-C      -0.28     -0.15     -0.34     -2.44     24.88     -1.94
   10 G-C       0.38     -0.13     -1.26    -16.09     -3.36     -3.25
          ~~~~~~~~~~~~~~~~~~~~~~~~~~~~~~~~~~~~~~~~~~~~~~~~~~~~~~~~~~~~
      ave.      0.10     -0.04      0.28     10.10     -3.64      2.70
      s.d.      0.42      0.10      0.76     14.50     12.98      4.50
****************************************************************************
Curves base-pair step parameters
    step       Shift     Slide      Rise      Tilt      Roll     Twist
   1 GG/CC     -1.12     -0.13      3.57      1.99      8.71     28.63
   2 GC/GC      0.43     -0.28      3.88      3.59     -4.74     43.16
   3 CA/TG      0.42     -0.64      2.83      4.30      1.19     31.68
   4 AA/TT      0.02     -0.37      2.93     -6.05     -3.12     36.87
   5 AA/TT      0.14     -1.06      3.58      5.82     -0.44     41.57
   6 AA/TT     -0.34      0.68      3.32      1.91     -6.58     40.31
   7 AC/GT     -0.14     -0.94      3.68     -4.78     -4.35     36.94
   8 CG/CG     -0.01     -0.47      3.34      2.78     -7.35     39.46
   9 GG/CC      0.18     -0.74      4.07      4.55     15.80     30.68
          ~~~~~~~~~~~~~~~~~~~~~~~~~~~~~~~~~~~~~~~~~~~~~~~~~~~~~~~~~~~~
      ave.     -0.05     -0.44      3.47      1.57     -0.10     36.59
      s.d.      0.47      0.52      0.41      4.16      7.71      5.15
****************************************************************************
FreeHelix base-pair parameters (by Xiang-Jun Lu)
     bp        Shear    Stretch   Stagger    Buckle  Propeller  Opening
    1 G-C       0.23     -0.16      1.37     21.88     12.15      4.33
    2 G-C      -0.47     -0.10      0.94     26.85      0.35     -3.02
    3 C-G       0.36     -0.15      0.60      6.51     -7.76     -0.17
    4 A-T      -0.22      0.03      0.39     17.50    -14.58      5.66
    5 A-T       0.02      0.06      0.80     23.07     -8.79      5.47
    6 A-T       0.67      0.06     -0.13     16.14    -11.26      7.61
    7 A-T       0.64      0.09      0.02     14.28    -18.46      9.22
    8 C-G      -0.37     -0.00      0.28     -7.81    -10.83      3.13
    9 G-C      -0.28     -0.15     -0.34     -2.33     24.90     -1.90
   10 G-C       0.38     -0.13     -1.24    -16.08     -3.46     -3.28
          ~~~~~~~~~~~~~~~~~~~~~~~~~~~~~~~~~~~~~~~~~~~~~~~~~~~~~~~~~~~~
      ave.      0.10     -0.04      0.27     10.00     -3.78      2.71
      s.d.      0.42      0.10      0.74     14.41     13.22      4.52
****************************************************************************
FreeHelix base-pair step parameters
    step       Shift     Slide      Rise      Tilt      Roll     Twist
   1 GG/CC     -1.12     -0.14      3.56      1.89      8.74     29.65
   2 GC/GC      0.43     -0.28      3.87      3.57     -4.75     43.40
   3 CA/TG      0.41     -0.65      2.83      4.31      1.14     32.59
   4 AA/TT      0.01     -0.37      2.93     -6.10     -3.03     36.67
   5 AA/TT      0.13     -1.07      3.58      5.81     -0.53     41.54
   6 AA/TT     -0.33      0.69      3.31      1.79     -6.61     40.62
   7 AC/GT     -0.15     -0.94      3.68     -4.80     -4.33     35.43
   8 CG/CG     -0.01     -0.47      3.34      2.78     -7.36     40.02
   9 GG/CC      0.19     -0.74      4.03      4.47     15.84     29.93
          ~~~~~~~~~~~~~~~~~~~~~~~~~~~~~~~~~~~~~~~~~~~~~~~~~~~~~~~~~~~~
      ave.     -0.05     -0.44      3.46      1.52     -0.10     36.65
      s.d.      0.47      0.52      0.40      4.17      7.72      5.11
****************************************************************************
NGEOM base-pair parameters
     bp        Shear    Stretch   Stagger    Buckle  Propeller  Opening
    1 G-C       0.23     -0.16      1.37     21.92     11.78      4.27
    2 G-C      -0.47     -0.10      0.94     26.85      0.33     -2.94
    3 C-G       0.36     -0.15      0.60      6.51     -7.74     -0.17
    4 A-T      -0.22      0.03      0.39     17.55    -14.30      5.64
    5 A-T       0.03      0.06      0.80     23.09     -8.50      5.38
    6 A-T       0.67      0.06     -0.13     16.16    -11.08      7.57
    7 A-T       0.64      0.10      0.01     14.34    -18.22      9.27
    8 C-G      -0.37     -0.00      0.28     -7.82    -10.79      3.14
    9 G-C      -0.28     -0.15     -0.34     -2.35     24.89     -1.94
   10 G-C       0.37     -0.13     -1.25    -16.08     -3.40     -3.25
          ~~~~~~~~~~~~~~~~~~~~~~~~~~~~~~~~~~~~~~~~~~~~~~~~~~~~~~~~~~~~
      ave.      0.10     -0.04      0.27     10.02     -3.70      2.70
      s.d.      0.42      0.10      0.74     14.43     13.08      4.50
****************************************************************************
NGEOM base-pair step parameters
    step       Shift     Slide      Rise      Tilt      Roll     Twist
   1 GG/CC     -1.11     -0.10      3.56      1.94      8.72     29.18
   2 GC/GC      0.46     -0.31      3.87      3.58     -4.74     43.28
   3 CA/TG      0.43     -0.64      2.83      4.31      1.16     32.12
   4 AA/TT     -0.01     -0.39      2.93     -6.08     -3.08     36.75
   5 AA/TT      0.17     -1.07      3.57      5.82     -0.48     41.53
   6 AA/TT     -0.32      0.65      3.32      1.85     -6.59     40.50
   7 AC/GT     -0.17     -0.97      3.67     -4.79     -4.34     36.18
   8 CG/CG      0.00     -0.50      3.33      2.78     -7.36     39.77
   9 GG/CC      0.21     -0.66      4.04      4.48     15.82     30.43
          ~~~~~~~~~~~~~~~~~~~~~~~~~~~~~~~~~~~~~~~~~~~~~~~~~~~~~~~~~~~~
      ave.     -0.04     -0.44      3.46      1.54     -0.10     36.64
      s.d.      0.48      0.51      0.40      4.16      7.72      5.10
****************************************************************************
NUPARM base-pair parameters
     bp        Shear    Stretch   Stagger    Buckle  Propeller  Opening
    1 G-C       0.24     -0.15      1.37     21.90     11.72      4.17
    2 G-C      -0.47     -0.10      0.94     26.86      0.33     -2.86
    3 C-G       0.36     -0.15      0.60      6.51     -7.74     -0.17
    4 A-T      -0.22      0.03      0.40     17.52    -14.26      5.53
    5 A-T       0.03      0.06      0.80     23.10     -8.45      5.25
    6 A-T       0.67      0.06     -0.14     16.17    -11.06      7.46
    7 A-T       0.64      0.09      0.01     14.33    -18.23      9.08
    8 C-G      -0.37     -0.01      0.28     -7.81    -10.79      3.12
    9 G-C      -0.28     -0.14     -0.34     -2.33     24.89     -1.90
   10 G-C       0.37     -0.13     -1.25    -16.08     -3.39     -3.21
          ~~~~~~~~~~~~~~~~~~~~~~~~~~~~~~~~~~~~~~~~~~~~~~~~~~~~~~~~~~~~
      ave.      0.10     -0.04      0.27     10.02     -3.70      2.65
      s.d.      0.42      0.10      0.74     14.42     13.07      4.41
****************************************************************************
NUPARM base-pair step parameters
    step       Shift     Slide      Rise      Tilt      Roll     Twist
   1 GG/CC     -1.10     -0.06      3.56      1.74      9.82     29.62
   2 GC/GC      0.47     -0.35      3.86      3.72     -5.43     43.37
   3 CA/TG      0.46     -0.65      2.82      4.25      0.70     32.53
   4 AA/TT     -0.01     -0.41      2.92     -5.96     -3.58     36.60
   5 AA/TT      0.25     -1.09      3.56      6.45     -0.68     41.37
   6 AA/TT     -0.28      0.59      3.34      1.95     -7.46     40.51
   7 AC/GT     -0.18     -1.02      3.65     -4.32     -4.17     35.34
   8 CG/CG      0.01     -0.56      3.32      2.86     -8.08     39.97
   9 GG/CC      0.24     -0.59      4.05      4.95     16.12     29.87
          ~~~~~~~~~~~~~~~~~~~~~~~~~~~~~~~~~~~~~~~~~~~~~~~~~~~~~~~~~~~~
      ave.     -0.02     -0.46      3.46      1.74     -0.31     36.58
      s.d.      0.48      0.50      0.40      4.18      8.19      5.09
****************************************************************************
NUPARM base-pair helical parameters
    step       X-disp    Y-disp   h-Rise     Incl.       Tip   h-Twist
   1 GG/CC     -2.36      2.55      3.29     18.57     -3.32     31.34
   2 GC/GC      0.21     -0.18      3.90     -6.82     -4.64     43.84
   3 CA/TG     -1.26     -0.16      2.84      1.15     -7.24     32.81
   4 AA/TT     -0.22     -0.74      2.91     -5.14      8.80     37.22
   5 AA/TT     -1.45      0.45      3.57     -1.01     -8.49     41.86
   6 AA/TT      1.73      0.65      3.16    -10.12     -2.77     41.23
   7 AC/GT     -0.99     -0.46      3.74     -6.17      6.64     35.81
   8 CG/CG      0.20      0.33      3.37    -11.10     -3.84     40.86
   9 GG/CC     -4.72      0.50      3.34     27.05     -8.17     34.10
          ~~~~~~~~~~~~~~~~~~~~~~~~~~~~~~~~~~~~~~~~~~~~~~~~~~~~~~~~~~~~
      ave.     -0.99      0.33      3.35      0.71     -2.56     37.67
      s.d.      1.83      0.96      0.35     13.28      6.21      4.45
****************************************************************************
RNA base-pair parameters
     bp        Shear    Stretch   Stagger    Buckle  Propeller  Opening
    1 G-C       0.27     -0.23      1.37     21.93     11.79      4.20
    2 G-C      -0.47     -0.20      0.94     26.85      0.33     -2.88
    3 C-G       0.35     -0.16      0.60      6.51     -7.74     -0.17
    4 A-T      -0.25     -0.02      0.38     17.55    -14.31      5.57
    5 A-T      -0.00     -0.01      0.80     23.10     -8.50      5.29
    6 A-T       0.64      0.02     -0.15     16.18    -11.08      7.50
    7 A-T       0.61      0.06     -0.01     14.36    -18.24      9.14
    8 C-G      -0.36     -0.01      0.27     -7.82    -10.79      3.12
    9 G-C      -0.29     -0.15     -0.34     -2.35     24.89     -1.91
   10 G-C       0.38     -0.16     -1.24    -16.08     -3.40     -3.22
          ~~~~~~~~~~~~~~~~~~~~~~~~~~~~~~~~~~~~~~~~~~~~~~~~~~~~~~~~~~~~
      ave.      0.09     -0.09      0.26     10.02     -3.71      2.66
      s.d.      0.41      0.10      0.74     14.43     13.09      4.44
****************************************************************************
RNA base-pair step parameters
    step       Shift     Slide      Rise      Tilt      Roll     Twist
   1 GG/CC     -0.94     -0.11      3.64      1.86      9.22     29.11
   2 GC/GC      0.39     -0.31      3.55      3.60     -5.02     43.25
   3 CA/TG      0.36     -0.68      3.00      4.25      0.92     32.10
   4 AA/TT     -0.01     -0.42      3.01     -5.95     -3.27     36.72
   5 AA/TT      0.15     -1.18      3.46      6.06     -0.59     41.47
   6 AA/TT     -0.36      0.54      3.28      1.91     -6.95     40.41
   7 AC/GT     -0.08     -1.03      3.31     -4.51     -4.22     36.13
   8 CG/CG      0.09     -0.51      3.42      2.79     -7.63     39.70
   9 GG/CC      0.19     -0.64      3.82      4.69     15.88     30.22
          ~~~~~~~~~~~~~~~~~~~~~~~~~~~~~~~~~~~~~~~~~~~~~~~~~~~~~~~~~~~~
      ave.     -0.02     -0.48      3.39      1.63     -0.18     36.57
      s.d.      0.41      0.51      0.27      4.13      7.89      5.11
****************************************************************************
RNA base-pair helical parameters
    step       X-disp    Y-disp   h-Rise     Incl.       Tip   h-Twist
   1 GG/CC     -2.26      2.20      3.37     17.55     -3.54     30.59
   2 GC/GC      0.14     -0.12      3.58     -6.60     -4.74     43.69
   3 CA/TG     -1.37      0.07      3.00      1.63     -7.53     32.39
   4 AA/TT     -0.23     -0.74      2.99     -5.05      9.18     37.34
   5 AA/TT     -1.58      0.49      3.46     -0.81     -8.32     41.91
   6 AA/TT      1.55      0.72      3.12     -9.75     -2.68     41.04
   7 AC/GT     -1.03     -0.54      3.39     -6.63      7.08     36.65
   8 CG/CG      0.20      0.22      3.45    -10.86     -3.97     40.52
   9 GG/CC     -3.93      0.52      3.08     27.54     -8.14     34.46
          ~~~~~~~~~~~~~~~~~~~~~~~~~~~~~~~~~~~~~~~~~~~~~~~~~~~~~~~~~~~~
      ave.     -0.95      0.31      3.27      0.78     -2.52     37.62
      s.d.      1.60      0.86      0.22     13.18      6.40      4.52
****************************************************************************
Strand I base step parameters
    step       Shift     Slide      Rise      Tilt      Roll     Twist
   1  G/G      -2.25      0.60      3.31      2.92      9.18     23.69
   2  G/C      -0.35      0.20      3.52     -4.57     -2.43     45.19
   3  C/A      -0.64     -0.26      3.14     12.84      1.02     34.08
   4  A/A      -0.75      0.15      3.13      0.46      6.20     36.59
   5  A/A      -0.58     -0.46      3.38      6.44      4.96     41.64
   6  A/A      -1.11      1.36      3.47      5.86     -5.19     41.56
   7  A/C      -1.23     -0.87      3.55    -10.87      0.79     34.22
   8  C/G      -1.29     -0.89      3.04      3.04      7.81     37.37
   9  G/G      -0.78     -0.84      3.41     -5.02     -0.38     30.09
          ~~~~~~~~~~~~~~~~~~~~~~~~~~~~~~~~~~~~~~~~~~~~~~~~~~~~~~~~~~~~
      ave.     -1.00     -0.11      3.33      1.23      2.44     36.05
      s.d.      0.56      0.77      0.18      7.15      4.86      6.54
****************************************************************************
Strand I base helical parameters
    step       X-disp    Y-disp   h-Rise     Incl.       Tip   h-Twist
   1  G/G      -1.31      4.12      3.03     21.08     -6.70     25.57
   2  G/C       0.50     -1.81      3.52     -3.06      5.77     45.49
   3  C/A      -0.56      0.92      2.70      1.64    -20.65     36.43
   4  A/A      -0.58     -0.56      3.11      9.62     -0.72     37.12
   5  A/A      -1.17     -0.32      3.18      6.75     -8.75     42.42
   6  A/A       2.44      0.36      3.09     -7.07     -7.98     42.29
   7  A/C      -1.55     -1.64      3.73      1.29     17.62     35.92
   8  C/G      -2.26      0.50      2.68     11.78     -4.59     38.30
   9  G/G      -1.52     -1.41      3.50     -0.72      9.47     30.51
          ~~~~~~~~~~~~~~~~~~~~~~~~~~~~~~~~~~~~~~~~~~~~~~~~~~~~~~~~~~~~
      ave.     -0.67      0.02      3.17      4.59     -1.84     37.12
      s.d.      1.40      1.82      0.36      8.63     11.38      6.18
****************************************************************************
Strand II base step parameters
    step       Shift     Slide      Rise      Tilt      Roll     Twist
   1  C/C       0.39     -0.90      3.67      1.10      8.06     34.47
   2  C/G       1.12     -0.86      3.59     11.83     -7.43     41.30
   3  G/T       1.37     -1.03      3.02     -4.12      0.89     29.33
   4  T/T       0.76     -0.88      2.96    -11.82    -12.86     34.58
   5  T/T       0.89     -1.87      3.56      6.05     -6.04     40.33
   6  T/T       0.50     -0.09      3.22     -1.71     -8.77     38.52
   7  T/G       1.09     -1.06      3.46      1.78     -8.97     38.78
   8  G/C       1.49     -0.07      3.58      2.83    -22.88     42.99
   9  C/C       1.22     -0.42      4.07     14.69     31.88     28.34
          ~~~~~~~~~~~~~~~~~~~~~~~~~~~~~~~~~~~~~~~~~~~~~~~~~~~~~~~~~~~~
      ave.      0.98     -0.80      3.46      2.29     -2.90     36.51
      s.d.      0.38      0.56      0.35      8.04     15.59      5.18
****************************************************************************
Strand II base helical parameters
    step       X-disp    Y-disp   h-Rise     Incl.       Tip   h-Twist
   1  C/C      -2.81      1.35      3.38     13.15     -1.80     35.41
   2  C/G      -0.28      1.70      3.85     -9.94    -15.83     43.60
   3  G/T      -2.19     -1.66      2.76      1.72      8.00     29.63
   4  T/T       0.17     -0.72      2.70    -19.73     18.14     38.74
   5  T/T      -1.87      1.33      3.88     -8.46     -8.47     41.22
   6  T/T       0.93      0.87      3.13    -12.82      2.49     39.54
   7  T/G      -0.36      0.45      3.66    -13.01     -2.59     39.85
   8  G/C       1.98      0.26      3.28    -27.99     -3.47     48.78
   9  C/C      -4.36      1.97      2.66     46.40    -21.38     45.12
          ~~~~~~~~~~~~~~~~~~~~~~~~~~~~~~~~~~~~~~~~~~~~~~~~~~~~~~~~~~~~
      ave.     -0.98      0.62      3.26     -3.41     -2.77     40.21
      s.d.      1.99      1.19      0.48     22.08     11.89      5.56
