Local base-pair helical parameters
    step       X-disp    Y-disp   h-Rise     Incl.       Tip   h-Twist
   1 GG/CC     -0.34      0.19      2.92     -4.16      3.34     39.14
   2 GC/GC      0.26     -0.05      3.44     -5.67      0.43     40.74
   3 CA/TG     -2.68      0.13      2.38     12.83     -9.76     29.57
   4 AA/TT     -0.43     -0.87      2.91     -4.79      8.85     34.54
   5 AA/TT     -2.40      0.28      3.43      2.27     -5.85     39.38
   6 AA/TT      1.46      0.94      3.21     -8.81     -3.31     40.81
   7 AC/GT     -1.59     -0.39      3.73      0.54      5.11     37.93
   8 CG/CG     -1.79      0.03      3.24     12.00     -4.24     39.33
   9 GG/CC      0.70     -0.40      3.40     -0.16      8.33     43.29
