Local base-pair parameters
     bp        Shear    Stretch   Stagger    Buckle  Propeller  Opening
    1 G-C      -0.59     -0.14     -0.09     -9.60    -11.97     -1.73
    2 G-C       0.36     -0.00      0.47      4.78     -0.76      1.96
    3 C-G       0.73     -0.21      0.57     -4.08     -4.15      1.30
    4 A-T      -0.42     -0.03      0.25     12.18    -12.03      5.97
    5 A-T      -0.03      0.08      0.65     19.63     -5.92      5.46
    6 A-T       0.48      0.08      0.02     15.19     -9.87      6.50
    7 A-T       0.88      0.07      0.05     13.88    -18.59      5.91
    8 C-G       0.50     -0.06      0.33    -10.93    -10.41      2.98
    9 G-C      -0.81     -0.17     -0.24    -20.84    -11.06      1.01
   10 G-C       0.49     -0.04      0.38    -27.17     -2.56      4.33
