Local base-pair step parameters
    step       Shift     Slide      Rise      Tilt      Roll     Twist
   1 GG/CC     -0.28     -0.43      2.88     -2.23     -2.78     38.99
   2 GC/GC      0.01     -0.14      3.45     -0.30     -3.94     40.55
   3 CA/TG      0.35     -0.82      2.60      4.92      6.47     28.46
   4 AA/TT      0.09     -0.49      2.92     -5.23     -2.83     34.04
   5 AA/TT      0.15     -1.49      3.49      3.93      1.53     39.16
   6 AA/TT     -0.48      0.55      3.35      2.30     -6.12     40.30
   7 AC/GT     -0.06     -1.00      3.75     -3.31      0.35     37.79
   8 CG/CG      0.22     -0.55      3.40      2.83      8.02     38.44
   9 GG/CC     -0.17      0.51      3.41     -6.12     -0.12     42.88
