Reference frame: Origins (Ox, Oy, Oz) followed by the direction cosines of the
                 X- (Xx, Yx, Zx), Y- (Yx, Yx, Yx), and Z- (Zx, Zx, Zx) axes
*****************************************************************************************
Local base-pair reference frames
                Ox      Oy      Oz     Xx    Xy    Xz   Yx    Yy    Yz    Zx    Zy    Zz
   1 A-T      18.02   -0.20    0.89 -0.02 -0.21  0.98 -0.18  0.96  0.20 -0.98 -0.17 -0.05
   2 C-G      15.00   -0.77    0.29 -0.14  0.34  0.93 -0.09  0.93 -0.36 -0.99 -0.13 -0.10
   3 C-G      11.62   -0.20    0.33 -0.15  0.81  0.57 -0.07  0.56 -0.82 -0.99 -0.16 -0.03
   4 G-C       8.49   -0.84   -0.66 -0.08  1.00  0.00  0.06  0.00 -1.00 -1.00 -0.07 -0.06
   5 A-T       5.12   -0.95   -0.47 -0.03  0.78 -0.63  0.07 -0.62 -0.78 -1.00 -0.07 -0.03
   6 A-T       1.70   -0.52   -0.17  0.02  0.26 -0.96  0.10 -0.96 -0.26 -0.99 -0.09 -0.05
   7 T-A      -1.69    0.13    0.18  0.07 -0.23 -0.97  0.12 -0.96  0.24 -0.99 -0.13 -0.04
   8 T-A      -5.12    0.13   -0.07  0.14 -0.79 -0.60  0.03 -0.61  0.80 -0.99 -0.13 -0.06
   9 C-G      -8.43   -0.47    0.21  0.11 -0.99  0.09 -0.00  0.09  1.00 -0.99 -0.11  0.01
  10 G-C     -11.62   -0.60    0.80  0.10 -0.85  0.51 -0.12  0.50  0.86 -0.99 -0.14 -0.05
  11 G-C     -14.74    0.07    0.31  0.07 -0.38  0.92 -0.04  0.92  0.38 -1.00 -0.06  0.05
  12 T-A     -18.07   -0.62    1.01 -0.03  0.17  0.99 -0.17  0.97 -0.17 -0.99 -0.17 -0.00
*****************************************************************************************
Local middle reference frames
                Ox      Oy      Oz     Xx    Xy    Xz   Yx    Yy    Yz    Zx    Zy    Zz
   1 AC/GT    16.51   -0.48    0.59 -0.09  0.07  0.99 -0.15  0.99 -0.08 -0.99 -0.15 -0.08
   2 CC/GG    13.31   -0.49    0.31 -0.14  0.60  0.78 -0.08  0.78 -0.62 -0.99 -0.15 -0.07
   3 CG/CG    10.05   -0.52   -0.16 -0.13  0.95  0.30  0.00  0.30 -0.95 -0.99 -0.12 -0.04
   4 GA/TC     6.80   -0.90   -0.56 -0.05  0.94 -0.33  0.07 -0.33 -0.94 -1.00 -0.07 -0.05
   5 AA/TT     3.41   -0.73   -0.32 -0.01  0.55 -0.84  0.09 -0.83 -0.54 -1.00 -0.08 -0.04
   6 AT/AT     0.01   -0.19    0.01  0.04  0.01 -1.00  0.11 -0.99 -0.01 -0.99 -0.11 -0.05
   7 TT/AA    -3.41    0.13    0.06  0.11 -0.54 -0.83  0.08 -0.83  0.55 -0.99 -0.13 -0.05
   8 TC/GA    -6.78   -0.17    0.07  0.12 -0.95 -0.28  0.01 -0.28  0.96 -0.99 -0.12 -0.02
   9 CG/CG   -10.03   -0.54    0.51  0.11 -0.94  0.31 -0.06  0.30  0.95 -0.99 -0.13 -0.02
  10 GG/CC   -13.18   -0.27    0.55  0.07 -0.65  0.76 -0.08  0.75  0.65 -0.99 -0.10 -0.00
  11 GT/AC   -16.40   -0.27    0.66  0.04 -0.11  0.99 -0.11  0.99  0.11 -0.99 -0.12  0.02
*****************************************************************************************
Local middle helical reference frames
                Ox      Oy      Oz     Xx    Xy    Xz   Yx    Yy    Yz    Zx    Zy    Zz
   1 AC/GT    16.61   -0.74    0.34 -0.16  0.05  0.99 -0.22  0.97 -0.09 -0.96 -0.23 -0.14
   2 CC/GG    13.33   -0.31   -0.75 -0.03  0.61  0.79 -0.01  0.79 -0.61 -1.00 -0.03 -0.02
   3 CG/CG    10.12   -1.15    0.02 -0.21  0.93  0.29  0.12  0.32 -0.94 -0.97 -0.16 -0.18
   4 GA/TC     6.79   -0.35   -0.61 -0.02  0.94 -0.33  0.07 -0.33 -0.94 -1.00 -0.04 -0.06
   5 AA/TT     3.37   -0.25   -1.50 -0.05  0.54 -0.84  0.09 -0.83 -0.54 -0.99 -0.10 -0.01
   6 AT/AT    -0.09    0.27   -1.87 -0.03  0.01 -1.00  0.09 -1.00 -0.01 -1.00 -0.09  0.03
   7 TT/AA    -3.35    0.02   -0.66  0.12 -0.54 -0.83  0.10 -0.83  0.55 -0.99 -0.15 -0.05
   8 TC/GA    -6.83    0.40    0.66  0.05 -0.96 -0.28 -0.04 -0.28  0.96 -1.00 -0.04 -0.05
   9 CG/CG   -10.33    0.38   -0.96  0.25 -0.92  0.31 -0.04  0.31  0.95 -0.97 -0.25  0.04
  10 GG/CC   -13.10   -0.43   -0.19 -0.12 -0.66  0.75 -0.04  0.75  0.66 -0.99  0.05 -0.12
  11 GT/AC   -16.41   -0.30    0.62  0.23 -0.08  0.97 -0.18  0.98  0.12 -0.96 -0.20  0.21
*****************************************************************************************
Local strand I base reference frames
                Ox      Oy      Oz     Xx    Xy    Xz   Yx    Yy    Yz    Zx    Zy    Zz
   1 A        18.16   -0.35    0.83 -0.12 -0.20  0.97 -0.12  0.97  0.19 -0.99 -0.10 -0.14
   2 C        15.06   -0.90    0.32 -0.17  0.33  0.93 -0.11  0.93 -0.35 -0.98 -0.16 -0.12
   3 C        11.72   -0.16    0.54 -0.18  0.80  0.58 -0.13  0.56 -0.82 -0.98 -0.22  0.00
   4 G         8.43   -0.86   -0.56 -0.16  0.99  0.02 -0.04  0.01 -1.00 -0.99 -0.16  0.04
   5 A         5.12   -0.82   -0.49 -0.12  0.74 -0.66  0.04 -0.67 -0.75 -0.99 -0.12  0.05
   6 A         1.58   -0.44   -0.34 -0.08  0.24 -0.97  0.11 -0.96 -0.25 -0.99 -0.13  0.05
   7 T        -1.86    0.13    0.20 -0.06 -0.22 -0.97  0.16 -0.96  0.21 -0.98 -0.15  0.09
   8 T        -5.33    0.19   -0.11 -0.04 -0.81 -0.59  0.18 -0.59  0.79 -0.98 -0.07  0.17
   9 C        -8.58   -0.64    0.15  0.12 -0.99  0.10  0.15  0.12  0.98 -0.98 -0.10  0.16
  10 G       -11.55   -0.55    0.57  0.06 -0.86  0.50 -0.05  0.50  0.87 -1.00 -0.07 -0.01
  11 G       -14.88   -0.10    0.31  0.02 -0.40  0.92 -0.04  0.91  0.40 -1.00 -0.05  0.00
  12 T       -17.95   -0.71    0.90 -0.09  0.17  0.98 -0.15  0.97 -0.18 -0.98 -0.17 -0.06
*****************************************************************************************
Local strand II base reference frames
                Ox      Oy      Oz     Xx    Xy    Xz   Yx    Yy    Yz    Zx    Zy    Zz
   1 T        17.88   -0.05    0.95  0.08 -0.21  0.97 -0.23  0.95  0.22 -0.97 -0.24  0.03
   2 G        14.94   -0.63    0.26 -0.11  0.35  0.93 -0.07  0.93 -0.36 -0.99 -0.10 -0.08
   3 G        11.51   -0.24    0.12 -0.12  0.82  0.56 -0.01  0.56 -0.83 -0.99 -0.11 -0.06
   4 C         8.56   -0.82   -0.75  0.02  1.00 -0.01  0.15 -0.01 -0.99 -0.99  0.01 -0.15
   5 T         5.11   -1.08   -0.44  0.06  0.81 -0.58  0.10 -0.58 -0.81 -0.99 -0.01 -0.12
   6 T         1.82   -0.60    0.01  0.13  0.28 -0.95  0.09 -0.96 -0.27 -0.99 -0.05 -0.15
   7 A        -1.52    0.14    0.16  0.20 -0.25 -0.95  0.06 -0.96  0.27 -0.98 -0.11 -0.18
   8 A        -4.91    0.06   -0.03  0.32 -0.75 -0.58 -0.11 -0.63  0.77 -0.94 -0.18 -0.28
   9 G        -8.28   -0.30    0.28  0.11 -0.99  0.07 -0.16  0.06  0.99 -0.98 -0.12 -0.15
  10 C       -11.69   -0.65    1.02  0.13 -0.84  0.53 -0.19  0.50  0.85 -0.97 -0.21 -0.09
  11 C       -14.59    0.24    0.31  0.12 -0.35  0.93 -0.04  0.93  0.36 -0.99 -0.08  0.10
  12 A       -18.20   -0.52    1.13  0.03  0.16  0.99 -0.18  0.97 -0.16 -0.98 -0.17  0.06
****************************************************************************
Local strand I base step parameters
    step       Shift     Slide      Rise      Tilt      Roll     Twist
   1  A/C      -0.11     -0.13      3.18      3.88      0.61     31.32
   2  C/C       1.16      0.83      3.12      6.65      3.85     33.75
   3  C/G      -0.43      1.09      3.34      1.20      3.71     34.18
   4  G/A       0.51     -0.11      3.27      1.28      2.11     42.70
   5  A/A       0.45     -0.68      3.46     -0.30     -0.34     34.03
   6  A/T      -0.28     -1.04      3.36     -1.02     -2.43     26.36
   7  T/T       0.41     -0.79      3.37      1.04     -6.11     40.76
   8  T/C       0.61     -0.14      3.31      0.30      1.87     42.95
   9  C/G      -0.27      0.31      2.98      8.92     -4.81     23.80
  10  G/G      -0.62      0.32      3.30     -1.52     -0.31     36.28
  11  G/T       0.71     -0.20      3.09      7.12     -2.86     34.03
          ~~~~~~~~~~~~~~~~~~~~~~~~~~~~~~~~~~~~~~~~~~~~~~~~~~~~~~~~~~~~
      ave.      0.19     -0.05      3.25      2.51     -0.43     34.56
      s.d.      0.56      0.66      0.14      3.58      3.31      6.11
****************************************************************************
Local strand I base helical parameters
    step       X-disp    Y-disp   h-Rise     Incl.       Tip   h-Twist
   1  A/C      -0.35      0.90      3.14      1.12     -7.15     31.56
   2  C/C       0.80     -0.92      3.35      6.52    -11.28     34.58
   3  C/G       1.25      0.92      3.42      6.28     -2.04     34.40
   4  G/A      -0.36     -0.57      3.28      2.90     -1.76     42.76
   5  A/A      -1.10     -0.81      3.46     -0.59      0.51     34.03
   6  A/T      -1.60      0.33      3.45     -5.32      2.23     26.49
   7  T/T      -0.43     -0.46      3.46     -8.71     -1.49     41.21
   8  T/C      -0.38     -0.80      3.30      2.55     -0.41     42.99
   9  C/G       1.87      2.81      2.60    -11.05    -20.48     25.83
  10  G/G       0.56      0.77      3.32     -0.49      2.43     36.31
  11  G/T       0.09     -0.14      3.18     -4.81    -11.98     34.86
          ~~~~~~~~~~~~~~~~~~~~~~~~~~~~~~~~~~~~~~~~~~~~~~~~~~~~~~~~~~~~
      ave.      0.03      0.19      3.27     -1.05     -4.67     35.00
      s.d.      1.02      1.12      0.25      5.79      7.22      5.78
****************************************************************************
Local strand II base step parameters
    step       Shift     Slide      Rise      Tilt      Roll     Twist
   1  T/G      -0.62     -0.01      3.01     -8.55     -5.86     34.44
   2  G/G       0.54      0.52      3.38      1.10      1.05     34.73
   3  G/C      -0.58      0.40      3.05     -7.33      5.01     35.28
   4  C/T      -0.48     -0.66      3.37      1.45     -2.05     34.97
   5  T/T      -0.39     -0.99      3.18     -3.02      0.21     38.13
   6  T/A      -0.68     -1.01      3.20     -3.40      1.34     31.01
   7  A/A      -0.73     -0.02      3.32      0.10      7.44     36.28
   8  A/G      -0.45      0.94      3.24     -6.31     -5.93     42.06
   9  G/C       0.15      1.16      3.30     -1.38      6.16     27.03
  10  C/C      -1.39      0.54      2.74    -13.14      3.56     37.12
  11  C/A       0.56     -0.24      3.73      5.84     -1.80     30.39
          ~~~~~~~~~~~~~~~~~~~~~~~~~~~~~~~~~~~~~~~~~~~~~~~~~~~~~~~~~~~~
      ave.     -0.37      0.06      3.23     -3.15      0.83     34.68
      s.d.      0.58      0.74      0.25      5.39      4.51      4.07
****************************************************************************
Local strand II base helical parameters
    step       X-disp    Y-disp   h-Rise     Incl.       Tip   h-Twist
   1  T/G       0.77     -0.15      3.03     -9.63     14.04     35.92
   2  G/G       0.71     -0.73      3.41      1.76     -1.84     34.76
   3  G/C      -0.02     -0.05      3.13      8.11     11.87     36.35
   4  C/T      -0.78      1.03      3.38     -3.41     -2.41     35.06
   5  T/T      -1.54      0.23      3.20      0.33      4.62     38.25
   6  T/A      -2.14      0.63      3.21      2.49      6.34     31.22
   7  A/A      -1.05      1.16      3.25     11.79     -0.16     37.01
   8  A/G       1.86     -0.01      3.12     -8.16      8.68     42.90
   9  G/C       0.86     -0.67      3.46     12.96      2.90     27.74
  10  C/C       0.41      0.63      3.08      5.38     19.84     39.46
  11  C/A      -0.05      0.26      3.78     -3.40    -11.01     30.98
          ~~~~~~~~~~~~~~~~~~~~~~~~~~~~~~~~~~~~~~~~~~~~~~~~~~~~~~~~~~~~
      ave.     -0.09      0.21      3.28      1.66      4.81     35.42
      s.d.      1.18      0.62      0.22      7.51      8.68      4.25
****************************************************************************
xyz coordinates of C1' atoms

    bp        xI       yI       zI       xII      yII      zII
   1 A-T    17.808    5.361   -0.549   18.967   -4.639   -2.640
   2 C-G    14.984    3.337   -3.853   15.514   -6.567   -0.048
   3 C-G    11.441    0.918   -5.286   11.871   -5.286    3.163
   4 G-C     8.514   -3.263   -6.008    7.578   -3.236    4.572
   5 A-T     5.724   -6.208   -2.887    4.339    0.076    5.289
   6 A-T     2.423   -6.173    0.739    0.982    3.850    3.786
   7 T-A    -0.771   -4.450    3.752   -2.353    5.909    1.056
   8 T-A    -4.206   -0.904    5.544   -5.065    5.329   -2.829
   9 C-G    -8.006    2.448    5.205   -7.634    1.851   -5.263
  10 G-C   -11.859    4.248    3.946  -10.952   -1.299   -4.861
  11 G-C   -15.122    5.800    0.195  -14.714   -3.983   -3.917
  12 T-A   -18.521    4.048   -2.484  -17.405   -6.140   -0.461
****************************************************************************
xyz coordinates of RN9/YN1 atoms

    bp        xI       yI       zI       xII      yII      zII
   1 A-T    17.746    4.284    0.430   18.816   -4.044   -1.292
   2 C-G    14.783    2.888   -2.468   15.380   -5.336    0.725
   3 C-G    11.374    1.373   -3.901   11.721   -3.845    3.154
   4 G-C     8.415   -2.096   -5.133    7.827   -2.056    3.741
   5 A-T     5.473   -4.773   -3.001    4.565    0.509    3.918
   6 A-T     2.192   -5.079   -0.200    1.234    3.348    2.432
   7 T-A    -1.040   -3.924    2.389   -2.057    4.784    0.174
   8 T-A    -4.450   -1.402    4.189   -4.827    3.885   -2.760
   9 C-G    -8.056    1.173    4.472   -7.692    0.729   -4.325
  10 G-C   -11.824    2.806    3.860  -10.996   -1.840   -3.495
  11 G-C   -15.099    4.572    0.963  -14.585   -3.568   -2.509
  12 T-A   -18.513    3.443   -1.162  -17.437   -5.099    0.564
****************************************************************************
xyz coordinates of RC8/YC6 atoms

    bp        xI       yI       zI       xII      yII      zII
   1 A-T    17.543    4.404    1.788   19.037   -4.829   -0.202
   2 C-G    14.490    3.789   -1.486   15.270   -5.236    2.083
   3 C-G    11.097    2.679   -3.604   11.573   -3.006    4.232
   4 G-C     8.195   -0.791   -5.522    7.786   -0.791    4.263
   5 A-T     5.327   -4.061   -4.171    4.596    1.850    3.647
   6 A-T     2.119   -5.153   -1.573    1.351    4.228    1.391
   7 T-A    -1.033   -4.737    1.279   -1.816    4.838   -1.168
   8 T-A    -4.412   -2.735    3.900   -4.393    3.134   -3.797
   9 C-G    -7.841   -0.005    5.120   -7.497   -0.596   -4.625
  10 G-C   -11.784    1.891    4.878  -10.733   -3.162   -3.275
  11 G-C   -15.108    4.431    2.328  -14.412   -4.499   -1.522
  12 T-A   -18.712    4.201   -0.041  -17.302   -5.269    1.916
****************************************************************************
xyz coordinates of O1P atoms w.r.t. the middle frame of each dimer

    step       xI      yI      zI     xII     yII     zII
   1 AC/GT   -3.66   10.17   -1.01   -4.36    9.81   -1.13
   2 CC/GG   -4.53    9.83   -1.35   -3.11    9.63   -2.14
   3 CG/CG   -2.47    9.87   -0.16   -4.53    9.17   -2.56
   4 GA/TC   -3.70    9.53    0.67   -4.23    9.97   -0.65
   5 AA/TT   -4.50    9.47   -0.71   -4.93    9.55   -0.27
   6 AT/AT   -4.12   10.24   -0.39   -4.74    9.79   -0.12
   7 TT/AA   -4.25    9.46   -1.14   -3.59   10.34    0.42
   8 TC/GA   -3.80    9.62   -1.91   -2.76   10.09    1.51
   9 CG/CG   -3.81   10.13   -1.87   -3.44   10.07   -0.57
  10 GG/CC   -3.15    9.77   -0.91   -4.14    9.61   -0.83
  11 GT/AC   -4.15   10.02   -0.61   -3.25   10.11   -0.16
****************************************************************************
xyz coordinates of O1P atoms w.r.t. the middle helix frame of each dimer

    step      xIH     yIH     zIH     xIIH    yIIH    zIIH
   1 AC/GT   -3.46   10.32   -1.52   -3.96    9.43   -2.16
   2 CC/GG   -3.67    9.13   -1.16   -2.57   10.53   -1.13
   3 CG/CG   -1.88   10.17    1.22   -3.80    9.07   -1.84
   4 GA/TC   -4.26    9.67    0.55   -4.78    9.84   -0.50
   5 AA/TT   -5.79    9.23   -0.51   -6.17    9.79   -0.50
   6 AT/AT   -6.02   10.70   -0.27   -6.59    9.32   -0.66
   7 TT/AA   -4.91    9.78   -1.03   -4.25   10.03    0.63
   8 TC/GA   -3.22    9.13   -2.08   -2.12   10.55    0.86
   9 CG/CG   -2.15   11.29   -2.13   -2.11    8.97    0.19
  10 GG/CC   -2.78   10.40    0.09   -3.49    9.04   -1.22
  11 GT/AC   -3.86    9.95   -2.08   -3.25   10.07   -0.24
****************************************************************************
xyz coordinates of O2P atoms w.r.t. the middle frame of each dimer

    step       xI      yI      zI     xII     yII     zII
   1 AC/GT   -1.42    9.57    0.10   -2.13    9.90    0.08
   2 CC/GG   -2.20    9.72   -0.18   -2.07    9.40    0.23
   3 CG/CG   -0.88    8.63    1.47   -2.42    9.46   -1.07
   4 GA/TC   -1.71    8.55    1.99   -2.04    9.07    0.44
   5 AA/TT   -2.32    9.63    0.65   -2.67    9.35    0.96
   6 AT/AT   -2.16    9.45    1.11   -2.39    9.87    0.99
   7 TT/AA   -2.14    9.04    0.29   -1.75    9.14    1.77
   8 TC/GA   -1.66    9.13   -0.60   -1.69    8.10    2.82
   9 CG/CG   -1.57    9.37   -0.78   -1.52    9.46    1.06
  10 GG/CC   -1.48    8.69    0.77   -1.71    9.54    0.14
  11 GT/AC   -1.89    9.23    0.35   -1.06    9.08    0.75
****************************************************************************
xyz coordinates of O2P atoms w.r.t. the middle helix frame of each dimer

    step      xIH     yIH     zIH     xIIH    yIIH    zIIH
   1 AC/GT   -1.16    9.80   -0.52   -1.82    9.61   -0.82
   2 CC/GG   -1.48    8.93    0.24   -1.27   10.15    1.10
   3 CG/CG   -0.16    8.76    2.55   -1.82    9.17   -0.15
   4 GA/TC   -2.31    8.69    1.94   -2.56    8.93    0.51
   5 AA/TT   -3.54    9.39    0.75   -3.97    9.59    0.83
   6 AT/AT   -3.95    9.94    1.09   -4.33    9.42    0.62
   7 TT/AA   -2.81    9.33    0.41   -2.39    8.81    1.94
   8 TC/GA   -0.99    8.70   -0.90   -1.15    8.63    2.33
   9 CG/CG   -0.10   10.49   -0.76    0.02    8.32    1.51
  10 GG/CC   -0.82    9.26    1.37   -1.29    8.92    0.18
  11 GT/AC   -1.83    9.25   -0.65   -0.92    9.09    0.31
****************************************************************************
xyz coordinates of P atoms w.r.t. the middle frame of each dimer

    step       xI      yI      zI     xII     yII     zII
   1 AC/GT   -2.63    9.15   -0.68   -3.16    9.12   -0.63
   2 CC/GG   -3.35    9.03   -0.86   -2.84    8.83   -0.90
   3 CG/CG   -2.05    8.63    0.55   -3.40    8.58   -1.80
   4 GA/TC   -2.64    8.48    0.83   -3.21    8.89   -0.49
   5 AA/TT   -3.22    8.89   -0.27   -3.68    8.78    0.02
   6 AT/AT   -3.15    9.18    0.03   -3.45    9.12    0.25
   7 TT/AA   -3.11    8.60   -0.76   -2.83    9.10    0.75
   8 TC/GA   -2.76    8.67   -1.48   -2.61    8.62    1.73
   9 CG/CG   -2.86    9.03   -1.51   -2.78    9.08    0.35
  10 GG/CC   -2.59    8.55   -0.24   -2.85    8.87   -0.58
  11 GT/AC   -3.16    8.93   -0.37   -2.30    8.97   -0.07
****************************************************************************
xyz coordinates of P atoms w.r.t. the middle helix frame of each dimer

    step      xIH     yIH     zIH     xIIH    yIIH    zIIH
   1 AC/GT   -2.41    9.33   -1.19   -2.80    8.78   -1.53
   2 CC/GG   -2.54    8.29   -0.60   -2.17    9.64    0.02
   3 CG/CG   -1.41    8.86    1.74   -2.74    8.39   -1.05
   4 GA/TC   -3.19    8.62    0.75   -3.76    8.75   -0.37
   5 AA/TT   -4.48    8.65   -0.14   -4.93    9.02   -0.15
   6 AT/AT   -5.02    9.64    0.10   -5.33    8.67   -0.19
   7 TT/AA   -3.77    8.91   -0.66   -3.49    8.79    0.93
   8 TC/GA   -2.15    8.20   -1.68   -1.99    9.09    1.15
   9 CG/CG   -1.27   10.18   -1.67   -1.33    7.96    0.98
  10 GG/CC   -2.10    9.16    0.59   -2.27    8.29   -0.77
  11 GT/AC   -2.93    8.89   -1.58   -2.29    8.93   -0.25
****************************************************************************
xyz coordinates of P atoms

    bp        xI       yI       zI       xII      yII      zII
   1 A-T     ----     ----     ----    17.514   -9.779   -1.867
   2 C-G    16.076    8.470   -2.693   13.509   -9.247    3.467
   3 C-G    13.940    4.690   -7.829    8.657   -6.530    6.931
   4 G-C     9.806    0.058   -9.034    5.893   -1.035    8.854
   5 A-T     6.680   -6.225   -7.713    2.671    4.579    7.552
   6 A-T     4.499   -9.880   -2.453   -0.913    8.854    3.545
   7 T-A     0.855   -9.363    3.069   -3.728    9.325   -2.545
   8 T-A    -2.287   -5.238    7.414   -5.466    4.916   -7.441
   9 C-G    -5.558    0.228    9.203   -9.436   -0.608   -8.978
  10 G-C    -9.409    5.088    8.252  -13.252   -5.150   -7.407
  11 G-C   -13.779    7.879    4.186  -15.547   -8.888   -2.613
  12 T-A   -17.168    8.930   -1.495    ----     ----     ---- 
*******************************************************************************************
Phosphorus-phosphorus distance in Angstroms

            1      2      3      4      5      6      7      8      9     10     11     12
            T      G      G      C      T      T      A      A      G      C      C      A   
   1 A    ----   ----   ----   ----   ----   ----   ----   ----   ----   ----   ----   ----
   2 C    18.3   18.9   19.3   18.1   17.3   18.1   19.8   22.3   27.8   32.7   36.1   ----
   3 C    16.1   17.9   19.3   19.4   19.1   19.2   19.0   19.4   24.0   28.9   32.9   ----
   4 G    14.4   16.0   17.3   18.3   18.6   18.7   17.6   16.1   19.3   23.7   27.6   ----
   5 A    12.8   13.4   14.8   17.4   19.1   20.3   19.4   16.5   17.1   20.0   23.0   ----
   6 A    13.0   10.8   10.8   14.4   17.7   20.4   20.9   18.5   18.0   19.0   20.1   ----
   7 T    17.4   12.7    9.2   11.3   14.8   18.3   20.0   18.8   18.1   18.1   17.4   ----
   8 T    22.3   16.8   11.0    9.3   11.0   14.7   17.7   18.3   18.5   18.4   17.0   ----
   9 C    27.5   22.1   15.9   11.5    9.5   11.3   15.0   17.3   18.6   19.1   18.0   ----
  10 G    32.4   27.5   21.5   16.5   12.1   10.4   12.9   16.2   18.1   19.1   18.7   ----
  11 G    36.4   32.2   26.8   22.1   17.1   12.9   12.2   14.6   16.3   17.4   18.2   ----
  12 T    39.4   36.0   31.3   27.2   22.2   17.0   13.5   13.7   14.4   15.8   17.9   ----
****************************************************************************
Strand I helix radius

    step          P        O4'       C1'
   1  A/C      10.60      7.29      6.88
   2  C/C       8.68      5.20      4.78
   3  C/G       9.66      6.98      6.41
   4  G/A       8.54      6.21      5.60
   5  A/A       9.23      6.28      5.78
   6  A/T      10.69      7.50      6.98
   7  T/T       8.93      6.03      5.61
   8  T/C       8.70      5.91      5.39
   9  C/G      11.68      8.06      7.99
  10  G/G       9.60      6.84      6.41
  11  G/T       9.32      5.97      5.64
****************************************************************************
Strand II helix radius

    step          P        O4'       C1'
   1  T/G       9.37      5.90      5.65
   2  G/G       9.90      6.79      6.38
   3  G/C       9.55      6.44      5.97
   4  C/T       8.86      5.85      5.41
   5  T/T       9.90      7.02      6.50
   6  T/A      10.17      7.10      6.59
   7  A/A       8.74      6.14      5.41
   8  A/G       8.79      5.81      5.41
   9  G/C       9.99      6.88      6.19
  10  C/C       8.74      5.56      5.22
  11  C/A       9.17      6.16      5.72
****************************************************************************************
Base-pair helix axis

               Ox      Oy      Oz     Xx    Xy    Xz   Yx    Yy    Yz    Zx    Zy    Zz
   1 AC/GT   18.11   -0.38    0.56 -0.09 -0.23  0.97 -0.26  0.95  0.20 -0.96 -0.23 -0.14
             15.11   -1.11    0.12 -0.21  0.33  0.92 -0.17  0.92 -0.37 -0.96 -0.23 -0.14
   2 CC/GG   15.01   -0.26   -0.71 -0.03  0.35  0.94 -0.02  0.94 -0.35 -1.00 -0.03 -0.02
             11.64   -0.35   -0.78 -0.03  0.82  0.57  0.00  0.57 -0.82 -1.00 -0.03 -0.02
   3 CG/CG   11.73   -0.88    0.32 -0.24  0.80  0.56  0.05  0.58 -0.81 -0.97 -0.16 -0.18
              8.52   -1.42   -0.28 -0.16  0.99 -0.01  0.18  0.02 -0.98 -0.97 -0.16 -0.18
   4 GA/TC    8.46   -0.28   -0.51 -0.04  1.00  0.00  0.06  0.00 -1.00 -1.00 -0.04 -0.06
              5.11   -0.42   -0.70  0.00  0.78 -0.63  0.07 -0.62 -0.78 -1.00 -0.04 -0.06
   5 AA/TT    5.03   -0.08   -1.49 -0.08  0.77 -0.63  0.07 -0.62 -0.78 -0.99 -0.10 -0.01
              1.70   -0.42   -1.51 -0.02  0.26 -0.97  0.10 -0.96 -0.26 -0.99 -0.10 -0.01
   6 AT/AT    1.56    0.43   -1.92 -0.05  0.25 -0.97  0.08 -0.96 -0.26 -1.00 -0.09  0.03
             -1.75    0.12   -1.82 -0.01 -0.24 -0.97  0.10 -0.97  0.24 -1.00 -0.09  0.03
   7 TT/AA   -1.67    0.28   -0.58  0.08 -0.23 -0.97  0.13 -0.96  0.24 -0.99 -0.15 -0.05
             -5.03   -0.23   -0.75  0.15 -0.78 -0.60  0.05 -0.60  0.80 -0.99 -0.15 -0.05
   8 TC/GA   -5.18    0.47    0.74  0.06 -0.79 -0.61 -0.01 -0.61  0.79 -1.00 -0.04 -0.05
             -8.48    0.33    0.58  0.04 -1.00  0.09 -0.05  0.08  1.00 -1.00 -0.04 -0.05
   9 CG/CG   -8.81    0.77   -1.03  0.26 -0.96  0.08  0.02  0.09  1.00 -0.97 -0.25  0.04
            -11.85   -0.02   -0.89  0.24 -0.82  0.51 -0.09  0.51  0.86 -0.97 -0.25  0.04
  10 GG/CC  -11.52   -0.52    0.00 -0.10 -0.86  0.49 -0.08  0.50  0.86 -0.99  0.05 -0.12
            -14.68   -0.35   -0.37 -0.13 -0.38  0.92  0.00  0.92  0.38 -0.99  0.05 -0.12
  11 GT/AC  -14.74    0.06    0.27  0.27 -0.35  0.90 -0.11  0.91  0.39 -0.96 -0.20  0.21
            -18.07   -0.65    0.98  0.17  0.20  0.97 -0.24  0.96 -0.16 -0.96 -0.20  0.21
****************************************************************************************
Strand I helix axis

               Ox      Oy      Oz     Xx    Xy    Xz   Yx    Yy    Yz    Zx    Zy    Zz
   1  A/C    18.26   -1.30    1.00  0.01 -0.19  0.98 -0.10  0.98  0.19 -0.99 -0.10 -0.01
             15.13   -1.62    0.96 -0.05  0.35  0.94 -0.09  0.93 -0.35 -0.99 -0.10 -0.01
   2  C/C    15.04   -0.32   -0.75  0.02  0.35  0.94  0.00  0.94 -0.35 -1.00  0.01  0.02
             11.70   -0.29   -0.68  0.02  0.82  0.58 -0.01  0.58 -0.82 -1.00  0.01  0.02
   3  C/G    11.92   -1.70    0.56 -0.14  0.80  0.58 -0.02  0.58 -0.81 -0.99 -0.12 -0.07
              8.53   -2.13    0.33 -0.13  0.99  0.02  0.06  0.03 -1.00 -0.99 -0.12 -0.07
   4  G/A     8.38   -0.50   -1.13 -0.13  0.99  0.02  0.01  0.02 -1.00 -0.99 -0.13 -0.01
              5.14   -0.93   -1.15 -0.09  0.74 -0.67  0.09 -0.66 -0.75 -0.99 -0.13 -0.01
   5  A/A     5.00   -0.55   -1.82 -0.13  0.74 -0.66  0.03 -0.67 -0.74 -0.99 -0.12  0.06
              1.57   -0.97   -1.61 -0.09  0.24 -0.97  0.10 -0.96 -0.25 -0.99 -0.12  0.06
   6  A/T     1.39    0.26   -1.81 -0.12  0.23 -0.96  0.02 -0.97 -0.24 -0.99 -0.05  0.11
             -2.04    0.09   -1.42 -0.10 -0.22 -0.97  0.07 -0.97  0.22 -0.99 -0.05  0.11
   7  T/T    -1.87   -0.41   -0.12 -0.03 -0.22 -0.98  0.01 -0.98  0.22 -1.00 -0.00  0.04
             -5.32   -0.43    0.00 -0.02 -0.81 -0.59  0.03 -0.59  0.81 -1.00 -0.00  0.04
   8  T/C    -5.16   -0.58    0.29 -0.04 -0.81 -0.59  0.23 -0.58  0.78 -0.97 -0.10  0.20
             -8.38   -0.92    0.96  0.13 -0.99  0.10  0.19  0.13  0.97 -0.97 -0.10  0.20
   9  C/G    -9.34    0.83   -2.79  0.46 -0.89  0.07 -0.04  0.07  1.00 -0.89 -0.46 -0.00
            -11.64   -0.36   -2.80  0.40 -0.77  0.50 -0.23  0.44  0.87 -0.89 -0.46 -0.00
  10  G/G   -11.51   -0.45   -0.38  0.01 -0.87  0.50 -0.06  0.50  0.87 -1.00 -0.04 -0.04
            -14.83   -0.58   -0.52 -0.02 -0.40  0.91 -0.05  0.91  0.40 -1.00 -0.04 -0.04
  11  G/T   -14.92    0.06    0.28  0.23 -0.38  0.90 -0.13  0.90  0.41 -0.97 -0.21  0.16
            -17.99   -0.60    0.78  0.11  0.21  0.97 -0.23  0.96 -0.18 -0.97 -0.21  0.16
****************************************************************************************
Strand II helix axis

               Ox      Oy      Oz     Xx    Xy    Xz   Yx    Yy    Yz    Zx    Zy    Zz
   1  T/G    17.93    0.31    0.26 -0.15 -0.28  0.95 -0.39  0.90  0.21 -0.91 -0.34 -0.24
             15.18   -0.72   -0.48 -0.35  0.30  0.89 -0.23  0.89 -0.39 -0.91 -0.34 -0.24
   2  G/G    14.98   -0.20   -0.66 -0.08  0.36  0.93 -0.04  0.93 -0.36 -1.00 -0.06 -0.06
             11.58   -0.41   -0.88 -0.09  0.82  0.56  0.02  0.56 -0.83 -1.00 -0.06 -0.06
   3  G/C    11.51   -0.20    0.09 -0.32  0.79  0.52  0.12  0.58 -0.80 -0.94 -0.19 -0.29
              8.57   -0.80   -0.80 -0.19  0.98 -0.06  0.29  0.00 -0.96 -0.94 -0.19 -0.29
   4  C/T     8.51   -0.04    0.27  0.06  1.00 -0.00  0.09 -0.01 -1.00 -0.99  0.06 -0.10
              5.15    0.15   -0.05  0.10  0.81 -0.58  0.04 -0.58 -0.81 -0.99  0.06 -0.10
   5  T/T     5.06    0.30   -1.16 -0.02  0.81 -0.59  0.11 -0.58 -0.81 -0.99 -0.08 -0.08
              1.88    0.04   -1.41  0.05  0.27 -0.96  0.10 -0.96 -0.27 -0.99 -0.08 -0.08
   6  T/A     1.79    0.58   -1.88  0.02  0.27 -0.96  0.14 -0.95 -0.26 -0.99 -0.13 -0.06
             -1.39    0.17   -2.06  0.09 -0.26 -0.96  0.11 -0.96  0.27 -0.99 -0.13 -0.06
   7  A/A    -1.61    0.94   -1.19  0.20 -0.25 -0.95  0.26 -0.92  0.30 -0.94 -0.31 -0.12
             -4.68   -0.06   -1.58  0.32 -0.75 -0.58  0.09 -0.58  0.81 -0.94 -0.31 -0.12
   8  A/G    -5.23    1.48    1.13  0.17 -0.76 -0.62 -0.24 -0.64  0.73 -0.95  0.03 -0.30
             -8.21    1.56    0.21 -0.04 -1.00  0.04 -0.29  0.05  0.95 -0.95  0.03 -0.30
   9  G/C    -8.29    0.61    0.88  0.06 -1.00  0.07  0.07  0.07  0.99 -1.00 -0.05  0.07
            -11.74    0.43    1.13  0.08 -0.85  0.53  0.03  0.53  0.85 -1.00 -0.05  0.07
  10  C/C   -11.54   -0.62    0.29 -0.21 -0.85  0.48 -0.10  0.50  0.86 -0.97  0.13 -0.19
            -14.54   -0.21   -0.29 -0.22 -0.34  0.91  0.06  0.93  0.36 -0.97  0.13 -0.19
  11  C/A   -14.55   -0.02    0.25  0.31 -0.32  0.89 -0.09  0.93  0.37 -0.95 -0.20  0.26
            -18.13   -0.76    1.22  0.22  0.20  0.96 -0.24  0.96 -0.15 -0.95 -0.20  0.26
