  12 # base-pairs
   1 # ***local base-pair & helical parameters***
#        Shear    Stretch   Stagger   Buckle   Prop-Tw   Opening     X-disp    Y-disp    h-Rise    Incl.     Tip     h-Twist
A-T     -0.061    -0.363    -0.218    -6.136   -11.185     2.350     0.000     0.000     0.000     0.000     0.000     0.000
C-G     -0.057    -0.288    -0.086     2.541    -3.408    -0.880     0.294     0.264     3.120    -4.533     4.131    33.180
C-G      0.270    -0.312    -0.236     6.339    -3.304    -1.503     0.758    -0.826     3.368     4.088    -6.564    34.590
G-C     -0.032    -0.195     0.123    11.242   -10.069    -2.196     0.572     0.379     3.311     7.130     5.095    35.200
A-T      0.230    -0.123    -0.016     3.673   -10.872     5.796    -0.563     0.146     3.363     0.049    -2.010    38.916
A-T      0.377    -0.082     0.242    -1.056   -12.422     1.350    -1.321    -0.253     3.348    -0.038     2.674    36.184
T-A     -0.065    -0.019     0.338    -5.526   -14.580    -3.800    -1.939     0.475     3.326    -1.118     4.509    28.872
T-A     -0.115    -0.161     0.399   -17.026   -21.023     0.727    -0.706     0.319     3.406     0.990    -0.726    38.853
C-G      0.299    -0.160     0.331   -17.746     0.747     1.812     0.767    -0.434     3.312    -2.770     4.210    42.452
G-C     -0.300    -0.351    -0.127    -8.070    -4.628    -1.507     1.400     1.134     3.141     1.522    -8.421    25.997
G-C      0.108    -0.300     0.312     0.719    -5.965    -2.909     0.476     0.648     3.183     2.377    11.517    37.556
T-A     -0.275    -0.190    -0.213    -1.686    -6.868     1.480     0.036     0.028     3.479    -4.149   -11.529    32.937
