  12 # base-pairs
   0 # ***local base-pair & step parameters***
#        Shear    Stretch   Stagger   Buckle   Prop-Tw   Opening     Shift     Slide     Rise      Tilt      Roll      Twist
A-T     -0.061    -0.363    -0.218    -6.136   -11.185     2.350     0.000     0.000     0.000     0.000     0.000     0.000
C-G     -0.057    -0.288    -0.086     2.541    -3.408    -0.880    -0.366    -0.068     3.106    -2.355    -2.584    33.001
C-G      0.270    -0.312    -0.236     6.339    -3.304    -1.503     0.854     0.677     3.256     3.892     2.424    34.294
G-C     -0.032    -0.195     0.123    11.242   -10.069    -2.196    -0.506     0.734     3.215    -3.070     4.297    34.814
A-T      0.230    -0.123    -0.016     3.673   -10.872     5.796     0.014    -0.372     3.365     1.339     0.033    38.894
A-T      0.377    -0.082     0.242    -1.056   -12.422     1.350     0.008    -0.823     3.351    -1.660    -0.023    36.147
T-A     -0.065    -0.019     0.338    -5.526   -14.580    -3.800    -0.488    -1.029     3.279    -2.246    -0.557    28.781
T-A     -0.115    -0.161     0.399   -17.026   -21.023     0.727    -0.171    -0.414     3.415     0.483     0.659    38.844
C-G      0.299    -0.160     0.331   -17.746     0.747     1.812     0.086     0.405     3.348    -3.045    -2.003    42.303
G-C     -0.300    -0.351    -0.127    -8.070    -4.628    -1.507    -0.057     0.712     3.165     3.775     0.682    25.717
G-C      0.108    -0.300     0.312     0.719    -5.965    -2.909    -1.011     0.429     3.032    -7.368     1.521    36.821
T-A     -0.275    -0.190    -0.213    -1.686    -6.868     1.480     0.652    -0.220     3.411     6.491    -2.336    32.227
