****************************************************************************
CEHS base-pair parameters
     bp        Shear    Stretch   Stagger    Buckle  Propeller  Opening
    1 A-T      -0.06     -0.36     -0.22     -6.13    -11.20      2.34
    2 C-G      -0.06     -0.29     -0.09      2.54     -3.41     -0.88
    3 C-G       0.27     -0.31     -0.24      6.34     -3.31     -1.50
    4 G-C      -0.03     -0.19      0.12     11.23    -10.10     -2.18
    5 A-T       0.23     -0.12     -0.02      3.67    -10.89      5.77
    6 A-T       0.38     -0.08      0.24     -1.05    -12.42      1.34
    7 T-A      -0.07     -0.02      0.34     -5.51    -14.60     -3.77
    8 T-A      -0.11     -0.16      0.40    -16.93    -21.18      0.71
    9 C-G       0.30     -0.16      0.33    -17.75      0.75      1.80
   10 G-C      -0.30     -0.35     -0.13     -8.07     -4.64     -1.50
   11 G-C       0.11     -0.30      0.31      0.72     -5.97     -2.91
   12 T-A      -0.27     -0.19     -0.21     -1.68     -6.87      1.48
          ~~~~~~~~~~~~~~~~~~~~~~~~~~~~~~~~~~~~~~~~~~~~~~~~~~~~~~~~~~~~
      ave.      0.03     -0.21      0.07     -2.72     -8.65      0.06
      s.d.      0.22      0.11      0.25      8.72      5.96      2.68
****************************************************************************
CEHS base-pair step parameters
    step       Shift     Slide      Rise      Tilt      Roll     Twist
   1 AC/GT     -0.37     -0.07      3.11     -2.24     -2.64     33.17
   2 CC/GG      0.85      0.68      3.26      3.89      2.45     34.32
   3 CG/CG     -0.51      0.74      3.21     -3.01      4.37     35.01
   4 GA/TC      0.02     -0.38      3.36      0.99     -0.12     38.73
   5 AA/TT      0.01     -0.83      3.35     -1.45     -0.08     36.03
   6 AT/AT     -0.49     -1.03      3.28     -1.93     -0.57     28.63
   7 TT/AA     -0.16     -0.41      3.42      0.19      0.79     38.23
   8 TC/GA      0.08      0.40      3.35     -3.00     -2.00     43.11
   9 CG/CG     -0.06      0.71      3.16      3.79      0.60     25.61
  10 GG/CC     -1.01      0.43      3.03     -7.32      1.58     36.91
  11 GT/AC      0.65     -0.22      3.41      6.37     -2.33     32.19
          ~~~~~~~~~~~~~~~~~~~~~~~~~~~~~~~~~~~~~~~~~~~~~~~~~~~~~~~~~~~~
      ave.     -0.09      0.00      3.27     -0.34      0.19     34.72
      s.d.      0.52      0.63      0.13      3.90      2.12      4.84
****************************************************************************
CompDNA base-pair parameters
     bp        Shear    Stretch   Stagger    Buckle  Propeller  Opening
    1 A-T      -0.06     -0.36     -0.22     -6.10    -11.20      2.34
    2 C-G      -0.06     -0.29     -0.09      2.54     -3.41     -0.88
    3 C-G       0.27     -0.31     -0.24      6.34     -3.31     -1.51
    4 G-C      -0.03     -0.19      0.12     11.18    -10.10     -2.20
    5 A-T       0.23     -0.12     -0.02      3.65    -10.88      5.77
    6 A-T       0.38     -0.08      0.24     -1.05    -12.42      1.34
    7 T-A      -0.07     -0.02      0.34     -5.47    -14.59     -3.77
    8 T-A      -0.11     -0.16      0.40    -16.64    -21.18      0.72
    9 C-G       0.30     -0.16      0.33    -17.75      0.75      1.83
   10 G-C      -0.30     -0.35     -0.13     -8.06     -4.64     -1.51
   11 G-C       0.11     -0.30      0.31      0.72     -5.96     -2.91
   12 T-A      -0.27     -0.19     -0.21     -1.68     -6.87      1.48
          ~~~~~~~~~~~~~~~~~~~~~~~~~~~~~~~~~~~~~~~~~~~~~~~~~~~~~~~~~~~~
      ave.      0.03     -0.21      0.07     -2.69     -8.65      0.06
      s.d.      0.22      0.11      0.25      8.67      5.96      2.69
****************************************************************************
CompDNA base-pair step parameters
    step       Shift     Slide      Rise      Tilt      Roll     Twist
   1 AC/GT     -0.37     -0.07      3.11     -2.35     -2.59     33.17
   2 CC/GG      0.85      0.68      3.26      3.89      2.42     34.33
   3 CG/CG     -0.50      0.74      3.22     -3.06      4.31     35.00
   4 GA/TC      0.01     -0.37      3.37      1.34      0.03     38.74
   5 AA/TT      0.01     -0.82      3.35     -1.66     -0.02     36.04
   6 AT/AT     -0.49     -1.03      3.28     -2.24     -0.56     28.64
   7 TT/AA     -0.17     -0.42      3.42      0.48      0.66     38.23
   8 TC/GA      0.08      0.41      3.35     -3.03     -2.02     43.13
   9 CG/CG     -0.06      0.71      3.16      3.77      0.68     25.62
  10 GG/CC     -1.01      0.43      3.03     -7.37      1.52     36.98
  11 GT/AC      0.65     -0.22      3.41      6.49     -2.34     32.23
          ~~~~~~~~~~~~~~~~~~~~~~~~~~~~~~~~~~~~~~~~~~~~~~~~~~~~~~~~~~~~
      ave.     -0.09      0.00      3.27     -0.34      0.19     34.74
      s.d.      0.52      0.63      0.13      3.98      2.09      4.84
****************************************************************************
Curves base-pair parameters (by Xiang-Jun Lu)
     bp        Shear    Stretch   Stagger    Buckle  Propeller  Opening
    1 A-T      -0.06     -0.36     -0.22     -6.19    -11.16      2.35
    2 C-G      -0.06     -0.29     -0.09      2.54     -3.41     -0.88
    3 C-G       0.27     -0.31     -0.24      6.34     -3.30     -1.50
    4 G-C      -0.03     -0.20      0.12     11.31    -10.00     -2.20
    5 A-T       0.23     -0.12     -0.02      3.70    -10.86      5.80
    6 A-T       0.38     -0.08      0.24     -1.07    -12.42      1.35
    7 T-A      -0.07     -0.02      0.34     -5.60    -14.56     -3.80
    8 T-A      -0.12     -0.16      0.41    -17.51    -20.71      0.73
    9 C-G       0.30     -0.16      0.33    -17.75      0.74      1.81
   10 G-C      -0.30     -0.35     -0.13     -8.08     -4.61     -1.51
   11 G-C       0.11     -0.30      0.31      0.72     -5.96     -2.91
   12 T-A      -0.27     -0.19     -0.21     -1.69     -6.87      1.48
          ~~~~~~~~~~~~~~~~~~~~~~~~~~~~~~~~~~~~~~~~~~~~~~~~~~~~~~~~~~~~
      ave.      0.03     -0.21      0.07     -2.77     -8.59      0.06
      s.d.      0.22      0.11      0.25      8.83      5.87      2.70
****************************************************************************
Curves base-pair step parameters
    step       Shift     Slide      Rise      Tilt      Roll     Twist
   1 AC/GT     -0.37     -0.07      3.11     -2.36     -2.58     32.83
   2 CC/GG      0.85      0.68      3.26      3.89      2.42     34.27
   3 CG/CG     -0.51      0.73      3.22     -3.09      4.29     34.61
   4 GA/TC      0.02     -0.37      3.37      1.34      0.04     39.05
   5 AA/TT      0.01     -0.82      3.35     -1.66     -0.02     36.26
   6 AT/AT     -0.49     -1.03      3.28     -2.25     -0.55     28.93
   7 TT/AA     -0.17     -0.41      3.42      0.49      0.65     39.46
   8 TC/GA      0.09      0.40      3.35     -3.06     -1.98     41.48
   9 CG/CG     -0.06      0.71      3.17      3.78      0.68     25.83
  10 GG/CC     -1.01      0.43      3.04     -7.37      1.52     36.73
  11 GT/AC      0.65     -0.22      3.42      6.49     -2.33     32.26
          ~~~~~~~~~~~~~~~~~~~~~~~~~~~~~~~~~~~~~~~~~~~~~~~~~~~~~~~~~~~~
      ave.     -0.09      0.00      3.27     -0.34      0.19     34.70
      s.d.      0.53      0.63      0.13      3.99      2.08      4.65
****************************************************************************
FreeHelix base-pair parameters (by Xiang-Jun Lu)
     bp        Shear    Stretch   Stagger    Buckle  Propeller  Opening
    1 A-T      -0.06     -0.36     -0.22     -6.13    -11.21      2.34
    2 C-G      -0.06     -0.29     -0.09      2.54     -3.41     -0.88
    3 C-G       0.27     -0.31     -0.24      6.34     -3.31     -1.51
    4 G-C      -0.03     -0.19      0.12     11.23    -10.15     -2.20
    5 A-T       0.23     -0.12     -0.02      3.67    -10.88      5.77
    6 A-T       0.38     -0.08      0.24     -1.05    -12.42      1.34
    7 T-A      -0.07     -0.02      0.34     -5.51    -14.61     -3.77
    8 T-A      -0.11     -0.16      0.40    -16.93    -21.41      0.72
    9 C-G       0.30     -0.16      0.33    -17.75      0.76      1.83
   10 G-C      -0.30     -0.35     -0.13     -8.07     -4.65     -1.51
   11 G-C       0.11     -0.30      0.31      0.72     -5.97     -2.91
   12 T-A      -0.27     -0.19     -0.21     -1.68     -6.87      1.48
          ~~~~~~~~~~~~~~~~~~~~~~~~~~~~~~~~~~~~~~~~~~~~~~~~~~~~~~~~~~~~
      ave.      0.03     -0.21      0.07     -2.72     -8.68      0.06
      s.d.      0.22      0.11      0.25      8.72      6.01      2.69
****************************************************************************
FreeHelix base-pair step parameters
    step       Shift     Slide      Rise      Tilt      Roll     Twist
   1 AC/GT     -0.37     -0.07      3.11     -2.35     -2.59     33.17
   2 CC/GG      0.85      0.68      3.26      3.89      2.42     34.33
   3 CG/CG     -0.50      0.74      3.22     -3.06      4.31     35.00
   4 GA/TC      0.01     -0.37      3.37      1.34      0.03     38.74
   5 AA/TT      0.01     -0.82      3.35     -1.66     -0.02     36.03
   6 AT/AT     -0.49     -1.03      3.28     -2.24     -0.56     28.64
   7 TT/AA     -0.17     -0.42      3.42      0.48      0.66     38.23
   8 TC/GA      0.08      0.41      3.35     -3.03     -2.02     43.13
   9 CG/CG     -0.06      0.71      3.16      3.77      0.68     25.62
  10 GG/CC     -1.01      0.43      3.03     -7.37      1.52     36.98
  11 GT/AC      0.65     -0.22      3.41      6.49     -2.34     32.23
          ~~~~~~~~~~~~~~~~~~~~~~~~~~~~~~~~~~~~~~~~~~~~~~~~~~~~~~~~~~~~
      ave.     -0.09      0.00      3.27     -0.34      0.19     34.74
      s.d.      0.52      0.63      0.13      3.98      2.09      4.84
****************************************************************************
NGEOM base-pair parameters
     bp        Shear    Stretch   Stagger    Buckle  Propeller  Opening
    1 A-T      -0.06     -0.36     -0.22     -6.14    -11.19      2.35
    2 C-G      -0.06     -0.29     -0.09      2.54     -3.41     -0.88
    3 C-G       0.27     -0.31     -0.24      6.34     -3.30     -1.50
    4 G-C      -0.03     -0.19      0.12     11.24    -10.07     -2.20
    5 A-T       0.23     -0.12     -0.02      3.67    -10.87      5.80
    6 A-T       0.38     -0.08      0.24     -1.06    -12.42      1.35
    7 T-A      -0.07     -0.02      0.34     -5.53    -14.58     -3.80
    8 T-A      -0.12     -0.16      0.40    -17.03    -21.02      0.73
    9 C-G       0.30     -0.16      0.33    -17.75      0.75      1.81
   10 G-C      -0.30     -0.35     -0.13     -8.07     -4.63     -1.51
   11 G-C       0.11     -0.30      0.31      0.72     -5.96     -2.91
   12 T-A      -0.27     -0.19     -0.21     -1.69     -6.87      1.48
          ~~~~~~~~~~~~~~~~~~~~~~~~~~~~~~~~~~~~~~~~~~~~~~~~~~~~~~~~~~~~
      ave.      0.03     -0.21      0.07     -2.73     -8.63      0.06
      s.d.      0.22      0.11      0.25      8.74      5.93      2.70
****************************************************************************
NGEOM base-pair step parameters
    step       Shift     Slide      Rise      Tilt      Roll     Twist
   1 AC/GT     -0.38     -0.08      3.11     -2.35     -2.58     33.00
   2 CC/GG      0.87      0.69      3.25      3.89      2.42     34.29
   3 CG/CG     -0.52      0.75      3.21     -3.07      4.30     34.81
   4 GA/TC      0.02     -0.37      3.37      1.34      0.03     38.89
   5 AA/TT      0.00     -0.82      3.35     -1.66     -0.02     36.15
   6 AT/AT     -0.50     -1.03      3.28     -2.25     -0.56     28.78
   7 TT/AA     -0.17     -0.41      3.42      0.48      0.66     38.84
   8 TC/GA      0.07      0.39      3.35     -3.04     -2.00     42.30
   9 CG/CG     -0.05      0.71      3.16      3.77      0.68     25.72
  10 GG/CC     -1.04      0.44      3.02     -7.37      1.52     36.82
  11 GT/AC      0.68     -0.23      3.40      6.49     -2.34     32.23
          ~~~~~~~~~~~~~~~~~~~~~~~~~~~~~~~~~~~~~~~~~~~~~~~~~~~~~~~~~~~~
      ave.     -0.09      0.00      3.26     -0.34      0.19     34.71
      s.d.      0.54      0.63      0.13      3.98      2.09      4.73
****************************************************************************
NUPARM base-pair parameters
     bp        Shear    Stretch   Stagger    Buckle  Propeller  Opening
    1 A-T      -0.06     -0.36     -0.22     -6.13    -11.18      2.34
    2 C-G      -0.06     -0.29     -0.09      2.54     -3.41     -0.88
    3 C-G       0.27     -0.31     -0.24      6.34     -3.30     -1.50
    4 G-C      -0.03     -0.19      0.12     11.23    -10.06     -2.18
    5 A-T       0.23     -0.12     -0.02      3.67    -10.88      5.77
    6 A-T       0.38     -0.08      0.24     -1.05    -12.42      1.34
    7 T-A      -0.06     -0.02      0.34     -5.51    -14.58     -3.77
    8 T-A      -0.12     -0.16      0.40    -16.93    -20.94      0.71
    9 C-G       0.30     -0.16      0.33    -17.75      0.74      1.79
   10 G-C      -0.30     -0.35     -0.13     -8.07     -4.62     -1.50
   11 G-C       0.11     -0.30      0.31      0.72     -5.97     -2.91
   12 T-A      -0.27     -0.19     -0.21     -1.69     -6.87      1.48
          ~~~~~~~~~~~~~~~~~~~~~~~~~~~~~~~~~~~~~~~~~~~~~~~~~~~~~~~~~~~~
      ave.      0.03     -0.21      0.07     -2.72     -8.62      0.06
      s.d.      0.22      0.11      0.25      8.72      5.91      2.68
****************************************************************************
NUPARM base-pair step parameters
    step       Shift     Slide      Rise      Tilt      Roll     Twist
   1 AC/GT     -0.39     -0.09      3.10     -2.35     -2.78     33.15
   2 CC/GG      0.89      0.70      3.24      4.07      2.58     34.29
   3 CG/CG     -0.54      0.78      3.20     -3.18      4.60     34.97
   4 GA/TC      0.03     -0.38      3.36      1.04     -0.23     38.73
   5 AA/TT     -0.00     -0.83      3.35     -1.52     -0.04     36.03
   6 AT/AT     -0.50     -1.03      3.28     -1.98     -0.63     28.63
   7 TT/AA     -0.17     -0.40      3.42      0.21      0.90     38.23
   8 TC/GA      0.05      0.38      3.35     -3.24     -2.07     43.09
   9 CG/CG     -0.04      0.72      3.16      3.88      0.51     25.59
  10 GG/CC     -1.07      0.45      3.01     -7.70      1.70     36.83
  11 GT/AC      0.71     -0.24      3.40      6.63     -2.42     32.13
          ~~~~~~~~~~~~~~~~~~~~~~~~~~~~~~~~~~~~~~~~~~~~~~~~~~~~~~~~~~~~
      ave.     -0.09      0.00      3.26     -0.38      0.19     34.70
      s.d.      0.55      0.64      0.13      4.08      2.23      4.84
****************************************************************************
NUPARM base-pair helical parameters
    step       X-disp    Y-disp   h-Rise     Incl.       Tip   h-Twist
   1 AC/GT      0.31      0.29      3.12     -4.70      3.93     33.35
   2 CC/GG      0.76     -0.83      3.37      4.15     -6.54     34.62
   3 CG/CG      0.56      0.39      3.31      7.34      5.03     35.41
   4 GA/TC     -0.54      0.10      3.37     -0.33     -1.48     38.74
   5 AA/TT     -1.34     -0.22      3.35     -0.06      2.33     36.06
   6 AT/AT     -1.93      0.55      3.33     -1.22      3.88     28.70
   7 TT/AA     -0.74      0.29      3.41      1.27     -0.32     38.24
   8 TC/GA      0.75     -0.42      3.31     -2.76      4.16     43.26
   9 CG/CG      1.48      1.16      3.13      1.12     -8.47     25.89
  10 GG/CC      0.48      0.67      3.17      2.50     11.40     37.64
  11 GT/AC      0.03      0.00      3.47     -4.10    -11.32     32.88
          ~~~~~~~~~~~~~~~~~~~~~~~~~~~~~~~~~~~~~~~~~~~~~~~~~~~~~~~~~~~~
      ave.     -0.02      0.18      3.30      0.29      0.24     34.98
      s.d.      1.02      0.55      0.11      3.57      6.73      4.81
****************************************************************************
RNA base-pair parameters
     bp        Shear    Stretch   Stagger    Buckle  Propeller  Opening
    1 A-T      -0.05     -0.37     -0.22     -6.14    -11.19      2.34
    2 C-G      -0.06     -0.29     -0.09      2.54     -3.41     -0.88
    3 C-G       0.27     -0.32     -0.24      6.34     -3.30     -1.50
    4 G-C      -0.05     -0.21      0.13     11.24    -10.07     -2.18
    5 A-T       0.22     -0.13     -0.03      3.68    -10.88      5.78
    6 A-T       0.38     -0.08      0.24     -1.06    -12.42      1.34
    7 T-A      -0.05     -0.02      0.35     -5.53    -14.58     -3.78
    8 T-A      -0.07     -0.20      0.40    -17.03    -21.02      0.71
    9 C-G       0.30     -0.20      0.33    -17.75      0.75      1.80
   10 G-C      -0.30     -0.36     -0.13     -8.07     -4.63     -1.50
   11 G-C       0.11     -0.30      0.31      0.72     -5.97     -2.91
   12 T-A      -0.27     -0.19     -0.21     -1.69     -6.87      1.48
          ~~~~~~~~~~~~~~~~~~~~~~~~~~~~~~~~~~~~~~~~~~~~~~~~~~~~~~~~~~~~
      ave.      0.04     -0.22      0.07     -2.73     -8.63      0.06
      s.d.      0.22      0.11      0.25      8.74      5.93      2.69
****************************************************************************
RNA base-pair step parameters
    step       Shift     Slide      Rise      Tilt      Roll     Twist
   1 AC/GT     -0.33     -0.09      3.24     -2.34     -2.66     32.99
   2 CC/GG      0.88      0.69      3.31      3.95      2.48     34.28
   3 CG/CG     -0.50      0.78      3.28     -3.10      4.41     34.78
   4 GA/TC     -0.10     -0.40      3.25      1.18     -0.09     38.89
   5 AA/TT      0.07     -0.86      3.27     -1.58     -0.03     36.14
   6 AT/AT     -0.42     -1.02      3.21     -2.10     -0.59     28.78
   7 TT/AA     -0.24     -0.39      3.24      0.35      0.77     38.84
   8 TC/GA      0.06      0.36      3.34     -3.12     -2.02     42.28
   9 CG/CG      0.00      0.73      3.32      3.81      0.60     25.71
  10 GG/CC     -1.02      0.45      3.16     -7.47      1.59     36.77
  11 GT/AC      0.61     -0.22      3.37      6.52     -2.36     32.19
          ~~~~~~~~~~~~~~~~~~~~~~~~~~~~~~~~~~~~~~~~~~~~~~~~~~~~~~~~~~~~
      ave.     -0.09      0.00      3.27     -0.35      0.19     34.70
      s.d.      0.52      0.64      0.06      4.00      2.14      4.73
****************************************************************************
RNA base-pair helical parameters
    step       X-disp    Y-disp   h-Rise     Incl.       Tip   h-Twist
   1 AC/GT      0.30      0.17      3.25     -4.60      4.04     33.18
   2 CC/GG      0.76     -0.83      3.43      4.12     -6.56     34.59
   3 CG/CG      0.59      0.34      3.39      7.21      5.07     35.20
   4 GA/TC     -0.58      0.29      3.24     -0.14     -1.74     38.91
   5 AA/TT     -1.38     -0.34      3.27     -0.05      2.50     36.18
   6 AT/AT     -1.92      0.36      3.25     -1.17      4.18     28.86
   7 TT/AA     -0.68      0.40      3.23      1.14     -0.52     38.85
   8 TC/GA      0.72     -0.42      3.30     -2.73      4.21     42.45
   9 CG/CG      1.45      1.08      3.30      1.32     -8.43     26.00
  10 GG/CC      0.49      0.58      3.31      2.45     11.47     37.55
  11 GT/AC      0.04      0.12      3.43     -4.14    -11.42     32.93
          ~~~~~~~~~~~~~~~~~~~~~~~~~~~~~~~~~~~~~~~~~~~~~~~~~~~~~~~~~~~~
      ave.     -0.02      0.16      3.31      0.31      0.26     34.97
      s.d.      1.01      0.52      0.07      3.52      6.80      4.69
****************************************************************************
Strand I base step parameters
    step       Shift     Slide      Rise      Tilt      Roll     Twist
   1  A/C      -1.07     -0.13      3.31      3.93      0.62     31.31
   2  C/C       0.14      0.85      3.31      6.75      3.90     33.69
   3  C/G      -1.49      1.11      3.38      1.22      3.76     34.17
   4  G/A      -0.80     -0.10      3.31      1.31      2.16     42.69
   5  A/A      -0.61     -0.68      3.45     -0.30     -0.35     34.03
   6  A/T      -1.11     -1.05      3.33     -1.03     -2.45     26.36
   7  T/T      -0.85     -0.83      3.40      1.06     -6.24     40.72
   8  T/C      -0.71     -0.13      3.31      0.31      1.91     42.95
   9  C/G      -0.99      0.29      3.26      8.98     -4.85     23.73
  10  G/G      -1.75      0.32      3.25     -1.54     -0.31     36.28
  11  G/T      -0.31     -0.21      3.31      7.23     -2.90     33.98
          ~~~~~~~~~~~~~~~~~~~~~~~~~~~~~~~~~~~~~~~~~~~~~~~~~~~~~~~~~~~~
      ave.     -0.87     -0.05      3.33      2.54     -0.43     34.54
      s.d.      0.52      0.67      0.06      3.62      3.36      6.11
****************************************************************************
Strand I base helical parameters
    step       X-disp    Y-disp   h-Rise     Incl.       Tip   h-Twist
   1  A/C      -0.35      0.90      3.14      1.12     -7.15     31.56
   2  C/C       0.78     -0.93      3.35      6.52    -11.28     34.58
   3  C/G       1.25      0.91      3.42      6.28     -2.04     34.40
   4  G/A      -0.36     -0.57      3.28      2.90     -1.76     42.76
   5  A/A      -1.10     -0.81      3.46     -0.59      0.51     34.03
   6  A/T      -1.61      0.33      3.45     -5.32      2.23     26.49
   7  T/T      -0.43     -0.48      3.46     -8.71     -1.49     41.21
   8  T/C      -0.38     -0.80      3.30      2.55     -0.41     42.99
   9  C/G       1.93      2.78      2.60    -11.05    -20.48     25.83
  10  G/G       0.56      0.77      3.32     -0.49      2.43     36.31
  11  G/T       0.11     -0.15      3.18     -4.81    -11.98     34.86
          ~~~~~~~~~~~~~~~~~~~~~~~~~~~~~~~~~~~~~~~~~~~~~~~~~~~~~~~~~~~~
      ave.      0.04      0.18      3.27     -1.05     -4.67     35.00
      s.d.      1.03      1.12      0.25      5.79      7.22      5.78
****************************************************************************
Strand II base step parameters
    step       Shift     Slide      Rise      Tilt      Roll     Twist
   1  T/G       0.42     -0.04      3.27     -8.68     -5.95     34.35
   2  G/G       1.62      0.53      3.34      1.11      1.07     34.73
   3  G/C       0.48      0.42      3.27     -7.45      5.09     35.21
   4  C/T       0.61     -0.67      3.32      1.47     -2.08     34.96
   5  T/T       0.77     -0.99      3.28     -3.08      0.22     38.12
   6  T/A       0.27     -1.01      3.31     -3.45      1.35     31.00
   7  A/A       0.39      0.01      3.32      0.10      7.56     36.23
   8  A/G       0.81      0.91      3.44     -6.46     -6.07     41.98
   9  G/C       0.99      1.18      3.34     -1.39      6.22     27.00
  10  C/C      -0.30      0.55      3.12    -13.37      3.63     36.95
  11  C/A       1.53     -0.25      3.54      5.91     -1.83     30.36
          ~~~~~~~~~~~~~~~~~~~~~~~~~~~~~~~~~~~~~~~~~~~~~~~~~~~~~~~~~~~~
      ave.      0.69      0.06      3.32     -3.21      0.84     34.63
      s.d.      0.55      0.74      0.10      5.48      4.58      4.05
****************************************************************************
Strand II base helical parameters
    step       X-disp    Y-disp   h-Rise     Incl.       Tip   h-Twist
   1  T/G       0.80     -0.13      3.03     -9.63     14.04     35.92
   2  G/G       0.71     -0.73      3.41      1.76     -1.84     34.76
   3  G/C      -0.05     -0.03      3.13      8.11     11.87     36.35
   4  C/T      -0.78      1.03      3.38     -3.41     -2.41     35.06
   5  T/T      -1.54      0.23      3.20      0.33      4.62     38.25
   6  T/A      -2.14      0.63      3.21      2.49      6.34     31.22
   7  A/A      -1.05      1.20      3.25     11.79     -0.16     37.01
   8  A/G       1.88      0.01      3.12     -8.16      8.68     42.90
   9  G/C       0.85     -0.62      3.46     12.96      2.90     27.74
  10  C/C       0.38      0.64      3.08      5.38     19.84     39.46
  11  C/A      -0.06      0.27      3.78     -3.40    -11.01     30.98
          ~~~~~~~~~~~~~~~~~~~~~~~~~~~~~~~~~~~~~~~~~~~~~~~~~~~~~~~~~~~~
      ave.     -0.09      0.23      3.28      1.66      4.81     35.42
      s.d.      1.19      0.62      0.22      7.51      8.68      4.25
