Reference frame: Origins (Ox, Oy, Oz) followed by the direction cosines of the
                 X- (Xx, Yx, Zx), Y- (Yx, Yx, Yx), and Z- (Zx, Zx, Zx) axes
*****************************************************************************************
Local base-pair reference frames
                Ox      Oy      Oz     Xx    Xy    Xz   Yx    Yy    Yz    Zx    Zy    Zz
   1 C-G      17.03   26.28   90.68 -0.99 -0.01  0.16 -0.06  0.94 -0.35 -0.14 -0.35 -0.92
   2 G-C      16.44   25.65   87.18 -0.74  0.66 -0.12  0.66  0.67 -0.34 -0.14 -0.33 -0.93
   3 C-G      15.83   24.66   83.90 -0.25  0.88 -0.40  0.95  0.14 -0.29 -0.20 -0.45 -0.87
   4 A-T      15.97   22.64   81.14  0.28  0.89 -0.35  0.95 -0.32 -0.05 -0.16 -0.32 -0.94
   5 A-T      15.16   21.73   77.63  0.81  0.52 -0.28  0.57 -0.80  0.18 -0.13 -0.31 -0.94
   6 A-T      14.04   21.39   74.91  0.99 -0.12 -0.03 -0.10 -0.94  0.34 -0.07 -0.33 -0.94
   7 T-A      14.48   20.78   71.09  0.79 -0.59  0.13 -0.60 -0.74  0.29 -0.07 -0.31 -0.95
   8 T-A      14.29   20.32   67.77  0.35 -0.91  0.22 -0.93 -0.31  0.20 -0.12 -0.28 -0.95
   9 T-A      13.97   18.88   64.84 -0.31 -0.87  0.38 -0.95  0.31 -0.07 -0.05 -0.38 -0.92
  10 G-C      12.21   18.86   62.18 -0.81 -0.54  0.22 -0.57  0.81 -0.10 -0.12 -0.21 -0.97
  11 C-G      12.83   18.17   58.30 -1.00 -0.02 -0.06 -0.01  0.99 -0.12  0.06 -0.12 -0.99
  12 G-C      13.24   18.44   54.82 -0.77  0.62 -0.10  0.63  0.75 -0.21 -0.05 -0.23 -0.97
*****************************************************************************************
Local middle reference frames
                Ox      Oy      Oz     Xx    Xy    Xz   Yx    Yy    Yz    Zx    Zy    Zz
   1 CG/CG    16.73   25.96   88.93 -0.94  0.35  0.02  0.32  0.87 -0.37 -0.14 -0.34 -0.93
   2 GC/GC    16.13   25.15   85.54 -0.52  0.82 -0.25  0.84  0.42 -0.34 -0.17 -0.39 -0.90
   3 CA/TG    15.90   23.65   82.52  0.01  0.92 -0.39  0.98 -0.08 -0.16 -0.18 -0.38 -0.91
   4 AA/TT    15.57   22.18   79.39  0.58  0.75 -0.34  0.80 -0.59  0.07 -0.15 -0.31 -0.94
   5 AA/TT    14.60   21.56   76.27  0.96  0.21 -0.17  0.25 -0.92  0.29 -0.10 -0.32 -0.94
   6 AT/AT    14.26   21.08   73.00  0.93 -0.37  0.06 -0.37 -0.87  0.32 -0.07 -0.32 -0.94
   7 TT/AA    14.38   20.55   69.43  0.59 -0.78  0.18 -0.80 -0.55  0.25 -0.10 -0.30 -0.95
   8 TT/AA    14.13   19.60   66.30  0.02 -0.94  0.33 -1.00  0.01  0.09 -0.09 -0.33 -0.94
   9 TG/CA    13.09   18.87   63.51 -0.59 -0.75  0.29 -0.80  0.59 -0.11 -0.09 -0.30 -0.95
  10 GC/GC    12.52   18.51   60.24 -0.95 -0.30  0.08 -0.31  0.94 -0.15 -0.03 -0.16 -0.99
  11 CG/CG    13.04   18.30   56.56 -0.94  0.32 -0.06  0.33  0.93 -0.16  0.00 -0.17 -0.99
*****************************************************************************************
Local middle helical reference frames
                Ox      Oy      Oz     Xx    Xy    Xz   Yx    Yy    Yz    Zx    Zy    Zz
   1 CG/CG    17.47   26.16   88.77 -0.94  0.34 -0.02  0.32  0.88 -0.36 -0.11 -0.34 -0.93
   2 GC/GC    16.25   24.06   85.85 -0.47  0.88 -0.09  0.80  0.38 -0.47 -0.38 -0.29 -0.88
   3 CA/TG    14.94   23.88   82.30  0.01  0.89 -0.46  1.00  0.03  0.09  0.09 -0.45 -0.89
   4 AA/TT    16.09   22.62   79.15  0.57  0.74 -0.35  0.81 -0.58  0.10 -0.13 -0.34 -0.93
   5 AA/TT    15.64   22.43   75.73  0.96  0.19 -0.22  0.26 -0.90  0.36 -0.13 -0.40 -0.91
   6 AT/AT    15.33   20.08   73.28  0.93 -0.36  0.08 -0.37 -0.88  0.30 -0.04 -0.31 -0.95
   7 TT/AA    14.88   20.69   69.38  0.59 -0.79  0.16 -0.80 -0.57  0.16 -0.03 -0.22 -0.97
   8 TT/AA    14.01   19.06   66.59  0.03 -0.91  0.41 -0.97  0.06  0.23 -0.23 -0.40 -0.88
   9 TG/CA    13.81   22.11   63.00 -0.58 -0.81  0.05 -0.79  0.55 -0.26  0.18 -0.19 -0.96
  10 GC/GC    14.16   18.36   60.54 -0.95 -0.31  0.03 -0.29  0.84 -0.45  0.12 -0.44 -0.89
  11 CG/CG    13.47   17.07   56.52 -0.93  0.34  0.14  0.34  0.94 -0.06 -0.15 -0.01 -0.99
*****************************************************************************************
Local strand I base reference frames
                Ox      Oy      Oz     Xx    Xy    Xz   Yx    Yy    Yz    Zx    Zy    Zz
   1 C        17.14   26.20   90.69 -0.99 -0.06  0.11 -0.10  0.90 -0.43 -0.07 -0.43 -0.90
   2 G        16.33   25.52   86.91 -0.75  0.62 -0.24  0.66  0.64 -0.40 -0.09 -0.45 -0.89
   3 C        15.87   24.43   84.02 -0.29  0.80 -0.53  0.94  0.13 -0.32 -0.19 -0.59 -0.79
   4 A        15.92   22.75   80.98  0.15  0.88 -0.44  0.94 -0.26 -0.20 -0.30 -0.39 -0.87
   5 A        15.26   21.82   77.31  0.74  0.52 -0.43  0.62 -0.77  0.15 -0.25 -0.38 -0.89
   6 A        14.03   21.52   74.92  0.97 -0.14 -0.21 -0.07 -0.95  0.29 -0.24 -0.27 -0.93
   7 T        14.55   20.77   71.17  0.75 -0.67 -0.02 -0.61 -0.70  0.37 -0.26 -0.27 -0.93
   8 T        14.21   20.52   67.76  0.36 -0.93  0.07 -0.90 -0.32  0.29 -0.25 -0.16 -0.96
   9 T        14.13   19.03   64.94 -0.32 -0.93  0.18 -0.94  0.33  0.04 -0.09 -0.16 -0.98
  10 G        12.18   18.78   61.98 -0.81 -0.55  0.18 -0.58  0.78 -0.23 -0.01 -0.29 -0.96
  11 C        12.95   18.11   57.93 -0.99 -0.05 -0.15 -0.04  1.00 -0.07  0.15 -0.06 -0.99
  12 G        13.24   18.37   54.95 -0.78  0.58 -0.22  0.62  0.75 -0.21  0.04 -0.31 -0.95
*****************************************************************************************
Local strand II base reference frames
                Ox      Oy      Oz     Xx    Xy    Xz   Yx    Yy    Yz    Zx    Zy    Zz
   1 G        16.91   26.36   90.68 -0.98  0.04  0.21 -0.02  0.96 -0.27 -0.22 -0.27 -0.94
   2 C        16.54   25.77   87.45 -0.72  0.69  0.00  0.66  0.70 -0.27 -0.19 -0.20 -0.96
   3 G        15.79   24.89   83.79 -0.22  0.94 -0.26  0.96  0.15 -0.26 -0.20 -0.30 -0.93
   4 T        16.02   22.53   81.30  0.39  0.89 -0.22  0.92 -0.38  0.08 -0.01 -0.24 -0.97
   5 T        15.06   21.63   77.95  0.86  0.50 -0.13  0.52 -0.84  0.19 -0.02 -0.23 -0.97
   6 T        14.05   21.26   74.90  0.98 -0.09  0.15 -0.14 -0.92  0.36  0.11 -0.38 -0.92
   7 A        14.41   20.79   71.02  0.81 -0.51  0.29 -0.58 -0.79  0.23  0.11 -0.35 -0.93
   8 A        14.37   20.12   67.78  0.32 -0.87  0.37 -0.95 -0.30  0.11  0.01 -0.38 -0.92
   9 A        13.81   18.73   64.74 -0.32 -0.77  0.56 -0.95  0.26 -0.17 -0.01 -0.58 -0.81
  10 C        12.23   18.93   62.38 -0.80 -0.54  0.26 -0.55  0.84  0.03 -0.23 -0.12 -0.97
  11 G        12.72   18.23   58.68 -1.00  0.01  0.02  0.01  0.99 -0.17 -0.02 -0.17 -0.99
  12 C        13.24   18.52   54.70 -0.75  0.66  0.02  0.64  0.74 -0.21 -0.15 -0.15 -0.98
****************************************************************************
Local strand I base step parameters
    step       Shift     Slide      Rise      Tilt      Roll     Twist
   1  C/G       0.81      0.87      3.74      1.47      0.82     47.22
   2  G/C       0.51      0.30      3.07      9.93     -5.04     33.11
   3  C/A       0.03      0.90      3.36      5.52     12.76     23.12
   4  A/A       0.72      0.03      3.77     -2.05      2.38     40.55
   5  A/A      -0.43     -0.68      2.59      6.15      2.41     42.54
   6  A/T       1.23     -0.84      3.56     -0.22     -0.96     35.29
   7  T/T      -0.11     -0.73      3.35      4.07     -4.54     27.39
   8  T/T       1.02     -0.40      2.99      9.06     -0.40     40.05
   9  T/G       0.72      1.69      3.04      8.34      3.67     36.28
  10  G/C      -0.47     -0.10      4.15     -9.74    -13.16     34.10
  11  C/G       0.24      0.77      2.89     15.48      1.43     39.47
          ~~~~~~~~~~~~~~~~~~~~~~~~~~~~~~~~~~~~~~~~~~~~~~~~~~~~~~~~~~~~
      ave.      0.39      0.17      3.32      4.36     -0.06     36.28
      s.d.      0.58      0.82      0.46      6.83      6.41      6.85
****************************************************************************
Local strand I base helical parameters
    step       X-disp    Y-disp   h-Rise     Incl.       Tip   h-Twist
   1  C/G       1.01     -0.88      3.77      1.02     -1.83     47.25
   2  G/C       1.23      0.58      3.01     -8.56    -16.84     34.88
   3  C/A      -1.66      1.50      3.32     28.74    -12.44     26.93
   4  A/A      -0.27     -1.30      3.73      3.43      2.95     40.66
   5  A/A      -1.11      1.06      2.46      3.30     -8.41     43.03
   6  A/T      -1.22     -2.07      3.57     -1.58      0.37     35.30
   7  T/T      -0.39      1.23      3.37     -9.44     -8.45     28.05
   8  T/T      -0.54     -0.52      3.15     -0.57    -13.02     41.02
   9  T/G       2.17     -0.04      3.27      5.78    -13.13     37.37
  10  G/C       2.06     -0.91      3.92    -21.00     15.55     37.72
  11  C/G       0.94      1.11      2.82      2.02    -21.92     42.31
          ~~~~~~~~~~~~~~~~~~~~~~~~~~~~~~~~~~~~~~~~~~~~~~~~~~~~~~~~~~~~
      ave.      0.20     -0.02      3.31      0.28     -7.02     37.68
      s.d.      1.34      1.20      0.44     12.22     10.56      6.19
****************************************************************************
Local strand II base step parameters
    step       Shift     Slide      Rise      Tilt      Roll     Twist
   1  G/C      -0.22      0.29      3.28     -4.64      0.19     42.49
   2  C/G       0.07      0.05      3.84      3.68     -5.22     36.07
   3  G/T      -1.54      0.70      2.99    -10.32      5.32     35.37
   4  T/T      -0.66     -0.62      3.48      0.43      0.17     35.80
   5  T/T      -1.01     -0.80      2.97    -10.56      5.41     38.64
   6  T/A      -0.43     -0.90      3.80      1.74     -0.60     27.76
   7  A/A      -0.60     -0.14      3.25     -5.68     -1.86     35.71
   8  A/A      -0.27      0.56      3.33     -1.58     13.11     37.09
   9  A/C      -0.08      1.67      2.30    -26.86    -15.30     33.66
  10  C/G      -0.87     -0.43      3.67      5.99    -10.55     35.11
  11  G/C      -0.48      1.17      3.82      1.39      7.10     39.82
          ~~~~~~~~~~~~~~~~~~~~~~~~~~~~~~~~~~~~~~~~~~~~~~~~~~~~~~~~~~~~
      ave.     -0.55      0.14      3.34     -4.22     -0.20     36.14
      s.d.      0.46      0.83      0.47      9.24      8.10      3.73
****************************************************************************
Local strand II base helical parameters
    step       X-disp    Y-disp   h-Rise     Incl.       Tip   h-Twist
   1  G/C       0.38     -0.16      3.29      0.26      6.38     42.73
   2  C/G       0.91      0.48      3.79     -8.34     -5.88     36.61
   3  G/T       0.40      1.04      3.37      8.48     16.45     37.17
   4  T/T      -1.03      1.14      3.47      0.27     -0.70     35.80
   5  T/T      -1.73      0.35      3.00      7.95     15.51     40.36
   6  T/A      -1.70      1.39      3.79     -1.25     -3.61     27.82
   7  A/A       0.04      0.16      3.31     -3.00      9.18     36.19
   8  A/A      -0.81      0.20      3.34     19.85      2.39     39.29
   9  A/C       3.02     -1.40      1.22    -21.63     37.95     45.40
  10  C/G       0.91      2.28      3.47    -16.88     -9.59     37.08
  11  G/C       0.73      0.88      3.95     10.32     -2.02     40.44
          ~~~~~~~~~~~~~~~~~~~~~~~~~~~~~~~~~~~~~~~~~~~~~~~~~~~~~~~~~~~~
      ave.      0.10      0.58      3.27     -0.36      6.00     38.08
      s.d.      1.38      0.95      0.73     12.11     13.53      4.53
****************************************************************************
xyz coordinates of C1' atoms

    bp        xI       yI       zI       xII      yII      zII
   1 C-G    19.064   31.197   88.144   19.525   21.184   91.667
   2 G-C    21.750   27.546   85.267   14.828   20.297   89.081
   3 C-G    21.690   23.184   83.547   11.267   21.747   85.862
   4 A-T    20.485   19.089   80.935   10.120   22.408   81.356
   5 A-T    16.624   16.506   79.209   10.219   24.876   77.224
   6 A-T    11.257   16.789   76.921   12.305   26.252   72.486
   7 T-A     9.440   18.662   73.236   15.501   26.285   69.072
   8 T-A     8.558   21.077   69.247   18.572   23.911   66.273
   9 T-A     9.914   23.122   64.702   19.560   19.356   64.281
  10 G-C    11.007   24.404   60.293   17.194   15.816   61.579
  11 C-G    15.203   23.578   57.965   15.163   12.847   59.452
  12 G-C    18.555   20.822   54.293   11.630   12.884   55.735
****************************************************************************
xyz coordinates of RN9/YN1 atoms

    bp        xI       yI       zI       xII      yII      zII
   1 C-G    17.930   30.347   88.622   18.215   21.886   91.654
   2 G-C    20.321   27.681   85.416   14.455   21.685   88.680
   3 C-G    20.510   23.964   83.256   11.715   22.975   85.247
   4 A-T    19.966   20.420   80.625   11.365   23.139   81.246
   5 A-T    17.113   17.681   78.543   11.655   24.765   77.283
   6 A-T    12.429   17.455   76.494   13.437   25.533   73.087
   7 T-A    10.811   18.473   72.841   15.974   24.999   69.622
   8 T-A     9.687   20.264   68.956   18.187   22.613   66.816
   9 T-A    10.287   21.681   64.876   18.434   18.555   64.786
  10 G-C    10.597   23.069   60.668   15.753   15.808   61.935
  11 C-G    14.031   22.708   57.804   13.951   13.693   59.446
  12 G-C    17.096   21.069   54.235   11.300   14.321   55.638
****************************************************************************
xyz coordinates of RC8/YC6 atoms

    bp        xI       yI       zI       xII      yII      zII
   1 C-G    16.662   30.716   88.525   17.023   21.562   92.016
   2 G-C    19.588   28.720   84.937   13.258   22.231   88.848
   3 C-G    20.588   25.044   82.429   11.053   24.178   85.066
   4 A-T    20.503   21.455   79.946   11.343   24.437   80.903
   5 A-T    18.315   18.071   78.033   12.426   25.858   77.005
   6 A-T    13.716   16.867   76.345   14.722   25.940   73.022
   7 T-A    11.428   17.266   73.029   17.252   24.605   69.874
   8 T-A     9.626   18.892   69.247   18.998   21.570   67.236
   9 T-A     9.349   20.720   65.115   18.434   17.463   65.613
  10 G-C     9.294   22.650   60.862   15.037   14.732   62.239
  11 C-G    12.781   23.139   57.603   12.678   13.352   59.562
  12 G-C    16.340   22.108   53.879   10.032   14.761   55.748
****************************************************************************
xyz coordinates of O1P atoms w.r.t. the middle frame of each dimer

    step       xI      yI      zI     xII     yII     zII
   1 CG/CG   -3.78    9.60   -0.54   -2.35   10.00    0.85
   2 GC/GC   -2.25   10.58    0.35   -2.79    9.67   -1.69
   3 CA/TG   -1.63   10.18    1.28   -3.38    9.88   -1.16
   4 AA/TT   -3.48    9.23   -0.11   -3.73   10.36   -1.85
   5 AA/TT   -3.68    9.27    0.28   -4.67    9.37   -0.26
   6 AT/AT   -4.17    9.83   -1.34   -5.40    9.38   -0.84
   7 TT/AA   -4.66    9.84   -1.83   -4.21    9.47   -0.36
   8 TT/AA   -4.32   10.31   -1.62   -3.15   10.09    0.22
   9 TG/CA   -4.38    8.90   -1.89   -2.30   10.49   -0.60
  10 GC/GC   -3.43    9.75    2.07   -4.17    9.89   -0.42
  11 CG/CG   -3.35    9.94   -0.50   -2.20   10.54   -0.08
****************************************************************************
xyz coordinates of O1P atoms w.r.t. the middle helix frame of each dimer

    step      xIH     yIH     zIH     xIIH    yIIH    zIIH
   1 CG/CG   -3.17    9.13   -0.32   -1.75   10.46    0.87
   2 GC/GC   -1.10   10.96   -1.54   -2.14    8.91   -2.47
   3 CA/TG   -1.75   10.42    4.08   -3.69    8.89    1.31
   4 AA/TT   -4.19    9.08    0.27   -4.41   10.57   -1.55
   5 AA/TT   -4.92    9.91    1.22   -5.95    8.67    0.24
   6 AT/AT   -5.52    9.22   -1.68   -6.81    9.93   -0.94
   7 TT/AA   -4.90   10.11   -2.67   -4.37    8.90   -1.39
   8 TT/AA   -4.84   10.32   -0.43   -3.66   10.07    1.99
   9 TG/CA   -1.79    7.25   -2.13    1.19   11.57   -2.73
  10 GC/GC   -1.91   10.68   -0.94   -2.56    8.47   -3.73
  11 CG/CG   -2.45   10.99   -0.18   -1.24    9.47    1.38
****************************************************************************
xyz coordinates of O2P atoms w.r.t. the middle frame of each dimer

    step       xI      yI      zI     xII     yII     zII
   1 CG/CG   -2.21    9.11    1.26   -0.17    8.94    1.02
   2 GC/GC   -0.82    8.53    1.00   -2.13    9.47    0.75
   3 CA/TG   -1.10    7.67    1.65   -1.26    9.85    0.17
   4 AA/TT   -1.59    9.41    1.41   -1.96   10.27   -0.12
   5 AA/TT   -1.61    8.56    1.51   -2.27    9.49    0.42
   6 AT/AT   -2.02    9.31   -0.01   -3.00   10.00   -0.09
   7 TT/AA   -2.29   10.08   -1.21   -1.82    9.55    0.40
   8 TT/AA   -2.81    9.69    0.21   -1.13    9.19    1.35
   9 TG/CA   -2.28   10.20   -1.91   -0.87    9.19    0.88
  10 GC/GC   -1.27    8.85    2.80   -1.75    9.94    0.13
  11 CG/CG   -1.24    8.89    0.44   -1.19    8.96    1.51
****************************************************************************
xyz coordinates of O2P atoms w.r.t. the middle helix frame of each dimer

    step      xIH     yIH     zIH     xIIH    yIIH    zIIH
   1 CG/CG   -1.54    8.62    1.42    0.42    9.40    1.10
   2 GC/GC    0.16    9.04   -0.36   -1.04    9.05   -0.18
   3 CA/TG   -1.21    7.90    3.73   -1.66    8.48    2.73
   4 AA/TT   -2.27    9.20    1.77   -2.67   10.42    0.20
   5 AA/TT   -2.79    9.11    2.28   -3.59    8.73    1.06
   6 AT/AT   -3.40    8.73   -0.28   -4.39   10.57   -0.26
   7 TT/AA   -2.51   10.40   -2.14   -2.00    9.05   -0.58
   8 TT/AA   -3.49    9.42    1.42   -1.56    9.02    2.80
   9 TG/CA    0.21    8.49   -2.85    2.20   10.53   -0.77
  10 GC/GC    0.30   10.03   -0.07   -0.17    8.71   -3.11
  11 CG/CG   -0.55    9.82    1.04    0.05    7.75    2.57
****************************************************************************
xyz coordinates of P atoms w.r.t. the middle frame of each dimer

    step       xI      yI      zI     xII     yII     zII
   1 CG/CG   -2.74    8.53    0.07   -1.56    8.80    0.48
   2 GC/GC   -2.13    9.12    0.56   -2.83    8.86   -0.37
   3 CA/TG   -1.96    8.81    1.20   -2.12    9.05   -0.62
   4 AA/TT   -2.46    8.41    0.75   -2.84    9.52   -1.05
   5 AA/TT   -2.72    8.16    0.45   -3.34    8.72   -0.18
   6 AT/AT   -3.16    8.73   -0.82   -3.96    9.02   -0.52
   7 TT/AA   -3.38    9.15   -1.20   -2.88    8.79    0.01
   8 TT/AA   -3.44    9.17   -1.04   -2.35    8.87    0.62
   9 TG/CA   -2.89    8.95   -1.34   -1.96    9.06   -0.16
  10 GC/GC   -2.32    8.75    1.88   -2.82    9.09   -0.35
  11 CG/CG   -2.53    8.68   -0.19   -2.04    9.07    0.26
****************************************************************************
xyz coordinates of P atoms w.r.t. the middle helix frame of each dimer

    step      xIH     yIH     zIH     xIIH    yIIH    zIIH
   1 CG/CG   -2.11    8.06    0.24   -0.94    9.27    0.52
   2 GC/GC   -1.04    9.55   -1.11   -1.92    8.29   -1.06
   3 CA/TG   -2.10    9.11    3.65   -2.45    7.93    1.70
   4 AA/TT   -3.15    8.23    1.08   -3.54    9.70   -0.77
   5 AA/TT   -3.95    8.79    1.24   -4.62    8.01    0.34
   6 AT/AT   -4.52    8.13   -1.11   -5.36    9.58   -0.64
   7 TT/AA   -3.60    9.49   -2.01   -3.05    8.25   -0.92
   8 TT/AA   -4.00    9.09    0.05   -2.84    8.81    2.14
   9 TG/CA   -0.22    7.36   -1.96    1.38   10.22   -2.02
  10 GC/GC   -0.79    9.66   -0.87   -1.22    7.75   -3.35
  11 CG/CG   -1.70    9.69    0.16   -1.03    7.97    1.53
****************************************************************************
xyz coordinates of P atoms

    bp        xI       yI       zI       xII      yII      zII
   1 C-G     ----     ----     ----    15.430   17.907   92.611
   2 G-C    22.027   32.412   85.674   10.105   18.937   88.952
   3 C-G    24.794   27.065   82.468    6.864   22.207   84.232
   4 A-T    24.328   20.658   80.813    6.116   25.353   78.692
   5 A-T    20.805   15.155   80.101    9.158   28.856   74.192
   6 A-T    14.016   13.303   78.647   13.847   30.240   69.363
   7 T-A     8.190   14.896   76.429   19.689   27.620   66.706
   8 T-A     5.181   18.543   72.246   22.967   21.952   65.335
   9 T-A     5.017   23.270   66.964   21.496   14.970   63.771
  10 G-C     7.746   26.708   62.982   17.983   10.748   61.004
  11 C-G    11.978   27.131   56.937   11.970    9.253   58.405
  12 G-C    18.290   25.587   55.502    ----     ----     ---- 
*******************************************************************************************
Phosphorus-phosphorus distance in Angstroms

            1      2      3      4      5      6      7      8      9     10     11     12
            G      C      G      T      T      T      A      A      A      C      G      C   
   1 C    ----   ----   ----   ----   ----   ----   ----   ----   ----   ----   ----   ----
   2 G    17.4   18.3   18.3   18.8   17.6   18.4   19.7   22.9   28.0   33.1   37.2   ----
   3 C    16.6   18.0   18.7   19.1   17.8   17.4   16.6   18.0   22.5   27.8   32.6   ----
   4 A    15.0   16.5   17.9   18.9   18.5   18.2   16.4   15.6   18.2   23.0   28.0   ----
   5 A    13.9   14.4   16.2   17.9   18.9   19.8   18.3   16.4   16.3   19.8   24.2   ----
   6 A    14.8   12.4   12.7   14.4   16.9   19.3   19.5   18.2   16.7   18.3   20.7   ----
   7 T    18.0   13.3   10.8   10.9   14.2   17.8   19.7   19.8   18.4   18.7   19.3   ----
   8 T    22.8   17.4   12.6    9.4   11.2   14.8   18.0   19.4   18.7   18.7   18.0   ----
   9 T    28.2   23.0   17.4   12.0   10.0   11.5   15.3   18.1   18.7   19.0   17.8   ----
  10 G    31.8   27.2   21.7   15.9   11.5    9.5   12.5   16.1   18.1   19.1   18.5   ----
  11 C    37.0   33.1   28.2   22.6   17.6   12.9   12.5   14.8   16.9   17.9   17.9   ----
  12 G    38.0   35.1   31.1   26.2   21.1   15.3   11.5   11.5   13.8   15.8   17.8   ----
****************************************************************************
Strand I helix radius

    step          P        O4'       C1'
   1  C/G       7.94      5.26      4.79
   2  G/C       9.69      6.59      6.03
   3  C/A       9.99      8.66      7.68
   4  A/A       7.81      5.60      4.82
   5  A/A      10.06      7.87      7.27
   6  A/T       8.11      5.45      4.91
   7  T/T      10.92      7.86      7.02
   8  T/T       9.55      6.30      5.62
   9  T/G       9.05      6.15      5.35
  10  G/C       8.01      4.93      4.30
  11  C/G       9.84      7.65      6.61
****************************************************************************
Strand II helix radius

    step          P        O4'       C1'
   1  G/C       9.01      6.77      5.91
   2  C/G       8.73      5.66      5.13
   3  G/T       8.24      5.44      4.78
   4  T/T       9.45      6.00      5.46
   5  T/T       9.91      7.15      6.49
   6  T/A       9.56      6.48      5.75
   7  A/A       9.09      6.07      5.69
   8  A/A       8.82      6.73      5.82
   9  A/C       9.77      6.80      6.24
  10  C/G       7.05      3.81      3.38
  11  G/C       8.21      5.58      4.77
****************************************************************************************
Base-pair helix axis

               Ox      Oy      Oz     Xx    Xy    Xz   Yx    Yy    Yz    Zx    Zy    Zz
   1 CG/CG   17.67   26.77   90.43 -0.99 -0.02  0.12 -0.06  0.94 -0.34 -0.11 -0.34 -0.93
             17.28   25.55   87.12 -0.75  0.65 -0.15  0.66  0.68 -0.33 -0.11 -0.34 -0.93
   2 GC/GC   16.89   24.55   87.35 -0.69  0.72  0.06  0.62  0.63 -0.47 -0.38 -0.29 -0.88
             15.61   23.57   84.36 -0.20  0.95 -0.23  0.90  0.09 -0.42 -0.38 -0.29 -0.88
   3 CA/TG   14.78   24.65   83.80 -0.26  0.85 -0.46  0.96  0.27 -0.04  0.09 -0.45 -0.89
             15.10   23.11   80.80  0.28  0.87 -0.42  0.96 -0.21  0.21  0.09 -0.45 -0.89
   4 AA/TT   16.33   23.25   80.86  0.28  0.89 -0.37  0.95 -0.30 -0.02 -0.13 -0.34 -0.93
             15.86   21.98   77.44  0.81  0.51 -0.30  0.58 -0.79  0.21 -0.13 -0.34 -0.93
   5 AA/TT   15.82   22.98   76.98  0.80  0.50 -0.34  0.58 -0.77  0.26 -0.13 -0.40 -0.91
             15.46   21.88   74.49  0.99 -0.14 -0.08 -0.09 -0.91  0.41 -0.13 -0.40 -0.91
   6 AT/AT   15.41   20.67   75.09  0.99 -0.11 -0.01 -0.10 -0.94  0.31 -0.04 -0.31 -0.95
             15.26   19.49   71.48  0.80 -0.59  0.16 -0.61 -0.75  0.27 -0.04 -0.31 -0.95
   7 TT/AA   14.94   21.06   71.01  0.79 -0.60  0.11 -0.61 -0.77  0.19 -0.03 -0.22 -0.97
             14.83   20.32   67.75  0.35 -0.92  0.20 -0.94 -0.33  0.11 -0.03 -0.22 -0.97
   8 TT/AA   14.38   19.71   68.02  0.36 -0.88  0.31 -0.90 -0.25  0.35 -0.23 -0.40 -0.88
             13.63   18.40   65.15 -0.30 -0.84  0.46 -0.93  0.37  0.07 -0.23 -0.40 -0.88
   9 TG/CA   13.61   22.32   64.09 -0.30 -0.95  0.13 -0.94  0.26 -0.23  0.18 -0.19 -0.96
             14.02   21.89   61.92 -0.80 -0.59 -0.03 -0.57  0.78 -0.26  0.18 -0.19 -0.96
  10 GC/GC   13.93   19.19   62.25 -0.81 -0.56  0.17 -0.57  0.70 -0.42  0.12 -0.44 -0.89
             14.39   17.52   58.82 -0.99 -0.04 -0.11  0.02  0.90 -0.44  0.12 -0.44 -0.89
  11 CG/CG   13.72   17.10   58.18 -0.99 -0.01  0.15 -0.01  1.00 -0.01 -0.15 -0.01 -0.99
             13.22   17.05   54.85 -0.75  0.65  0.10  0.64  0.76 -0.11 -0.15 -0.01 -0.99
****************************************************************************************
Strand I helix axis

               Ox      Oy      Oz     Xx    Xy    Xz   Yx    Yy    Yz    Zx    Zy    Zz
   1  C/G    18.05   27.04   90.19 -0.99 -0.05  0.14 -0.10  0.91 -0.41 -0.10 -0.42 -0.90
             17.66   25.46   86.79 -0.75  0.63 -0.21  0.66  0.65 -0.38 -0.10 -0.42 -0.90
   2  G/C    16.80   24.28   87.19 -0.68  0.74  0.02  0.62  0.58 -0.53 -0.40 -0.34 -0.85
             15.60   23.24   84.63 -0.20  0.94 -0.28  0.89  0.06 -0.44 -0.40 -0.34 -0.85
   3  C/A    13.99   25.39   83.28 -0.29  0.90 -0.34  0.93  0.35  0.12  0.23 -0.28 -0.93
             14.74   24.48   80.18  0.16  0.96 -0.24  0.96 -0.09  0.26  0.23 -0.28 -0.93
   4  A/A    17.20   22.66   80.65  0.14  0.86 -0.49  0.96 -0.24 -0.15 -0.25 -0.45 -0.86
             16.28   20.99   77.45  0.73  0.50 -0.47  0.64 -0.74  0.20 -0.25 -0.45 -0.86
   5  A/A    15.44   23.25   76.77  0.77  0.57 -0.29  0.63 -0.75  0.20 -0.10 -0.34 -0.93
             15.19   22.41   74.47  0.99 -0.09 -0.07 -0.06 -0.94  0.35 -0.10 -0.34 -0.93
   6  A/T    15.05   19.36   75.21  0.97 -0.14 -0.22 -0.08 -0.96  0.27 -0.24 -0.24 -0.94
             14.17   18.49   71.85  0.74 -0.67 -0.02 -0.62 -0.70  0.34 -0.24 -0.24 -0.94
   7  T/T    15.63   21.43   70.95  0.77 -0.63  0.12 -0.64 -0.74  0.21 -0.04 -0.24 -0.97
             15.49   20.61   67.68  0.38 -0.90  0.21 -0.93 -0.36  0.13 -0.04 -0.24 -0.97
   8  T/T    13.95   19.88   68.06  0.40 -0.87  0.28 -0.90 -0.33  0.28 -0.15 -0.37 -0.92
             13.47   18.73   65.17 -0.29 -0.87  0.40 -0.94  0.33  0.03 -0.15 -0.37 -0.92
   9  T/G    14.69   20.94   64.09 -0.28 -0.88  0.40 -0.93  0.35  0.13 -0.25 -0.33 -0.91
             13.85   19.86   61.12 -0.78 -0.48  0.39 -0.57  0.81 -0.14 -0.25 -0.33 -0.91
  10  G/C    13.29   20.71   61.61 -0.76 -0.65 -0.07 -0.51  0.65 -0.56  0.41 -0.39 -0.82
             14.89   19.17   58.38 -0.91 -0.11 -0.40  0.06  0.91 -0.40  0.41 -0.39 -0.82
  11  C/G    13.90   17.03   57.75 -0.97 -0.03  0.23 -0.04  1.00 -0.03 -0.23 -0.04 -0.97
             13.25   16.92   55.01 -0.75  0.65  0.15  0.63  0.76 -0.18 -0.23 -0.04 -0.97
****************************************************************************************
Strand II helix axis

               Ox      Oy      Oz     Xx    Xy    Xz   Yx    Yy    Yz    Zx    Zy    Zz
   1  G/C    17.29   26.51   90.60 -0.99  0.01  0.11 -0.02  0.96 -0.27 -0.11 -0.27 -0.96
             16.94   25.63   87.45 -0.74  0.66 -0.10  0.66  0.70 -0.27 -0.11 -0.27 -0.96
   2  C/G    16.89   24.80   87.56 -0.70  0.71  0.10  0.62  0.67 -0.41 -0.36 -0.22 -0.91
             15.53   23.95   84.12 -0.19  0.97 -0.16  0.91  0.11 -0.39 -0.36 -0.22 -0.91
   3  G/T    14.87   24.34   84.12 -0.24  0.82 -0.52  0.97  0.21 -0.12  0.01 -0.53 -0.85
             14.91   22.56   81.27  0.39  0.78 -0.49  0.92 -0.33  0.21  0.01 -0.53 -0.85
   4  T/T    15.37   23.89   80.99  0.39  0.90 -0.21  0.92 -0.38  0.08 -0.01 -0.23 -0.97
             15.36   23.10   77.61  0.86  0.50 -0.12  0.52 -0.83  0.19 -0.01 -0.23 -0.97
   5  T/T    16.31   22.61   77.18  0.83  0.41 -0.38  0.53 -0.79  0.31 -0.18 -0.47 -0.87
             15.79   21.21   74.58  0.98 -0.20 -0.09 -0.13 -0.86  0.49 -0.18 -0.47 -0.87
   6  T/A    15.90   22.44   74.79  0.98 -0.06  0.21 -0.13 -0.93  0.34  0.18 -0.36 -0.91
             16.56   21.06   71.32  0.80 -0.49  0.35 -0.57 -0.79  0.21  0.18 -0.36 -0.91
   7  A/A    14.47   20.94   70.98  0.82 -0.56  0.14 -0.57 -0.80  0.18  0.01 -0.22 -0.97
             14.51   20.21   67.76  0.32 -0.92  0.21 -0.95 -0.32  0.06  0.01 -0.22 -0.97
   8  A/A    14.80   19.43   67.96  0.31 -0.89  0.33 -0.89 -0.16  0.42 -0.32 -0.43 -0.85
             13.73   18.00   65.14 -0.32 -0.79  0.52 -0.89  0.44  0.12 -0.32 -0.43 -0.85
   9  A/C    13.06   21.92   64.11 -0.14 -0.99 -0.03 -0.85  0.14 -0.51  0.50 -0.05 -0.86
             13.68   21.85   63.06 -0.71 -0.60 -0.38 -0.49  0.80 -0.34  0.50 -0.05 -0.86
  10  C/G    14.32   17.67   62.57 -0.77 -0.49  0.41 -0.61  0.75 -0.25 -0.19 -0.44 -0.88
             13.66   16.13   59.53 -0.98  0.06  0.18 -0.02  0.89 -0.45 -0.19 -0.44 -0.88
  11  G/C    13.44   17.33   58.63 -1.00  0.01  0.06  0.01  1.00  0.01 -0.06  0.01 -1.00
             13.21   17.37   54.69 -0.75  0.66  0.05  0.66  0.75 -0.03 -0.06  0.01 -1.00
