  12 # base-pairs
   1 # ***local base-pair & helical parameters***
#        Shear    Stretch   Stagger   Buckle   Prop-Tw   Opening     X-disp    Y-disp    h-Rise    Incl.     Tip     h-Twist
C-G     -0.229    -0.167     0.015    10.227    -7.845    -3.545     0.000     0.000     0.000     0.000     0.000     0.000
G-C      0.061    -0.123     0.616     7.601   -14.501     0.964     0.680    -0.512     3.547     0.609     2.072    45.040
C-G     -0.523    -0.055    -0.014     4.027   -17.931    -0.630     1.094     0.488     3.397    -8.379   -11.244    35.814
A-T      0.279    -0.148     0.246    12.897   -14.445   -12.269    -0.310     1.008     3.383    16.182     4.082    31.165
A-T      0.437    -0.157     0.522    -0.139   -16.378    -7.574    -0.750    -0.157     3.679     2.104     1.095    38.153
A-T     -0.059    -0.233    -0.096     4.188   -20.847    -4.185    -1.373     0.751     2.748     4.915     3.255    41.400
T-A      0.148    -0.020    -0.145    -9.297   -19.782     3.661    -1.437    -0.596     3.799    -1.439    -1.420    31.453
T-A     -0.427     0.024    -0.080    -9.719   -17.144    -4.374    -0.189     0.508     3.347    -5.823     1.443    32.155
T-A     -0.278    -0.218    -0.320   -12.603   -23.752    -1.204    -0.647    -0.159     3.246     9.141    -5.261    39.953
G-C      0.034    -0.054     0.426    15.237    -4.584     0.055     3.249    -1.409     2.251    -9.368    14.682    37.224
C-G     -0.183    -0.033     0.773    -6.075   -10.095    -2.364     1.577     0.784     3.836   -19.308     3.146    36.183
G-C     -0.126    -0.166    -0.209     0.219   -14.315    -1.323     0.889     1.078     3.375     5.948   -12.110    41.040
