  12 # base-pairs
   0 # ***local base-pair & step parameters***
#        Shear    Stretch   Stagger   Buckle   Prop-Tw   Opening     Shift     Slide     Rise      Tilt      Roll      Twist
C-G     -0.229    -0.167     0.015    10.227    -7.845    -3.545     0.000     0.000     0.000     0.000     0.000     0.000
G-C      0.061    -0.123     0.616     7.601   -14.501     0.964     0.273     0.556     3.553    -1.587     0.467    45.011
C-G     -0.523    -0.055    -0.014     4.027   -17.931    -0.630     0.344     0.193     3.453     6.852    -5.106    34.812
A-T      0.279    -0.148     0.246    12.897   -14.445   -12.269    -0.771     0.745     3.259    -2.164     8.580    29.913
A-T      0.437    -0.157     0.522    -0.139   -16.378    -7.574     0.036    -0.362     3.695    -0.715     1.375    38.122
A-T     -0.059    -0.233    -0.096     4.188   -20.847    -4.185    -0.678    -0.748     2.785    -2.297     3.470    41.200
T-A      0.148    -0.020    -0.145    -9.297   -19.782     3.661     0.414    -0.870     3.771     0.770    -0.780    31.435
T-A     -0.427     0.024    -0.080    -9.719   -17.144    -4.374    -0.362    -0.430     3.313    -0.798    -3.220    31.988
T-A     -0.278    -0.218    -0.320   -12.603   -23.752    -1.204     0.390     0.047     3.255     3.577     6.214    39.330
G-C      0.034    -0.054     0.426    15.237    -4.584     0.055     0.293     1.687     2.692    -9.242    -5.897    35.628
C-G     -0.183    -0.033     0.773    -6.075   -10.095    -2.364    -0.692    -0.279     3.919    -1.920   -11.782    34.220
G-C     -0.126    -0.166    -0.209     0.219   -14.315    -1.323    -0.083     0.954     3.382     8.421     4.136    39.998
