****************************************************************************
CEHS base-pair parameters
     bp        Shear    Stretch   Stagger    Buckle  Propeller  Opening
    1 C-G      -0.23     -0.17      0.01     10.22     -7.87     -3.53
    2 G-C       0.06     -0.12      0.62      7.58    -14.52      0.95
    3 C-G      -0.52     -0.05     -0.01      4.01    -17.94     -0.62
    4 A-T       0.28     -0.15      0.25     12.89    -14.59    -12.12
    5 A-T       0.44     -0.15      0.52     -0.14    -16.41     -7.50
    6 A-T      -0.06     -0.23     -0.09      4.17    -20.87     -4.11
    7 T-A       0.15     -0.02     -0.14     -9.25    -19.84      3.60
    8 T-A      -0.43      0.02     -0.08     -9.69    -17.20     -4.31
    9 T-A      -0.28     -0.22     -0.32    -12.51    -23.85     -1.17
   10 G-C       0.03     -0.05      0.43     15.23     -4.61      0.05
   11 C-G      -0.18     -0.03      0.77     -6.07    -10.11     -2.35
   12 G-C      -0.13     -0.17     -0.21      0.22    -14.32     -1.31
          ~~~~~~~~~~~~~~~~~~~~~~~~~~~~~~~~~~~~~~~~~~~~~~~~~~~~~~~~~~~~
      ave.     -0.07     -0.11      0.15      1.39    -15.18     -2.70
      s.d.      0.28      0.08      0.36      9.26      5.52      4.12
****************************************************************************
CEHS base-pair step parameters
    step       Shift     Slide      Rise      Tilt      Roll     Twist
   1 CG/CG      0.28      0.56      3.55     -1.78      0.41     45.08
   2 GC/GC      0.34      0.19      3.45      6.94     -5.11     34.73
   3 CA/TG     -0.78      0.77      3.25     -1.51      9.13     30.10
   4 AA/TT      0.03     -0.32      3.70     -1.04      1.48     37.69
   5 AA/TT     -0.68     -0.73      2.79     -2.46      3.84     41.37
   6 AT/AT      0.42     -0.87      3.77      0.07     -0.73     30.84
   7 TT/AA     -0.36     -0.43      3.31     -0.15     -3.38     32.03
   8 TT/AA      0.39      0.06      3.25      3.37      6.45     39.01
   9 TG/CA      0.29      1.69      2.69     -9.32     -5.87     36.45
  10 GC/GC     -0.69     -0.27      3.92     -1.81    -11.78     33.94
  11 CG/CG     -0.08      0.96      3.38      8.41      4.24     40.13
          ~~~~~~~~~~~~~~~~~~~~~~~~~~~~~~~~~~~~~~~~~~~~~~~~~~~~~~~~~~~~
      ave.     -0.08      0.15      3.37      0.07     -0.12     36.49
      s.d.      0.47      0.78      0.38      4.83      6.09      4.70
****************************************************************************
CompDNA base-pair parameters
     bp        Shear    Stretch   Stagger    Buckle  Propeller  Opening
    1 C-G      -0.23     -0.17      0.01     10.19     -7.87     -3.55
    2 G-C       0.06     -0.12      0.62      7.52    -14.52      0.96
    3 C-G      -0.52     -0.05     -0.01      3.96    -17.94     -0.62
    4 A-T       0.28     -0.15      0.25     12.76    -14.50    -12.25
    5 A-T       0.44     -0.16      0.52     -0.14    -16.38     -7.50
    6 A-T      -0.06     -0.23     -0.10      4.10    -20.86     -4.12
    7 T-A       0.15     -0.02     -0.15     -9.11    -19.83      3.62
    8 T-A      -0.43      0.02     -0.08     -9.57    -17.18     -4.34
    9 T-A      -0.28     -0.22     -0.32    -12.24    -23.85     -1.19
   10 G-C       0.03     -0.05      0.43     15.22     -4.61      0.06
   11 C-G      -0.18     -0.03      0.77     -6.04    -10.10     -2.36
   12 G-C      -0.13     -0.17     -0.21      0.22    -14.32     -1.31
          ~~~~~~~~~~~~~~~~~~~~~~~~~~~~~~~~~~~~~~~~~~~~~~~~~~~~~~~~~~~~
      ave.     -0.07     -0.11      0.14      1.41    -15.16     -2.72
      s.d.      0.28      0.08      0.36      9.17      5.52      4.15
****************************************************************************
CompDNA base-pair step parameters
    step       Shift     Slide      Rise      Tilt      Roll     Twist
   1 CG/CG      0.28      0.55      3.55     -1.59      0.47     45.08
   2 GC/GC      0.34      0.19      3.45      6.83     -5.13     34.75
   3 CA/TG     -0.77      0.75      3.26     -2.12      8.59     30.08
   4 AA/TT      0.03     -0.36      3.69     -0.71      1.38     37.72
   5 AA/TT     -0.68     -0.75      2.78     -2.29      3.47     41.38
   6 AT/AT      0.42     -0.87      3.77      0.77     -0.78     30.84
   7 TT/AA     -0.36     -0.43      3.31     -0.78     -3.23     32.01
   8 TT/AA      0.39      0.05      3.25      3.52      6.25     39.00
   9 TG/CA      0.28      1.69      2.69     -9.20     -5.95     36.50
  10 GC/GC     -0.69     -0.28      3.92     -1.91    -11.78     33.77
  11 CG/CG     -0.08      0.95      3.38      8.41      4.15     40.21
          ~~~~~~~~~~~~~~~~~~~~~~~~~~~~~~~~~~~~~~~~~~~~~~~~~~~~~~~~~~~~
      ave.     -0.08      0.14      3.37      0.08     -0.23     36.49
      s.d.      0.47      0.79      0.38      4.82      5.96      4.72
****************************************************************************
Curves base-pair parameters (by Xiang-Jun Lu)
     bp        Shear    Stretch   Stagger    Buckle  Propeller  Opening
    1 C-G      -0.23     -0.17      0.01     10.27     -7.80     -3.54
    2 G-C       0.06     -0.12      0.62      7.70    -14.46      0.96
    3 C-G      -0.52     -0.06     -0.01      4.11    -17.92     -0.63
    4 A-T       0.28     -0.15      0.25     13.07    -14.32    -12.27
    5 A-T       0.44     -0.16      0.53     -0.14    -16.38     -7.57
    6 A-T      -0.06     -0.23     -0.10      4.31    -20.83     -4.19
    7 T-A       0.15     -0.02     -0.15     -9.53    -19.69      3.66
    8 T-A      -0.43      0.03     -0.08     -9.90    -17.06     -4.37
    9 T-A      -0.28     -0.21     -0.33    -13.06    -23.55     -1.20
   10 G-C       0.03     -0.05      0.43     15.26     -4.53      0.06
   11 C-G      -0.18     -0.03      0.78     -6.11    -10.08     -2.36
   12 G-C      -0.13     -0.17     -0.21      0.22    -14.32     -1.32
          ~~~~~~~~~~~~~~~~~~~~~~~~~~~~~~~~~~~~~~~~~~~~~~~~~~~~~~~~~~~~
      ave.     -0.07     -0.11      0.15      1.35    -15.08     -2.73
      s.d.      0.28      0.08      0.36      9.43      5.48      4.17
****************************************************************************
Curves base-pair step parameters
    step       Shift     Slide      Rise      Tilt      Roll     Twist
   1 CG/CG      0.27      0.56      3.55     -1.59      0.46     44.94
   2 GC/GC      0.34      0.19      3.46      6.88     -5.07     34.89
   3 CA/TG     -0.78      0.74      3.27     -2.22      8.57     29.66
   4 AA/TT      0.04     -0.36      3.70     -0.72      1.37     38.54
   5 AA/TT     -0.68     -0.75      2.79     -2.30      3.46     41.00
   6 AT/AT      0.41     -0.87      3.77      0.77     -0.78     32.03
   7 TT/AA     -0.37     -0.43      3.31     -0.82     -3.21     31.95
   8 TT/AA      0.39      0.04      3.26      3.64      6.18     39.63
   9 TG/CA      0.30      1.69      2.70     -9.29     -5.83     34.81
  10 GC/GC     -0.69     -0.28      3.94     -1.94    -11.78     34.51
  11 CG/CG     -0.08      0.95      3.39      8.43      4.11     39.86
          ~~~~~~~~~~~~~~~~~~~~~~~~~~~~~~~~~~~~~~~~~~~~~~~~~~~~~~~~~~~~
      ave.     -0.08      0.14      3.38      0.08     -0.23     36.53
      s.d.      0.47      0.78      0.38      4.86      5.93      4.62
****************************************************************************
FreeHelix base-pair parameters (by Xiang-Jun Lu)
     bp        Shear    Stretch   Stagger    Buckle  Propeller  Opening
    1 C-G      -0.23     -0.17      0.01     10.22     -7.90     -3.55
    2 G-C       0.06     -0.12      0.62      7.58    -14.55      0.96
    3 C-G      -0.52     -0.05     -0.01      4.01    -17.95     -0.62
    4 A-T       0.28     -0.15      0.25     12.86    -14.60    -12.25
    5 A-T       0.44     -0.16      0.52     -0.14    -16.38     -7.50
    6 A-T      -0.06     -0.23     -0.10      4.16    -20.87     -4.12
    7 T-A       0.15     -0.02     -0.15     -9.25    -19.89      3.62
    8 T-A      -0.43      0.02     -0.08     -9.68    -17.25     -4.34
    9 T-A      -0.28     -0.22     -0.32    -12.51    -23.99     -1.19
   10 G-C       0.03     -0.05      0.43     15.23     -4.65      0.06
   11 C-G      -0.18     -0.03      0.77     -6.07    -10.12     -2.36
   12 G-C      -0.13     -0.17     -0.21      0.22    -14.32     -1.31
          ~~~~~~~~~~~~~~~~~~~~~~~~~~~~~~~~~~~~~~~~~~~~~~~~~~~~~~~~~~~~
      ave.     -0.07     -0.11      0.14      1.39    -15.20     -2.72
      s.d.      0.28      0.08      0.36      9.26      5.53      4.15
****************************************************************************
FreeHelix base-pair step parameters
    step       Shift     Slide      Rise      Tilt      Roll     Twist
   1 CG/CG      0.28      0.55      3.55     -1.59      0.47     45.08
   2 GC/GC      0.34      0.19      3.45      6.83     -5.15     34.75
   3 CA/TG     -0.77      0.75      3.26     -2.12      8.59     30.09
   4 AA/TT      0.03     -0.36      3.69     -0.71      1.38     37.71
   5 AA/TT     -0.68     -0.75      2.78     -2.29      3.47     41.38
   6 AT/AT      0.42     -0.87      3.77      0.77     -0.78     30.84
   7 TT/AA     -0.36     -0.43      3.31     -0.78     -3.23     32.01
   8 TT/AA      0.39      0.05      3.25      3.52      6.25     39.00
   9 TG/CA      0.28      1.69      2.69     -9.21     -5.97     36.50
  10 GC/GC     -0.69     -0.28      3.92     -1.92    -11.78     33.77
  11 CG/CG     -0.08      0.95      3.38      8.41      4.16     40.21
          ~~~~~~~~~~~~~~~~~~~~~~~~~~~~~~~~~~~~~~~~~~~~~~~~~~~~~~~~~~~~
      ave.     -0.08      0.14      3.37      0.08     -0.23     36.49
      s.d.      0.47      0.79      0.38      4.82      5.97      4.72
****************************************************************************
NGEOM base-pair parameters
     bp        Shear    Stretch   Stagger    Buckle  Propeller  Opening
    1 C-G      -0.23     -0.17      0.01     10.23     -7.85     -3.54
    2 G-C       0.06     -0.12      0.62      7.60    -14.50      0.96
    3 C-G      -0.52     -0.05     -0.01      4.03    -17.93     -0.63
    4 A-T       0.28     -0.15      0.25     12.90    -14.45    -12.27
    5 A-T       0.44     -0.15      0.52     -0.14    -16.38     -7.57
    6 A-T      -0.06     -0.23     -0.10      4.19    -20.85     -4.19
    7 T-A       0.15     -0.02     -0.14     -9.30    -19.78      3.66
    8 T-A      -0.43      0.02     -0.08     -9.72    -17.14     -4.37
    9 T-A      -0.28     -0.22     -0.32    -12.60    -23.75     -1.20
   10 G-C       0.03     -0.05      0.43     15.24     -4.58      0.06
   11 C-G      -0.18     -0.03      0.77     -6.07    -10.09     -2.36
   12 G-C      -0.13     -0.17     -0.21      0.22    -14.32     -1.32
          ~~~~~~~~~~~~~~~~~~~~~~~~~~~~~~~~~~~~~~~~~~~~~~~~~~~~~~~~~~~~
      ave.     -0.07     -0.11      0.14      1.38    -15.13     -2.73
      s.d.      0.28      0.08      0.36      9.29      5.50      4.17
****************************************************************************
NGEOM base-pair step parameters
    step       Shift     Slide      Rise      Tilt      Roll     Twist
   1 CG/CG      0.26      0.56      3.55     -1.59      0.47     45.01
   2 GC/GC      0.38      0.17      3.45      6.85     -5.11     34.81
   3 CA/TG     -0.78      0.78      3.25     -2.16      8.58     29.91
   4 AA/TT      0.03     -0.35      3.70     -0.72      1.38     38.12
   5 AA/TT     -0.69     -0.73      2.79     -2.30      3.47     41.20
   6 AT/AT      0.42     -0.87      3.77      0.77     -0.78     31.43
   7 TT/AA     -0.37     -0.44      3.31     -0.80     -3.22     31.99
   8 TT/AA      0.41      0.08      3.25      3.58      6.21     39.33
   9 TG/CA      0.26      1.67      2.71     -9.24     -5.90     35.63
  10 GC/GC     -0.70     -0.34      3.91     -1.92    -11.78     34.22
  11 CG/CG     -0.04      0.98      3.38      8.42      4.14     40.00
          ~~~~~~~~~~~~~~~~~~~~~~~~~~~~~~~~~~~~~~~~~~~~~~~~~~~~~~~~~~~~
      ave.     -0.07      0.13      3.37      0.08     -0.23     36.51
      s.d.      0.48      0.79      0.38      4.84      5.95      4.64
****************************************************************************
NUPARM base-pair parameters
     bp        Shear    Stretch   Stagger    Buckle  Propeller  Opening
    1 C-G      -0.23     -0.17      0.01     10.22     -7.84     -3.52
    2 G-C       0.06     -0.12      0.62      7.58    -14.49      0.95
    3 C-G      -0.52     -0.05     -0.01      4.01    -17.93     -0.62
    4 A-T       0.28     -0.15      0.25     12.93    -14.50    -12.09
    5 A-T       0.44     -0.15      0.52     -0.14    -16.41     -7.50
    6 A-T      -0.06     -0.23     -0.09      4.17    -20.86     -4.11
    7 T-A       0.15     -0.02     -0.14     -9.26    -19.77      3.59
    8 T-A      -0.43      0.02     -0.08     -9.69    -17.14     -4.31
    9 T-A      -0.28     -0.22     -0.32    -12.51    -23.70     -1.17
   10 G-C       0.03     -0.05      0.43     15.23     -4.57      0.05
   11 C-G      -0.18     -0.03      0.77     -6.07    -10.09     -2.35
   12 G-C      -0.13     -0.17     -0.21      0.22    -14.32     -1.31
          ~~~~~~~~~~~~~~~~~~~~~~~~~~~~~~~~~~~~~~~~~~~~~~~~~~~~~~~~~~~~
      ave.     -0.07     -0.11      0.15      1.39    -15.13     -2.70
      s.d.      0.28      0.08      0.36      9.27      5.50      4.11
****************************************************************************
NUPARM base-pair step parameters
    step       Shift     Slide      Rise      Tilt      Roll     Twist
   1 CG/CG      0.25      0.56      3.55     -1.95      0.33     45.07
   2 GC/GC      0.41      0.14      3.45      7.28     -5.28     34.63
   3 CA/TG     -0.81      0.84      3.23     -1.65      9.77     30.00
   4 AA/TT      0.01     -0.30      3.70     -1.22      1.21     37.68
   5 AA/TT     -0.70     -0.69      2.79     -2.63      4.13     41.33
   6 AT/AT      0.41     -0.87      3.77      0.05     -0.72     30.84
   7 TT/AA     -0.37     -0.46      3.31     -0.16     -3.68     32.01
   8 TT/AA      0.44      0.13      3.25      3.63      6.84     38.93
   9 TG/CA      0.24      1.65      2.72     -9.75     -6.05     36.29
  10 GC/GC     -0.71     -0.40      3.91     -1.88    -12.34     33.76
  11 CG/CG      0.01      1.00      3.37      8.95      4.52     39.99
          ~~~~~~~~~~~~~~~~~~~~~~~~~~~~~~~~~~~~~~~~~~~~~~~~~~~~~~~~~~~~
      ave.     -0.08      0.15      3.37      0.06     -0.12     36.41
      s.d.      0.49      0.79      0.37      5.10      6.42      4.71
****************************************************************************
NUPARM base-pair helical parameters
    step       X-disp    Y-disp   h-Rise     Incl.       Tip   h-Twist
   1 CG/CG      0.70     -0.53      3.54      0.42      2.35     45.11
   2 GC/GC      1.11      0.51      3.40     -8.28    -11.44     35.74
   3 CA/TG     -0.48      1.21      3.37     17.92      3.11     31.61
   4 AA/TT     -0.65     -0.20      3.69      1.74      1.80     37.72
   5 AA/TT     -1.38      0.74      2.75      5.51      3.49     41.61
   6 AT/AT     -1.48     -0.76      3.79     -1.26     -0.08     30.85
   7 TT/AA     -0.13      0.63      3.34     -6.40      0.35     32.22
   8 TT/AA     -0.67     -0.19      3.25      9.50     -5.20     39.65
   9 TG/CA      3.32     -1.38      2.27     -9.38     14.50     38.06
  10 GC/GC      1.69      0.88      3.85    -19.19      2.92     35.86
  11 CG/CG      0.92      1.10      3.37      6.12    -12.05     41.18
          ~~~~~~~~~~~~~~~~~~~~~~~~~~~~~~~~~~~~~~~~~~~~~~~~~~~~~~~~~~~~
      ave.      0.27      0.18      3.33     -0.30     -0.02     37.24
      s.d.      1.45      0.85      0.46     10.24      7.43      4.53
****************************************************************************
RNA base-pair parameters
     bp        Shear    Stretch   Stagger    Buckle  Propeller  Opening
    1 C-G      -0.24     -0.18      0.02     10.23     -7.85     -3.53
    2 G-C       0.05     -0.13      0.61      7.60    -14.50      0.96
    3 C-G      -0.53     -0.06     -0.01      4.03    -17.93     -0.62
    4 A-T       0.25     -0.19      0.27     12.92    -14.47    -12.15
    5 A-T       0.44     -0.16      0.54     -0.14    -16.39     -7.52
    6 A-T      -0.07     -0.24     -0.08      4.19    -20.85     -4.14
    7 T-A       0.17     -0.03     -0.15     -9.30    -19.79      3.62
    8 T-A      -0.40      0.01     -0.07     -9.72    -17.15     -4.33
    9 T-A      -0.24     -0.24     -0.32    -12.60    -23.75     -1.18
   10 G-C       0.02     -0.09      0.43     15.24     -4.58      0.05
   11 C-G      -0.17     -0.04      0.78     -6.08    -10.10     -2.36
   12 G-C      -0.13     -0.17     -0.21      0.22    -14.32     -1.32
          ~~~~~~~~~~~~~~~~~~~~~~~~~~~~~~~~~~~~~~~~~~~~~~~~~~~~~~~~~~~~
      ave.     -0.07     -0.13      0.15      1.38    -15.14     -2.71
      s.d.      0.28      0.08      0.36      9.29      5.51      4.13
****************************************************************************
RNA base-pair step parameters
    step       Shift     Slide      Rise      Tilt      Roll     Twist
   1 CG/CG      0.20      0.58      3.51     -1.74      0.40     45.01
   2 GC/GC      0.39      0.16      3.40      7.02     -5.17     34.75
   3 CA/TG     -0.60      0.84      3.37     -1.93      9.12     29.82
   4 AA/TT     -0.04     -0.23      3.49     -0.96      1.28     38.11
   5 AA/TT     -0.74     -0.66      2.85     -2.44      3.75     41.17
   6 AT/AT      0.30     -0.87      3.56      0.41     -0.75     31.43
   7 TT/AA     -0.24     -0.44      3.30     -0.49     -3.42     31.98
   8 TT/AA      0.35      0.12      3.20      3.59      6.47     39.26
   9 TG/CA      0.23      1.67      3.14     -9.44     -5.94     35.52
  10 GC/GC     -0.68     -0.32      3.58     -1.89    -11.97     34.10
  11 CG/CG     -0.06      1.00      3.47      8.59      4.28     39.90
          ~~~~~~~~~~~~~~~~~~~~~~~~~~~~~~~~~~~~~~~~~~~~~~~~~~~~~~~~~~~~
      ave.     -0.08      0.17      3.35      0.07     -0.18     36.46
      s.d.      0.42      0.78      0.22      4.93      6.14      4.65
****************************************************************************
RNA base-pair helical parameters
    step       X-disp    Y-disp   h-Rise     Incl.       Tip   h-Twist
   1 CG/CG      0.72     -0.44      3.51      0.51      2.21     45.04
   2 GC/GC      1.06      0.45      3.35     -8.35    -11.33     35.82
   3 CA/TG     -0.34      0.71      3.50     16.98      3.59     31.24
   4 AA/TT     -0.53     -0.07      3.48      1.93      1.44     38.14
   5 AA/TT     -1.29      0.81      2.82      5.20      3.38     41.41
   6 AT/AT     -1.45     -0.47      3.58     -1.36     -0.74     31.45
   7 TT/AA     -0.16      0.34      3.34     -6.11      0.87     32.17
   8 TT/AA     -0.58     -0.08      3.20      9.34     -5.18     39.95
   9 TG/CA      3.36     -1.55      2.67     -9.29     14.76     37.23
  10 GC/GC      1.43      0.79      3.52    -19.33      3.05     36.19
  11 CG/CG      0.91      1.13      3.47      6.04    -12.11     41.04
          ~~~~~~~~~~~~~~~~~~~~~~~~~~~~~~~~~~~~~~~~~~~~~~~~~~~~~~~~~~~~
      ave.      0.28      0.15      3.31     -0.40     -0.01     37.24
      s.d.      1.39      0.77      0.30     10.05      7.49      4.46
****************************************************************************
Strand I base step parameters
    step       Shift     Slide      Rise      Tilt      Roll     Twist
   1  C/G      -0.62      0.88      3.78      1.51      0.84     47.21
   2  G/C      -0.47      0.28      3.37     10.07     -5.11     33.00
   3  C/A      -0.68      0.94      3.52      5.56     12.84     23.01
   4  A/A      -0.54      0.04      3.71     -2.09      2.43     40.54
   5  A/A      -1.71     -0.67      2.79      6.29      2.46     42.49
   6  A/T       0.14     -0.84      3.55     -0.23     -0.97     35.29
   7  T/T      -0.95     -0.74      3.48      4.10     -4.59     27.37
   8  T/T      -0.17     -0.41      3.26      9.24     -0.41     39.97
   9  T/G      -0.37      1.71      3.28      8.48      3.73     36.20
  10  G/C      -1.58     -0.17      3.84     -9.89    -13.35     33.87
  11  C/G      -0.90      0.78      3.37     15.79      1.45     39.23
          ~~~~~~~~~~~~~~~~~~~~~~~~~~~~~~~~~~~~~~~~~~~~~~~~~~~~~~~~~~~~
      ave.     -0.72      0.16      3.45      4.44     -0.06     36.20
      s.d.      0.55      0.83      0.29      6.95      6.48      6.87
****************************************************************************
Strand I base helical parameters
    step       X-disp    Y-disp   h-Rise     Incl.       Tip   h-Twist
   1  C/G       1.01     -0.88      3.77      1.02     -1.83     47.25
   2  G/C       1.27      0.56      3.01     -8.56    -16.84     34.88
   3  C/A      -1.76      1.28      3.32     28.74    -12.44     26.93
   4  A/A      -0.26     -1.30      3.73      3.43      2.95     40.66
   5  A/A      -1.12      1.06      2.46      3.30     -8.41     43.03
   6  A/T      -1.22     -2.07      3.57     -1.58      0.37     35.30
   7  T/T      -0.36      1.20      3.37     -9.44     -8.45     28.05
   8  T/T      -0.53     -0.52      3.15     -0.57    -13.02     41.02
   9  T/G       2.14     -0.05      3.27      5.78    -13.13     37.37
  10  G/C       1.97     -1.03      3.92    -21.00     15.55     37.72
  11  C/G       0.92      1.10      2.82      2.02    -21.92     42.31
          ~~~~~~~~~~~~~~~~~~~~~~~~~~~~~~~~~~~~~~~~~~~~~~~~~~~~~~~~~~~~
      ave.      0.19     -0.06      3.31      0.28     -7.02     37.68
      s.d.      1.34      1.17      0.44     12.22     10.56      6.19
****************************************************************************
Strand II base step parameters
    step       Shift     Slide      Rise      Tilt      Roll     Twist
   1  G/C       1.06      0.30      3.42     -4.75      0.20     42.46
   2  C/G       1.21      0.02      3.73      3.74     -5.30     36.03
   3  G/T      -0.49      0.73      3.29    -10.49      5.40     35.25
   4  T/T       0.45     -0.62      3.46      0.43      0.17     35.80
   5  T/T       0.14     -0.78      3.29    -10.76      5.51     38.50
   6  T/A       0.44     -0.90      3.75      1.75     -0.61     27.76
   7  A/A       0.48     -0.15      3.43     -5.77     -1.89     35.68
   8  A/A       0.87      0.62      3.37     -1.61     13.34     36.93
   9  A/C       0.85      1.63      3.17    -27.24    -15.52     32.83
  10  C/G       0.24     -0.49      3.49      6.09    -10.72     34.98
  11  G/C       0.76      1.21      3.77      1.42      7.24     39.76
          ~~~~~~~~~~~~~~~~~~~~~~~~~~~~~~~~~~~~~~~~~~~~~~~~~~~~~~~~~~~~
      ave.      0.55      0.14      3.47     -4.29     -0.20     36.00
      s.d.      0.48      0.83      0.20      9.38      8.23      3.78
****************************************************************************
Strand II base helical parameters
    step       X-disp    Y-disp   h-Rise     Incl.       Tip   h-Twist
   1  G/C       0.38     -0.16      3.29      0.26      6.38     42.73
   2  C/G       0.90      0.49      3.79     -8.34     -5.88     36.61
   3  G/T       0.36      1.06      3.37      8.48     16.45     37.17
   4  T/T      -1.03      1.14      3.47      0.27     -0.70     35.80
   5  T/T      -1.77      0.37      3.00      7.95     15.51     40.36
   6  T/A      -1.70      1.39      3.79     -1.25     -3.61     27.82
   7  A/A       0.05      0.16      3.31     -3.00      9.18     36.19
   8  A/A      -0.82      0.30      3.34     19.85      2.39     39.29
   9  A/C       3.24     -1.27      1.22    -21.63     37.95     45.40
  10  C/G       0.86      2.35      3.47    -16.88     -9.59     37.08
  11  G/C       0.74      0.91      3.95     10.32     -2.02     40.44
          ~~~~~~~~~~~~~~~~~~~~~~~~~~~~~~~~~~~~~~~~~~~~~~~~~~~~~~~~~~~~
      ave.      0.11      0.61      3.27     -0.36      6.00     38.08
      s.d.      1.43      0.93      0.73     12.11     13.53      4.53
