Reference frame: Origins (Ox, Oy, Oz) followed by the direction cosines of the
                 X- (Xx, Yx, Zx), Y- (Yx, Yx, Yx), and Z- (Zx, Zx, Zx) axes
*****************************************************************************************
Local base-pair reference frames
                Ox      Oy      Oz     Xx    Xy    Xz   Yx    Yy    Yz    Zx    Zy    Zz
   1 G-C      -2.31   14.91   -2.45  0.67 -0.20 -0.72  0.75  0.18  0.64  0.00 -0.96  0.27
   2 G-C      -3.27   11.58   -1.34  0.94  0.03 -0.33  0.32  0.24  0.92  0.10 -0.97  0.21
   3 C-G      -2.55    7.93   -0.81  0.91  0.06  0.41 -0.42  0.11  0.90  0.01 -0.99  0.13
   4 A-T      -1.68    5.10   -0.41  0.52  0.10  0.85 -0.85 -0.03  0.52  0.08 -0.99  0.07
   5 A-T      -0.97    2.14   -0.10 -0.08  0.01  1.00 -1.00  0.01 -0.08 -0.01 -1.00  0.01
   6 A-T       0.52   -1.36    0.85 -0.69 -0.06  0.72 -0.72 -0.06 -0.70  0.09 -1.00 -0.00
   7 A-T       1.31   -4.50   -0.04 -0.97 -0.18  0.13 -0.13 -0.02 -0.99  0.18 -0.98 -0.01
   8 C-G       1.85   -8.39    0.68 -0.87 -0.08 -0.49  0.48  0.16 -0.86  0.15 -0.98 -0.10
   9 G-C       2.57  -11.62    0.35 -0.36  0.06 -0.93  0.93  0.10 -0.36  0.07 -0.99 -0.09
  10 G-C       3.38  -14.93    0.43  0.32  0.17 -0.93  0.93  0.13  0.34  0.18 -0.98 -0.11
*****************************************************************************************
Local middle reference frames
                Ox      Oy      Oz     Xx    Xy    Xz   Yx    Yy    Yz    Zx    Zy    Zz
   1 GG/CC    -2.79   13.24   -1.89  0.83 -0.09 -0.55  0.55  0.23  0.80  0.05 -0.97  0.24
   2 GC/GC    -2.91    9.76   -1.07  1.00  0.06  0.04 -0.05  0.17  0.98  0.06 -0.98  0.17
   3 CA/TG    -2.12    6.51   -0.61  0.75  0.10  0.66 -0.66  0.05  0.75  0.04 -0.99  0.10
   4 AA/TT    -1.33    3.62   -0.25  0.23  0.05  0.97 -0.97 -0.03  0.23  0.04 -1.00  0.04
   5 AA/TT    -0.22    0.39    0.37 -0.41 -0.01  0.91 -0.91 -0.04 -0.41  0.04 -1.00  0.00
   6 AA/TT     0.91   -2.93    0.40 -0.88 -0.12  0.45 -0.45 -0.06 -0.89  0.13 -0.99 -0.01
   7 AC/GT     1.58   -6.45    0.32 -0.97 -0.15 -0.19  0.18  0.09 -0.98  0.17 -0.98 -0.06
   8 CG/CG     2.21  -10.00    0.51 -0.66  0.00 -0.75  0.75  0.15 -0.65  0.11 -0.99 -0.10
   9 GG/CC     2.98  -13.27    0.39 -0.02  0.10 -0.99  0.99  0.13 -0.01  0.13 -0.99 -0.10
*****************************************************************************************
Local middle helical reference frames
                Ox      Oy      Oz     Xx    Xy    Xz   Yx    Yy    Yz    Zx    Zy    Zz
   1 GG/CC    -2.09   12.18   -4.45  0.83 -0.10 -0.54  0.53  0.44  0.73  0.16 -0.89  0.42
   2 GC/GC    -3.34    9.69   -0.94  0.99  0.17  0.03 -0.04  0.04  1.00  0.17 -0.99  0.05
   3 CA/TG    -1.79    6.72    0.14  0.73  0.24  0.64 -0.67  0.07  0.74  0.13 -0.97  0.21
   4 AA/TT    -2.19    3.46    0.23  0.24 -0.06  0.97 -0.96 -0.15  0.23  0.13 -0.99 -0.09
   5 AA/TT    -0.88    0.59    2.16 -0.42  0.10  0.90 -0.91 -0.10 -0.41  0.05 -0.99  0.13
   6 AA/TT     2.74   -2.60    0.86 -0.89 -0.07  0.45 -0.43 -0.18 -0.88  0.14 -0.98  0.13
   7 AC/GT    -0.02   -6.85   -0.62 -0.94 -0.27 -0.20  0.16  0.16 -0.97  0.30 -0.95 -0.10
   8 CG/CG     1.77  -10.16    1.04 -0.67  0.09 -0.74  0.74  0.21 -0.64  0.10 -0.97 -0.20
   9 GG/CC     3.04  -13.25    0.79 -0.00 -0.04 -1.00  0.99  0.15 -0.01  0.15 -0.99  0.04
*****************************************************************************************
Local strand I base reference frames
                Ox      Oy      Oz     Xx    Xy    Xz   Yx    Yy    Yz    Zx    Zy    Zz
   1 G        -2.28   14.20   -2.40  0.69 -0.12 -0.72  0.72 -0.01  0.69 -0.09 -0.99  0.07
   2 G        -3.50   11.09   -1.23  0.93 -0.01 -0.36  0.36  0.03  0.93  0.00 -1.00  0.03
   3 C        -2.41    7.67   -0.77  0.91 -0.02  0.41 -0.41  0.06  0.91 -0.04 -1.00  0.04
   4 A        -1.67    4.90   -0.35  0.49 -0.08  0.87 -0.87 -0.16  0.47  0.10 -0.98 -0.15
   5 A        -1.04    1.83    0.06 -0.11 -0.09  0.99 -0.98 -0.16 -0.12  0.17 -0.98 -0.07
   6 A         0.23   -1.32    1.10 -0.73 -0.15  0.67 -0.65 -0.15 -0.74  0.21 -0.98  0.02
   7 A         0.92   -4.53   -0.04 -0.94 -0.32  0.09 -0.06 -0.12 -0.99  0.33 -0.94  0.10
   8 C         1.60   -8.70    0.56 -0.84 -0.15 -0.52  0.47  0.26 -0.84  0.25 -0.96 -0.15
   9 G         2.60  -11.58    0.74 -0.35 -0.05 -0.94  0.91  0.23 -0.35  0.23 -0.97 -0.04
  10 G         3.40  -15.08    0.37  0.30  0.11 -0.95  0.89  0.32  0.32  0.34 -0.94 -0.00
*****************************************************************************************
Local strand II base reference frames
                Ox      Oy      Oz     Xx    Xy    Xz   Yx    Yy    Yz    Zx    Zy    Zz
   1 C        -2.34   15.61   -2.50  0.65 -0.29 -0.70  0.75  0.36  0.55  0.10 -0.88  0.46
   2 C        -3.04   12.08   -1.44  0.95  0.08 -0.31  0.25  0.43  0.87  0.20 -0.90  0.38
   3 G        -2.69    8.19   -0.84  0.90  0.14  0.41 -0.43  0.16  0.89  0.06 -0.98  0.21
   4 T        -1.70    5.29   -0.46  0.55  0.26  0.79 -0.83  0.12  0.54  0.05 -0.96  0.28
   5 T        -0.90    2.45   -0.26 -0.03  0.09  1.00 -0.98  0.18 -0.04 -0.18 -0.98  0.09
   6 T         0.82   -1.40    0.60 -0.65  0.01  0.76 -0.76  0.04 -0.65 -0.04 -1.00 -0.02
   7 T         1.69   -4.47   -0.05 -0.98 -0.05  0.18 -0.19  0.11 -0.98  0.03 -0.99 -0.12
   8 G         2.11   -8.08    0.81 -0.88 -0.01 -0.47  0.47  0.07 -0.88  0.04 -1.00 -0.05
   9 C         2.53  -11.65   -0.04 -0.36  0.17 -0.92  0.93 -0.02 -0.37 -0.09 -0.99 -0.15
  10 C         3.37  -14.78    0.48  0.34  0.21 -0.92  0.94 -0.07  0.33  0.00 -0.98 -0.22
****************************************************************************
Local strand I base step parameters
    step       Shift     Slide      Rise      Tilt      Roll     Twist
   1  G/G      -1.45      0.23      3.22     -0.76      5.65     25.05
   2  G/C       1.17      0.30      3.41     -0.69     -2.44     45.62
   3  C/A       0.87     -0.02      2.77     13.63     -1.27     36.72
   4  A/A       0.78     -0.06      3.06      2.98      4.82     35.22
   5  A/A       0.71     -1.09      3.30      4.58      3.40     40.55
   6  A/A      -0.34      1.30      3.21      7.19     -4.54     37.19
   7  A/C       0.41     -0.82      4.16    -12.77      7.50     36.96
   8  C/G      -0.53     -0.08      3.01      5.33     -4.00     38.14
   9  G/G       0.30     -0.24      3.59     -6.59     -1.99     39.38
          ~~~~~~~~~~~~~~~~~~~~~~~~~~~~~~~~~~~~~~~~~~~~~~~~~~~~~~~~~~~~
      ave.      0.21     -0.05      3.30      1.43      0.79     37.20
      s.d.      0.84      0.68      0.40      7.78      4.55      5.47
****************************************************************************
Local strand I base helical parameters
    step       X-disp    Y-disp   h-Rise     Incl.       Tip   h-Twist
   1  G/G      -1.07      3.06      3.23     12.81      1.72     25.68
   2  G/C       0.61     -1.57      3.37     -3.15      0.89     45.68
   3  C/A       0.10      0.17      2.90     -1.93    -20.77     39.11
   4  A/A      -0.77     -0.87      3.08      7.91     -4.88     35.65
   5  A/A      -1.94     -0.51      3.26      4.88     -6.57     40.93
   6  A/A       2.53      1.39      2.92     -7.01    -11.09     38.12
   7  A/C      -2.28     -2.44      3.61     11.29     19.22     39.72
   8  C/G       0.33      1.39      2.90     -6.06     -8.08     38.70
   9  G/G      -0.10     -1.27      3.50     -2.93      9.69     39.96
          ~~~~~~~~~~~~~~~~~~~~~~~~~~~~~~~~~~~~~~~~~~~~~~~~~~~~~~~~~~~~
      ave.     -0.29     -0.07      3.20      1.76     -2.21     38.17
      s.d.      1.45      1.74      0.27      7.57     11.78      5.40
****************************************************************************
Local strand II base step parameters
    step       Shift     Slide      Rise      Tilt      Roll     Twist
   1  C/C      -0.77     -1.12      3.50      0.19      7.53     34.91
   2  C/G      -0.22     -0.58      3.90     10.19     -9.45     41.65
   3  G/T       0.41     -0.81      2.95     -3.71      2.48     30.63
   4  T/T      -0.04     -1.04      2.77     -9.56    -14.65     34.56
   5  T/T      -0.09     -2.25      3.66      5.50     -8.67     37.92
   6  T/T      -0.99     -0.07      3.10     -2.74     -6.17     38.89
   7  T/G      -0.46     -1.10      3.53      3.33     -1.18     38.69
   8  G/C       0.02      0.70      3.63      1.81      8.88     40.58
   9  C/C      -1.10      0.94      2.93     -5.24      4.09     40.95
          ~~~~~~~~~~~~~~~~~~~~~~~~~~~~~~~~~~~~~~~~~~~~~~~~~~~~~~~~~~~~
      ave.     -0.36     -0.59      3.33     -0.03     -1.90     37.64
      s.d.      0.51      0.99      0.40      6.01      8.25      3.61
****************************************************************************
Local strand II base helical parameters
    step       X-disp    Y-disp   h-Rise     Incl.       Tip   h-Twist
   1  C/C      -2.96      1.28      3.20     12.38     -0.31     35.69
   2  C/G       0.31      1.46      3.79    -12.87    -13.87     43.81
   3  G/T      -1.95     -1.40      2.81      4.67      6.97     30.95
   4  T/T       0.08     -1.02      2.88    -22.93     14.96     38.61
   5  T/T      -2.12      0.91      4.01    -13.05     -8.29     39.24
   6  T/T       0.59      1.15      3.14     -9.18      4.07     39.45
   7  T/G      -1.50      1.13      3.51     -1.78     -5.01     38.85
   8  G/C      -0.09      0.20      3.70     12.61     -2.57     41.54
   9  C/C       0.92      1.04      3.12      5.80      7.44     41.46
          ~~~~~~~~~~~~~~~~~~~~~~~~~~~~~~~~~~~~~~~~~~~~~~~~~~~~~~~~~~~~
      ave.     -0.75      0.53      3.35     -2.70      0.38     38.84
      s.d.      1.40      1.05      0.42     12.50      8.91      3.74
****************************************************************************
xyz coordinates of C1' atoms

    bp        xI       yI       zI       xII      yII      zII
   1 G-C     0.148   14.565    3.131   -7.998   14.672   -4.106
   2 G-C    -3.798   11.370    4.727   -6.722    9.576   -5.442
   3 C-G    -6.818    8.024    3.240   -2.567    6.825   -6.621
   4 A-T    -7.572    4.293    0.086    1.430    3.859   -5.275
   5 A-T    -5.969    0.961   -3.038    4.510    1.339   -2.432
   6 A-T    -1.427   -1.833   -4.526    6.531   -1.566    2.143
   7 A-T     2.907   -4.489   -5.608    5.140   -4.970    4.765
   8 C-G     6.152   -6.727   -2.737    1.737   -8.643    6.686
   9 G-C     8.337  -10.089    1.153   -1.626  -11.986    4.212
  10 G-C     7.556  -13.737    4.416   -2.587  -15.243    0.754
****************************************************************************
xyz coordinates of RN9/YN1 atoms

    bp        xI       yI       zI       xII      yII      zII
   1 G-C     0.146   14.294    1.685   -6.571   14.337   -4.118
   2 G-C    -3.042   11.239    3.480   -5.382   10.030   -4.992
   3 C-G    -5.416    7.953    2.837   -1.907    7.260   -5.402
   4 A-T    -6.212    4.282    0.655    1.329    4.422   -3.921
   5 A-T    -5.300    1.232   -1.769    3.560    1.523   -1.330
   6 A-T    -1.769   -1.824   -3.098    5.090   -1.609    2.522
   7 A-T     1.882   -4.677   -4.605    3.802   -4.889    4.121
   8 C-G     4.814   -7.351   -2.616    1.117   -8.373    5.406
   9 G-C     7.183  -10.478    0.348   -1.220  -11.756    2.811
  10 G-C     7.052  -13.758    3.059   -1.339  -14.726    0.141
****************************************************************************
xyz coordinates of RC8/YC6 atoms

    bp        xI       yI       zI       xII      yII      zII
   1 G-C     1.319   14.129    0.992   -6.151   13.759   -5.284
   2 G-C    -1.675   11.238    3.373   -4.317    9.902   -5.855
   3 C-G    -4.502    7.959    3.848   -0.552    7.375   -5.248
   4 A-T    -5.905    4.108    1.981    2.512    4.680   -3.244
   5 A-T    -5.843    1.048   -0.529    4.100    1.528   -0.064
   6 A-T    -2.998   -2.078   -2.526    4.710   -1.625    3.857
   7 A-T     0.639   -5.138   -4.899    2.665   -5.021    4.906
   8 C-G     4.001   -7.398   -3.719   -0.228   -8.412    5.183
   9 G-C     7.103  -10.448   -1.024   -2.181  -11.524    1.848
  10 G-C     7.824  -13.487    1.963   -1.412  -14.417   -1.186
****************************************************************************
xyz coordinates of O1P atoms w.r.t. the middle frame of each dimer

    step       xI      yI      zI     xII     yII     zII
   1 GG/CC   -3.71   10.11    1.34   -4.77    9.52   -1.28
   2 GC/GC   -3.32   10.27    1.06   -3.42   10.00   -1.04
   3 CA/TG   -4.06   10.06    0.48   -4.26   10.06   -0.86
   4 AA/TT   -4.69    9.74    0.84   -4.67    9.79   -2.03
   5 AA/TT   -4.39    9.13    1.97   -5.21    9.33   -0.08
   6 AA/TT   -3.35   10.03   -0.47   -4.78    9.88   -1.38
   7 AC/GT   -4.04    9.92    0.13   -5.27    9.17   -1.20
   8 CG/CG   -4.20    9.12   -2.85   -3.47    9.81    0.10
   9 GG/CC   -3.60   10.04   -1.78   -3.46   10.42    0.46
****************************************************************************
xyz coordinates of O1P atoms w.r.t. the middle helix frame of each dimer

    step      xIH     yIH     zIH     xIIH    yIIH    zIIH
   1 GG/CC   -5.76   11.54    3.52   -6.84    7.62    0.75
   2 GC/GC   -2.92   10.16   -0.59   -3.15    9.96   -1.93
   3 CA/TG   -4.86    9.70    0.14   -5.09   10.42   -0.01
   4 AA/TT   -4.91    8.83    0.09   -4.65   10.40   -3.69
   5 AA/TT   -6.46    9.37    0.88   -7.12    9.17   -0.08
   6 AA/TT   -1.84   11.12   -1.91   -3.43    8.40   -2.36
   7 AC/GT   -5.75    9.27    1.38   -6.93    9.86   -1.16
   8 CG/CG   -3.85    9.98   -2.66   -3.32    9.08    0.98
   9 GG/CC   -3.39   10.02   -0.99   -3.11   10.47    0.24
****************************************************************************
xyz coordinates of O2P atoms w.r.t. the middle frame of each dimer

    step       xI      yI      zI     xII     yII     zII
   1 GG/CC   -1.87    9.41    2.98   -2.48   10.30   -0.43
   2 GC/GC   -1.28    9.23    2.22   -1.54    9.26    0.54
   3 CA/TG   -1.89    9.40    1.69   -2.13    9.48    0.42
   4 AA/TT   -2.48    9.29    2.05   -2.80    9.70   -0.27
   5 AA/TT   -2.04    8.48    2.75   -2.89    9.08    0.99
   6 AA/TT   -1.51    9.34    1.18   -2.53    9.28   -0.32
   7 AC/GT   -2.09    9.11    1.58   -3.32    9.24    0.47
   8 CG/CG   -2.73    9.27   -0.75   -1.64    8.92    1.65
   9 GG/CC   -1.49    9.31   -0.51   -1.33    9.68    1.67
****************************************************************************
xyz coordinates of O2P atoms w.r.t. the middle helix frame of each dimer

    step      xIH     yIH     zIH     xIIH    yIIH    zIIH
   1 GG/CC   -3.90   10.51    4.96   -4.56    8.19    1.77
   2 GC/GC   -1.01    9.29    0.90   -1.11    9.41   -0.47
   3 CA/TG   -2.89    9.01    1.63   -2.79    9.81    0.94
   4 AA/TT   -2.58    8.52    1.12   -2.96   10.54   -1.76
   5 AA/TT   -4.21    8.78    1.96   -4.70    8.99    0.73
   6 AA/TT   -0.09   10.65   -0.09   -1.12    7.93   -1.36
   7 AC/GT   -3.63    8.36    2.50   -5.20    9.79    0.73
   8 CG/CG   -2.56   10.00   -0.44   -1.35    8.11    2.31
   9 GG/CC   -1.13    9.26   -0.05   -1.17    9.70    1.72
****************************************************************************
xyz coordinates of P atoms w.r.t. the middle frame of each dimer

    step       xI      yI      zI     xII     yII     zII
   1 GG/CC   -2.83    9.06    1.91   -3.39    9.20   -0.83
   2 GC/GC   -2.43    9.11    1.30   -2.50    8.95   -0.54
   3 CA/TG   -2.98    9.08    0.74   -3.14    9.12   -0.60
   4 AA/TT   -3.56    8.84    1.13   -3.60    9.04   -1.34
   5 AA/TT   -3.17    8.32    1.80   -3.89    8.65   -0.02
   6 AA/TT   -2.57    8.97    0.21   -3.71    8.89   -1.12
   7 AC/GT   -3.04    8.88    0.47   -4.01    8.60   -0.68
   8 CG/CG   -3.33    8.47   -1.84   -2.67    8.68    0.61
   9 GG/CC   -2.66    8.97   -1.37   -2.47    9.37    0.78
****************************************************************************
xyz coordinates of P atoms w.r.t. the middle helix frame of each dimer

    step      xIH     yIH     zIH     xIIH    yIIH    zIIH
   1 GG/CC   -4.87   10.40    3.84   -5.47    7.20    1.14
   2 GC/GC   -2.07    9.04   -0.11   -2.18    8.97   -1.40
   3 CA/TG   -3.83    8.71    0.52   -3.95    9.48    0.07
   4 AA/TT   -3.75    7.96    0.38   -3.65    9.75   -2.81
   5 AA/TT   -5.22    8.56    0.89   -5.80    8.50   -0.13
   6 AA/TT   -1.10   10.16   -1.06   -2.35    7.44   -2.03
   7 AC/GT   -4.72    8.21    1.51   -5.73    9.24   -0.54
   8 CG/CG   -3.07    9.27   -1.63   -2.47    7.92    1.35
   9 GG/CC   -2.41    8.94   -0.75   -2.17    9.41    0.67
****************************************************************************
xyz coordinates of P atoms

    bp        xI       yI       zI       xII      yII      zII
   1 G-C     ----     ----     ----   -10.633   10.616   -7.224
   2 G-C    -0.063   13.755    7.380   -4.910    7.570   -9.893
   3 C-G    -5.738    9.836    8.013    1.628    5.201   -9.424
   4 A-T   -10.341    5.901    4.272    6.671    2.344   -5.816
   5 A-T   -10.705    2.101   -1.596    9.253    0.746    0.382
   6 A-T    -6.433   -1.672   -5.927    8.320   -3.084    6.659
   7 A-T    -0.788   -3.326   -8.762    4.031   -7.244    9.473
   8 C-G     6.206   -5.688   -7.824   -2.578  -10.681    8.221
   9 G-C    10.505   -6.928   -2.291   -6.354  -13.943    3.019
  10 G-C    11.763  -11.049    3.082    ----     ----     ---- 
*******************************************************************************************
Phosphorus-phosphorus distance in Angstroms

            1      2      3      4      5      6      7      8      9     10
            C      C      G      T      T      T      T      G      C      C   
   1 G    ----   ----   ----   ----   ----   ----   ----   ----   ----   ----
   2 G    18.3   19.0   18.9   18.7   17.5   18.8   21.5   24.6   28.7   ----
   3 C    16.0   18.1   19.5   20.0   19.1   19.1   19.7   20.8   24.3   ----
   4 A    12.4   15.3   18.2   20.1   20.6   20.8   20.2   18.7   20.3   ----
   5 A    10.2   11.5   14.9   17.9   20.1   21.4   20.7   18.0   17.3   ----
   6 A    13.1   10.2   11.2   13.7   17.1   19.4   19.4   17.2   15.2   ----
   7 A    17.1   11.7    8.9    9.8   14.2   17.9   19.3   18.6   16.8   ----
   8 C    23.4   17.4   11.9    8.3   10.9   14.9   17.5   19.0   18.5   ----
   9 G    27.9   22.5   16.6   10.6    8.2   10.0   13.4   17.2   19.0   ----
  10 G    32.8   28.2   22.9   16.9   12.4    9.4   10.7   15.2   18.3   ----
****************************************************************************
Strand I helix radius

    step          P        O4'       C1'
   1  G/G      12.74      9.81      9.13
   2  G/C       7.89      4.76      4.29
   3  C/A       9.65      6.41      5.99
   4  A/A       9.01      6.22      5.52
   5  A/A       9.33      7.18      6.55
   6  A/A      10.23      7.05      6.69
   7  A/C       7.77      6.02      5.24
   8  C/G      10.38      7.42      7.04
   9  G/G       8.29      5.46      4.86
****************************************************************************
Strand II helix radius

    step          P        O4'       C1'
   1  C/C      10.11      7.43      6.66
   2  C/G       7.93      5.02      4.48
   3  G/T      11.60      8.67      8.09
   4  T/T       9.78      6.45      6.18
   5  T/T       9.39      6.92      6.39
   6  T/T       8.25      4.97      4.55
   7  T/G       9.08      6.26      5.82
   8  G/C       8.95      6.45      5.69
   9  C/C       8.59      5.35      4.66
****************************************************************************************
Base-pair helix axis

               Ox      Oy      Oz     Xx    Xy    Xz   Yx    Yy    Yz    Zx    Zy    Zz
   1 GG/CC   -2.36   13.65   -5.13  0.67 -0.21 -0.72  0.73  0.39  0.56  0.16 -0.89  0.42
             -1.82   10.72   -3.77  0.94  0.02 -0.33  0.29  0.45  0.85  0.16 -0.89  0.42
   2 GC/GC   -3.64   11.54   -1.03  0.93  0.14 -0.35  0.34  0.10  0.94  0.17 -0.99  0.05
             -3.03    7.85   -0.85  0.90  0.17  0.40 -0.41 -0.02  0.91  0.17 -0.99  0.05
   3 CA/TG   -1.99    8.14   -0.16  0.90  0.21  0.39 -0.42  0.14  0.90  0.13 -0.97  0.21
             -1.60    5.29    0.45  0.50  0.25  0.83 -0.85 -0.00  0.52  0.13 -0.97  0.21
   4 AA/TT   -2.39    4.93    0.36  0.53 -0.01  0.85 -0.84 -0.16  0.52  0.13 -0.99 -0.09
             -2.00    1.98    0.09 -0.07 -0.10  0.99 -0.99 -0.12 -0.08  0.13 -0.99 -0.09
   5 AA/TT   -0.97    2.40    1.92 -0.08  0.13  0.99 -1.00 -0.06 -0.07  0.05 -0.99  0.13
             -0.79   -1.22    2.40 -0.70  0.06  0.71 -0.71 -0.13 -0.69  0.05 -0.99  0.13
   6 AA/TT    2.53   -1.10    0.65 -0.70 -0.01  0.71 -0.70 -0.19 -0.69  0.14 -0.98  0.13
              2.96   -4.11    1.06 -0.98 -0.13  0.13 -0.11 -0.15 -0.98  0.14 -0.98  0.13
   7 AC/GT   -0.58   -5.06   -0.43 -0.94 -0.31  0.12 -0.15  0.06 -0.99  0.30 -0.95 -0.10
              0.54   -8.64   -0.82 -0.84 -0.21 -0.51  0.46  0.24 -0.86  0.30 -0.95 -0.10
   8 CG/CG    1.61   -8.56    1.37 -0.88  0.01 -0.48  0.47  0.22 -0.86  0.10 -0.97 -0.20
              1.93  -11.76    0.71 -0.37  0.15 -0.92  0.92  0.16 -0.35  0.10 -0.97 -0.20
   9 GG/CC    2.78  -11.57    0.72 -0.35 -0.09 -0.93  0.93  0.13 -0.36  0.15 -0.99  0.04
              3.30  -14.93    0.85  0.34  0.02 -0.94  0.93  0.16  0.34  0.15 -0.99  0.04
****************************************************************************************
Strand I helix axis

               Ox      Oy      Oz     Xx    Xy    Xz   Yx    Yy    Yz    Zx    Zy    Zz
   1  G/G    -3.77   13.41   -5.16  0.68 -0.14 -0.71  0.73  0.21  0.65  0.05 -0.97  0.25
             -3.60   10.28   -4.36  0.93 -0.04 -0.36  0.36  0.25  0.90  0.05 -0.97  0.25
   2  G/C    -3.49   11.07    0.45  0.93 -0.03 -0.36  0.36 -0.03  0.93 -0.03 -1.00 -0.01
             -3.61    7.70    0.40  0.91 -0.04  0.41 -0.41  0.00  0.91 -0.03 -1.00 -0.01
   3  C/A    -2.43    7.64   -0.97  0.86  0.33  0.38 -0.41  0.02  0.91  0.30 -0.94  0.16
             -1.57    4.90   -0.52  0.41  0.27  0.87 -0.86 -0.19  0.47  0.30 -0.94  0.16
   4  A/A    -2.06    4.88    0.74  0.48  0.01  0.88 -0.88 -0.02  0.48  0.02 -1.00 -0.01
             -1.99    1.80    0.72 -0.12 -0.01  0.99 -0.99 -0.02 -0.12  0.02 -1.00 -0.01
   5  A/A    -1.78    1.83    1.93 -0.12  0.02  0.99 -0.99 -0.07 -0.12  0.07 -1.00  0.03
             -1.55   -1.42    2.02 -0.74 -0.03  0.67 -0.67 -0.07 -0.74  0.07 -1.00  0.03
   6  A/A     3.03   -1.04    0.47 -0.76  0.04  0.65 -0.63 -0.27 -0.73  0.15 -0.96  0.23
              3.46   -3.86    1.15 -0.99 -0.14  0.06 -0.03 -0.24 -0.97  0.15 -0.96  0.23
   7  A/C    -1.23   -5.82   -2.24 -0.78 -0.61  0.09 -0.15  0.05 -0.99  0.60 -0.79 -0.13
              0.94   -8.66   -2.72 -0.70 -0.44 -0.56  0.39  0.43 -0.82  0.60 -0.79 -0.13
   8  C/G     1.20   -8.91    1.91 -0.87 -0.01 -0.50  0.49  0.15 -0.86  0.08 -0.99 -0.13
              1.44  -11.78    1.54 -0.37  0.09 -0.92  0.92  0.12 -0.36  0.08 -0.99 -0.13
   9  G/G     3.74  -11.37    0.20 -0.31 -0.21 -0.93  0.92  0.18 -0.35  0.24 -0.96  0.14
              4.58  -14.74    0.69  0.35 -0.05 -0.93  0.90  0.27  0.33  0.24 -0.96  0.14
****************************************************************************************
Strand II helix axis

               Ox      Oy      Oz     Xx    Xy    Xz   Yx    Yy    Yz    Zx    Zy    Zz
   1  C/C    -1.32   14.07   -5.14  0.65 -0.29 -0.70  0.71  0.55  0.44  0.26 -0.79  0.56
             -0.50   11.55   -3.35  0.95  0.09 -0.31  0.20  0.61  0.77  0.26 -0.79  0.56
   2  C/G    -3.78   11.66   -2.68  0.88  0.30 -0.37  0.31  0.22  0.92  0.36 -0.93  0.10
             -2.40    8.15   -2.31  0.85  0.37  0.37 -0.38 -0.05  0.92  0.36 -0.93  0.10
   3  G/T    -1.54    8.57    1.23  0.90  0.02  0.44 -0.43  0.24  0.87 -0.09 -0.97  0.23
             -1.78    5.85    1.87  0.55  0.14  0.82 -0.83  0.20  0.52 -0.09 -0.97  0.23
   4  T/T    -2.53    5.01    0.05  0.59  0.01  0.81 -0.78 -0.27  0.57  0.22 -0.96 -0.16
             -1.89    2.24   -0.40 -0.02 -0.17  0.99 -0.97 -0.22 -0.06  0.22 -0.96 -0.16
   5  T/T    -0.02    2.98    1.81 -0.02  0.23  0.97 -1.00 -0.04 -0.01  0.04 -0.97  0.24
              0.14   -0.91    2.75 -0.65  0.15  0.75 -0.76 -0.18 -0.62  0.04 -0.97  0.24
   6  T/T     2.06   -1.23    0.89 -0.64 -0.06  0.76 -0.76 -0.12 -0.64  0.13 -0.99  0.03
              2.46   -4.34    0.98 -0.98 -0.12  0.18 -0.18 -0.05 -0.98  0.13 -0.99  0.03
   7  T/G     0.43   -4.50    1.35 -0.98  0.04  0.19 -0.19  0.08 -0.98 -0.05 -1.00 -0.07
              0.25   -8.00    1.11 -0.88  0.08 -0.47  0.47  0.04 -0.88 -0.05 -1.00 -0.07
   8  G/C     1.94   -8.13    0.93 -0.89  0.03 -0.46  0.45  0.28 -0.85  0.10 -0.96 -0.27
              2.32  -11.67   -0.06 -0.36  0.21 -0.91  0.93  0.19 -0.33  0.10 -0.96 -0.27
   9  C/C     1.90  -11.77    1.19 -0.36  0.04 -0.93  0.93  0.08 -0.36  0.06 -1.00 -0.07
              2.08  -14.88    0.99  0.34  0.08 -0.94  0.94  0.03  0.35  0.06 -1.00 -0.07
