  10 # base-pairs
   1 # ***local base-pair & helical parameters***
#        Shear    Stretch   Stagger   Buckle   Prop-Tw   Opening     X-disp    Y-disp    h-Rise    Incl.     Tip     h-Twist
G-C      0.250    -0.148     1.388    23.182    10.061     2.607     0.000     0.000     0.000     0.000     0.000     0.000
G-C     -0.527    -0.181     0.953    23.808    -4.442    -4.362    -2.150     2.036     3.279    12.884     0.591    30.622
C-G      0.255    -0.116     0.519     6.319    -9.206    -1.108     0.460    -0.155     3.744    -7.785    -6.420    44.241
A-T      0.072     0.051     0.399    15.631   -19.594     6.249    -0.799    -0.370     2.945     1.410    -8.540    34.425
A-T      0.332     0.112     0.619    19.523   -10.780     4.716    -0.280    -1.019     2.987    -7.521     6.134    36.423
A-T      0.761     0.064    -0.134    11.871    -8.657     7.539    -2.028     0.158     3.664    -3.885    -6.918    39.970
A-T      0.758     0.096    -0.079    14.497   -15.822     5.051     1.540     1.321     3.076    -7.706    -3.263    38.736
C-G      0.612    -0.128     0.562   -10.847    -8.206     2.019    -1.904    -0.629     3.775     4.512     7.602    37.698
G-C     -0.743    -0.202    -0.142   -14.655   -12.653    -0.244     0.117     0.744     3.283     3.587    -5.307    39.987
G-C      0.067    -0.049     0.318   -22.629    -5.265    -3.190     0.427    -0.064     3.399     1.607     8.618    40.817
