  10 # base-pairs
   0 # ***local base-pair & step parameters***
#        Shear    Stretch   Stagger   Buckle   Prop-Tw   Opening     Shift     Slide     Rise      Tilt      Roll      Twist
G-C      0.250    -0.148     1.388    23.182    10.061     2.607     0.000     0.000     0.000     0.000     0.000     0.000
G-C     -0.527    -0.181     0.953    23.808    -4.442    -4.362    -1.109    -0.404     3.436    -0.309     6.751    29.884
C-G      0.255    -0.116     0.519     6.319    -9.206    -1.108     0.505    -0.125     3.725     4.814    -5.837    43.622
A-T      0.072     0.051     0.399    15.631   -19.594     6.249     0.636    -0.404     2.895     5.037     0.831    34.056
A-T      0.332     0.112     0.619    19.523   -10.780     4.716     0.332    -0.549     2.991    -3.817    -4.681    35.936
A-T      0.761     0.064    -0.134    11.871    -8.657     7.539     0.302    -1.617     3.557     4.715    -2.648    39.617
A-T      0.758     0.096    -0.079    14.497   -15.822     5.051    -0.706     0.621     3.223     2.158    -5.095    38.354
C-G      0.612    -0.128     0.562   -10.847    -8.206     2.019    -0.075    -0.945     3.877    -4.894     2.905    37.282
G-C     -0.743    -0.202    -0.142   -14.655   -12.653    -0.244    -0.222     0.274     3.304     3.622     2.448    39.757
G-C      0.067    -0.049     0.318   -22.629    -5.265    -3.190    -0.433     0.387     3.363    -5.990     1.117    40.379
