****************************************************************************
CEHS base-pair parameters
     bp        Shear    Stretch   Stagger    Buckle  Propeller  Opening
    1 G-C       0.25     -0.14      1.39     23.15     10.20      2.56
    2 G-C      -0.53     -0.18      0.95     23.81     -4.51     -4.30
    3 C-G       0.25     -0.12      0.52      6.31     -9.22     -1.10
    4 A-T       0.07      0.05      0.40     15.56    -19.74      6.12
    5 A-T       0.34      0.11      0.62     19.50    -10.89      4.65
    6 A-T       0.76      0.06     -0.14     11.87     -8.71      7.49
    7 A-T       0.76      0.09     -0.08     14.46    -15.92      4.98
    8 C-G       0.61     -0.13      0.56    -10.84     -8.23      2.01
    9 G-C      -0.74     -0.21     -0.14    -14.62    -12.72     -0.24
   10 G-C       0.07     -0.05      0.32    -22.62     -5.34     -3.14
          ~~~~~~~~~~~~~~~~~~~~~~~~~~~~~~~~~~~~~~~~~~~~~~~~~~~~~~~~~~~~
      ave.      0.18     -0.05      0.44      6.66     -8.51      1.90
      s.d.      0.50      0.12      0.49     16.72      8.04      4.00
****************************************************************************
CEHS base-pair step parameters
    step       Shift     Slide      Rise      Tilt      Roll     Twist
   1 GG/CC     -1.11     -0.40      3.44     -0.38      7.15     30.63
   2 GC/GC      0.50     -0.12      3.73      4.67     -6.00     43.53
   3 CA/TG      0.64     -0.42      2.89      4.55      0.44     34.59
   4 AA/TT      0.33     -0.57      2.99     -3.44     -4.87     35.71
   5 AA/TT      0.30     -1.63      3.55      4.77     -2.84     39.35
   6 AA/TT     -0.69      0.61      3.23      2.18     -5.28     38.60
   7 AC/GT     -0.08     -0.96      3.87     -4.59      2.98     36.60
   8 CG/CG     -0.23      0.27      3.30      3.68      2.40     39.55
   9 GG/CC     -0.43      0.39      3.36     -5.88      0.97     40.53
          ~~~~~~~~~~~~~~~~~~~~~~~~~~~~~~~~~~~~~~~~~~~~~~~~~~~~~~~~~~~~
      ave.     -0.08     -0.32      3.37      0.62     -0.56     37.68
      s.d.      0.59      0.70      0.32      4.30      4.47      3.77
****************************************************************************
CompDNA base-pair parameters
     bp        Shear    Stretch   Stagger    Buckle  Propeller  Opening
    1 G-C       0.25     -0.15      1.39     23.06     10.20      2.65
    2 G-C      -0.53     -0.18      0.95     23.78     -4.51     -4.45
    3 C-G       0.25     -0.12      0.52      6.29     -9.21     -1.11
    4 A-T       0.07      0.05      0.40     15.32    -19.71      6.21
    5 A-T       0.33      0.11      0.62     19.41    -10.89      4.76
    6 A-T       0.76      0.06     -0.13     11.83     -8.69      7.56
    7 A-T       0.76      0.09     -0.08     14.31    -15.91      5.04
    8 C-G       0.61     -0.13      0.56    -10.81     -8.23      2.02
    9 G-C      -0.74     -0.21     -0.14    -14.53    -12.72     -0.24
   10 G-C       0.07     -0.05      0.32    -22.60     -5.33     -3.25
          ~~~~~~~~~~~~~~~~~~~~~~~~~~~~~~~~~~~~~~~~~~~~~~~~~~~~~~~~~~~~
      ave.      0.18     -0.05      0.44      6.61     -8.50      1.92
      s.d.      0.50      0.12      0.49     16.65      8.03      4.08
****************************************************************************
CompDNA base-pair step parameters
    step       Shift     Slide      Rise      Tilt      Roll     Twist
   1 GG/CC     -1.11     -0.41      3.44     -0.33      6.75     30.58
   2 GC/GC      0.50     -0.13      3.73      4.79     -5.85     43.50
   3 CA/TG      0.63     -0.41      2.89      5.04      0.80     34.63
   4 AA/TT      0.33     -0.55      2.99     -3.86     -4.64     35.72
   5 AA/TT      0.29     -1.62      3.56      4.70     -2.68     39.40
   6 AA/TT     -0.70      0.63      3.22      2.12     -5.11     38.60
   7 AC/GT     -0.08     -0.94      3.88     -4.88      2.92     36.61
   8 CG/CG     -0.22      0.27      3.30      3.61      2.47     39.55
   9 GG/CC     -0.44      0.38      3.36     -6.00      1.08     40.57
          ~~~~~~~~~~~~~~~~~~~~~~~~~~~~~~~~~~~~~~~~~~~~~~~~~~~~~~~~~~~~
      ave.     -0.09     -0.31      3.37      0.58     -0.47     37.68
      s.d.      0.59      0.70      0.32      4.47      4.32      3.78
****************************************************************************
Curves base-pair parameters (by Xiang-Jun Lu)
     bp        Shear    Stretch   Stagger    Buckle  Propeller  Opening
    1 G-C       0.25     -0.15      1.42     23.33      9.79      2.61
    2 G-C      -0.53     -0.18      0.97     23.84     -4.32     -4.36
    3 C-G       0.26     -0.12      0.52      6.35     -9.19     -1.11
    4 A-T       0.07      0.05      0.41     16.01    -19.35      6.25
    5 A-T       0.33      0.11      0.63     19.66    -10.57      4.72
    6 A-T       0.76      0.07     -0.14     11.93     -8.59      7.54
    7 A-T       0.76      0.10     -0.08     14.73    -15.65      5.05
    8 C-G       0.61     -0.13      0.57    -10.89     -8.16      2.02
    9 G-C      -0.74     -0.20     -0.14    -14.80    -12.51     -0.24
   10 G-C       0.07     -0.05      0.33    -22.67     -5.13     -3.19
          ~~~~~~~~~~~~~~~~~~~~~~~~~~~~~~~~~~~~~~~~~~~~~~~~~~~~~~~~~~~~
      ave.      0.18     -0.05      0.45      6.75     -8.37      1.93
      s.d.      0.50      0.12      0.50     16.84      7.84      4.05
****************************************************************************
Curves base-pair step parameters
    step       Shift     Slide      Rise      Tilt      Roll     Twist
   1 GG/CC     -1.11     -0.40      3.44     -0.29      6.75     29.15
   2 GC/GC      0.51     -0.12      3.73      4.84     -5.81     43.72
   3 CA/TG      0.64     -0.40      2.90      5.03      0.87     33.51
   4 AA/TT      0.34     -0.55      3.00     -3.78     -4.72     36.15
   5 AA/TT      0.31     -1.61      3.56      4.73     -2.62     39.85
   6 AA/TT     -0.71      0.62      3.23      2.19     -5.08     38.07
   7 AC/GT     -0.07     -0.94      3.88     -4.91      2.89     37.98
   8 CG/CG     -0.22      0.28      3.31      3.64      2.43     39.97
   9 GG/CC     -0.43      0.39      3.37     -5.98      1.15     40.23
          ~~~~~~~~~~~~~~~~~~~~~~~~~~~~~~~~~~~~~~~~~~~~~~~~~~~~~~~~~~~~
      ave.     -0.08     -0.31      3.38      0.61     -0.46     37.63
      s.d.      0.59      0.70      0.32      4.47      4.31      4.27
****************************************************************************
FreeHelix base-pair parameters (by Xiang-Jun Lu)
     bp        Shear    Stretch   Stagger    Buckle  Propeller  Opening
    1 G-C       0.25     -0.15      1.39     23.15     10.41      2.65
    2 G-C      -0.53     -0.18      0.95     23.80     -4.61     -4.45
    3 C-G       0.25     -0.12      0.52      6.31     -9.23     -1.11
    4 A-T       0.07      0.05      0.40     15.55    -19.89      6.21
    5 A-T       0.33      0.11      0.62     19.49    -11.04      4.76
    6 A-T       0.76      0.06     -0.13     11.86     -8.73      7.56
    7 A-T       0.76      0.09     -0.08     14.45    -16.03      5.04
    8 C-G       0.61     -0.13      0.56    -10.84     -8.27      2.02
    9 G-C      -0.74     -0.21     -0.14    -14.62    -12.83     -0.24
   10 G-C       0.07     -0.05      0.32    -22.62     -5.44     -3.25
          ~~~~~~~~~~~~~~~~~~~~~~~~~~~~~~~~~~~~~~~~~~~~~~~~~~~~~~~~~~~~
      ave.      0.18     -0.05      0.44      6.65     -8.57      1.92
      s.d.      0.50      0.12      0.49     16.71      8.13      4.08
****************************************************************************
FreeHelix base-pair step parameters
    step       Shift     Slide      Rise      Tilt      Roll     Twist
   1 GG/CC     -1.11     -0.41      3.44     -0.33      6.75     30.59
   2 GC/GC      0.50     -0.13      3.73      4.79     -5.86     43.50
   3 CA/TG      0.63     -0.41      2.89      5.04      0.80     34.63
   4 AA/TT      0.33     -0.55      2.99     -3.86     -4.65     35.72
   5 AA/TT      0.29     -1.62      3.56      4.70     -2.68     39.40
   6 AA/TT     -0.70      0.63      3.22      2.12     -5.11     38.60
   7 AC/GT     -0.08     -0.94      3.88     -4.89      2.92     36.60
   8 CG/CG     -0.22      0.27      3.30      3.61      2.47     39.55
   9 GG/CC     -0.44      0.38      3.36     -6.00      1.08     40.57
          ~~~~~~~~~~~~~~~~~~~~~~~~~~~~~~~~~~~~~~~~~~~~~~~~~~~~~~~~~~~~
      ave.     -0.09     -0.31      3.37      0.58     -0.47     37.68
      s.d.      0.59      0.70      0.32      4.47      4.32      3.78
****************************************************************************
NGEOM base-pair parameters
     bp        Shear    Stretch   Stagger    Buckle  Propeller  Opening
    1 G-C       0.25     -0.15      1.39     23.18     10.06      2.61
    2 G-C      -0.53     -0.18      0.95     23.81     -4.44     -4.36
    3 C-G       0.25     -0.12      0.52      6.32     -9.21     -1.11
    4 A-T       0.07      0.05      0.40     15.63    -19.59      6.25
    5 A-T       0.33      0.11      0.62     19.52    -10.78      4.72
    6 A-T       0.76      0.06     -0.14     11.87     -8.66      7.54
    7 A-T       0.76      0.10     -0.08     14.50    -15.82      5.05
    8 C-G       0.61     -0.13      0.56    -10.85     -8.21      2.02
    9 G-C      -0.74     -0.20     -0.14    -14.65    -12.65     -0.24
   10 G-C       0.07     -0.05      0.32    -22.63     -5.27     -3.19
          ~~~~~~~~~~~~~~~~~~~~~~~~~~~~~~~~~~~~~~~~~~~~~~~~~~~~~~~~~~~~
      ave.      0.18     -0.05      0.44      6.67     -8.46      1.93
      s.d.      0.50      0.12      0.49     16.73      7.97      4.05
****************************************************************************
NGEOM base-pair step parameters
    step       Shift     Slide      Rise      Tilt      Roll     Twist
   1 GG/CC     -1.11     -0.38      3.44     -0.31      6.75     29.88
   2 GC/GC      0.54     -0.16      3.72      4.81     -5.84     43.62
   3 CA/TG      0.65     -0.40      2.89      5.04      0.83     34.06
   4 AA/TT      0.32     -0.57      2.99     -3.82     -4.68     35.94
   5 AA/TT      0.33     -1.63      3.55      4.72     -2.65     39.62
   6 AA/TT     -0.70      0.60      3.23      2.16     -5.10     38.35
   7 AC/GT     -0.10     -0.93      3.88     -4.89      2.91     37.28
   8 CG/CG     -0.20      0.29      3.30      3.62      2.45     39.76
   9 GG/CC     -0.46      0.39      3.36     -5.99      1.12     40.38
          ~~~~~~~~~~~~~~~~~~~~~~~~~~~~~~~~~~~~~~~~~~~~~~~~~~~~~~~~~~~~
      ave.     -0.08     -0.31      3.37      0.59     -0.47     37.65
      s.d.      0.60      0.70      0.32      4.47      4.31      4.00
****************************************************************************
NUPARM base-pair parameters
     bp        Shear    Stretch   Stagger    Buckle  Propeller  Opening
    1 G-C       0.25     -0.14      1.39     23.16      9.99      2.54
    2 G-C      -0.53     -0.18      0.95     23.82     -4.41     -4.27
    3 C-G       0.25     -0.12      0.52      6.31     -9.20     -1.10
    4 A-T       0.07      0.05      0.40     15.58    -19.56      6.10
    5 A-T       0.34      0.11      0.62     19.51    -10.74      4.63
    6 A-T       0.76      0.06     -0.14     11.89     -8.66      7.48
    7 A-T       0.76      0.09     -0.08     14.46    -15.79      4.96
    8 C-G       0.61     -0.13      0.56    -10.84     -8.19      2.01
    9 G-C      -0.74     -0.21     -0.14    -14.62    -12.62     -0.24
   10 G-C       0.07     -0.05      0.32    -22.63     -5.23     -3.12
          ~~~~~~~~~~~~~~~~~~~~~~~~~~~~~~~~~~~~~~~~~~~~~~~~~~~~~~~~~~~~
      ave.      0.18     -0.05      0.44      6.66     -8.44      1.90
      s.d.      0.50      0.12      0.49     16.72      7.94      3.98
****************************************************************************
NUPARM base-pair step parameters
    step       Shift     Slide      Rise      Tilt      Roll     Twist
   1 GG/CC     -1.12     -0.34      3.44     -0.42      7.76     30.57
   2 GC/GC      0.55     -0.20      3.72      4.93     -6.63     43.44
   3 CA/TG      0.69     -0.41      2.88      4.81      0.30     34.55
   4 AA/TT      0.33     -0.61      2.98     -3.49     -5.17     35.67
   5 AA/TT      0.39     -1.67      3.53      5.22     -2.95     39.28
   6 AA/TT     -0.67      0.56      3.24      2.43     -5.53     38.54
   7 AC/GT     -0.12     -0.93      3.88     -4.82      3.32     36.56
   8 CG/CG     -0.18      0.30      3.30      3.90      2.45     39.52
   9 GG/CC     -0.49      0.40      3.35     -6.20      0.96     40.48
          ~~~~~~~~~~~~~~~~~~~~~~~~~~~~~~~~~~~~~~~~~~~~~~~~~~~~~~~~~~~~
      ave.     -0.07     -0.32      3.37      0.71     -0.61     37.62
      s.d.      0.61      0.70      0.32      4.54      4.81      3.76
****************************************************************************
NUPARM base-pair helical parameters
    step       X-disp    Y-disp   h-Rise     Incl.       Tip   h-Twist
   1 GG/CC     -2.34      2.05      3.25     14.58      0.67     31.61
   2 GC/GC      0.51     -0.17      3.74     -8.22     -6.15     44.18
   3 CA/TG     -0.73     -0.47      2.94      0.39     -7.69     34.88
   4 AA/TT     -0.31     -1.00      2.99     -7.75      5.19     36.18
   5 AA/TT     -2.07      0.15      3.66     -4.13     -7.29     39.72
   6 AA/TT      1.55      1.32      3.08     -7.99     -3.54     39.01
   7 AC/GT     -2.02     -0.61      3.76      4.83      7.22     37.00
   8 CG/CG      0.13      0.76      3.28      3.41     -5.43     39.78
   9 GG/CC      0.47     -0.06      3.39      1.20      8.34     40.94
          ~~~~~~~~~~~~~~~~~~~~~~~~~~~~~~~~~~~~~~~~~~~~~~~~~~~~~~~~~~~~
      ave.     -0.53      0.22      3.35     -0.41     -0.96     38.14
      s.d.      1.36      0.98      0.32      7.55      6.45      3.69
****************************************************************************
RNA base-pair parameters
     bp        Shear    Stretch   Stagger    Buckle  Propeller  Opening
    1 G-C       0.28     -0.22      1.39     23.18     10.06      2.56
    2 G-C      -0.55     -0.26      0.95     23.81     -4.44     -4.30
    3 C-G       0.25     -0.12      0.52      6.32     -9.21     -1.10
    4 A-T       0.03      0.01      0.38     15.64    -19.60      6.15
    5 A-T       0.31      0.06      0.61     19.53    -10.78      4.66
    6 A-T       0.75      0.04     -0.15     11.88     -8.66      7.50
    7 A-T       0.73      0.06     -0.09     14.50    -15.83      4.99
    8 C-G       0.62     -0.14      0.56    -10.85     -8.21      2.01
    9 G-C      -0.72     -0.23     -0.14    -14.65    -12.65     -0.24
   10 G-C       0.08     -0.12      0.32    -22.63     -5.27     -3.15
          ~~~~~~~~~~~~~~~~~~~~~~~~~~~~~~~~~~~~~~~~~~~~~~~~~~~~~~~~~~~~
      ave.      0.18     -0.09      0.44      6.67     -8.46      1.91
      s.d.      0.50      0.13      0.49     16.74      7.97      4.01
****************************************************************************
RNA base-pair step parameters
    step       Shift     Slide      Rise      Tilt      Roll     Twist
   1 GG/CC     -0.96     -0.37      3.45     -0.35      7.21     29.84
   2 GC/GC      0.45     -0.14      3.45      4.82     -6.16     43.57
   3 CA/TG      0.55     -0.44      3.03      4.89      0.55     34.02
   4 AA/TT      0.33     -0.61      3.04     -3.60     -4.87     35.90
   5 AA/TT      0.29     -1.72      3.42      4.92     -2.78     39.56
   6 AA/TT     -0.67      0.51      3.27      2.29     -5.26     38.30
   7 AC/GT     -0.05     -0.97      3.48     -4.81      3.09     37.26
   8 CG/CG     -0.18      0.29      3.25      3.72      2.43     39.74
   9 GG/CC     -0.42      0.38      3.23     -6.03      1.01     40.35
          ~~~~~~~~~~~~~~~~~~~~~~~~~~~~~~~~~~~~~~~~~~~~~~~~~~~~~~~~~~~~
      ave.     -0.07     -0.34      3.29      0.65     -0.53     37.62
      s.d.      0.53      0.71      0.17      4.46      4.52      4.00
****************************************************************************
RNA base-pair helical parameters
    step       X-disp    Y-disp   h-Rise     Incl.       Tip   h-Twist
   1 GG/CC     -2.20      1.75      3.27     13.57      0.66     30.70
   2 GC/GC      0.45     -0.10      3.47     -8.01     -6.27     44.27
   3 CA/TG     -0.83     -0.20      3.07      0.92     -8.18     34.38
   4 AA/TT     -0.33     -1.01      3.05     -7.69      5.69     36.41
   5 AA/TT     -2.17      0.21      3.54     -4.00     -7.07     39.97
   6 AA/TT      1.43      1.29      3.12     -7.82     -3.39     38.73
   7 AC/GT     -1.94     -0.60      3.37      4.71      7.34     37.70
   8 CG/CG      0.13      0.71      3.23      3.50     -5.35     39.99
   9 GG/CC      0.43     -0.09      3.27      1.43      8.50     40.81
          ~~~~~~~~~~~~~~~~~~~~~~~~~~~~~~~~~~~~~~~~~~~~~~~~~~~~~~~~~~~~
      ave.     -0.56      0.22      3.27     -0.38     -0.90     38.10
      s.d.      1.31      0.88      0.17      7.25      6.60      3.94
****************************************************************************
Strand I base step parameters
    step       Shift     Slide      Rise      Tilt      Roll     Twist
   1  G/G      -2.24      0.25      3.19     -0.76      5.69     25.03
   2  G/C      -0.24      0.29      3.39     -0.71     -2.51     45.61
   3  C/A      -0.21     -0.03      3.18     13.87     -1.29     36.54
   4  A/A      -0.30     -0.04      3.15      3.02      4.90     35.19
   5  A/A      -0.52     -1.08      3.45      4.68      3.48     40.52
   6  A/A      -1.46      1.27      3.45      7.31     -4.62     37.12
   7  A/C      -0.80     -0.77      3.78    -12.99      7.63     36.75
   8  C/G      -1.68     -0.10      3.18      5.43     -4.07     38.10
   9  G/G      -0.95     -0.25      3.39     -6.72     -2.03     39.33
          ~~~~~~~~~~~~~~~~~~~~~~~~~~~~~~~~~~~~~~~~~~~~~~~~~~~~~~~~~~~~
      ave.     -0.93     -0.05      3.35      1.46      0.80     37.13
      s.d.      0.72      0.67      0.20      7.92      4.62      5.48
****************************************************************************
Strand I base helical parameters
    step       X-disp    Y-disp   h-Rise     Incl.       Tip   h-Twist
   1  G/G      -1.06      3.01      3.23     12.81      1.72     25.68
   2  G/C       0.61     -1.57      3.37     -3.15      0.89     45.68
   3  C/A       0.12      0.17      2.90     -1.93    -20.77     39.11
   4  A/A      -0.78     -0.89      3.08      7.91     -4.88     35.65
   5  A/A      -1.95     -0.51      3.26      4.88     -6.57     40.93
   6  A/A       2.55      1.37      2.92     -7.01    -11.09     38.12
   7  A/C      -2.22     -2.47      3.61     11.29     19.22     39.72
   8  C/G       0.34      1.38      2.90     -6.06     -8.08     38.70
   9  G/G      -0.11     -1.27      3.50     -2.93      9.69     39.96
          ~~~~~~~~~~~~~~~~~~~~~~~~~~~~~~~~~~~~~~~~~~~~~~~~~~~~~~~~~~~~
      ave.     -0.28     -0.09      3.20      1.76     -2.21     38.17
      s.d.      1.45      1.73      0.27      7.57     11.78      5.40
****************************************************************************
Strand II base step parameters
    step       Shift     Slide      Rise      Tilt      Roll     Twist
   1  C/C       0.32     -1.09      3.51      0.19      7.65     34.86
   2  C/G       1.12     -0.64      3.58     10.41     -9.66     41.44
   3  G/T       1.35     -0.80      3.07     -3.75      2.51     30.62
   4  T/T       0.99     -1.10      3.05     -9.70    -14.87     34.29
   5  T/T       1.11     -2.30      3.46      5.61     -8.83     37.82
   6  T/T       0.20     -0.10      3.18     -2.79     -6.29     38.85
   7  T/G       0.75     -1.11      3.43      3.39     -1.21     38.68
   8  G/C       1.28      0.75      3.57      1.85      9.07     40.50
   9  C/C       0.13      0.96      3.08     -5.36      4.18     40.90
          ~~~~~~~~~~~~~~~~~~~~~~~~~~~~~~~~~~~~~~~~~~~~~~~~~~~~~~~~~~~~
      ave.      0.81     -0.60      3.32     -0.02     -1.94     37.55
      s.d.      0.47      1.01      0.22      6.12      8.40      3.61
****************************************************************************
Strand II base helical parameters
    step       X-disp    Y-disp   h-Rise     Incl.       Tip   h-Twist
   1  C/C      -2.96      1.32      3.20     12.38     -0.31     35.69
   2  C/G       0.26      1.51      3.79    -12.87    -13.87     43.81
   3  G/T      -1.96     -1.39      2.81      4.67      6.97     30.95
   4  T/T       0.17     -0.88      2.88    -22.93     14.96     38.61
   5  T/T      -2.15      0.96      4.01    -13.05     -8.29     39.24
   6  T/T       0.60      1.17      3.14     -9.18      4.07     39.45
   7  T/G      -1.50      1.13      3.51     -1.78     -5.01     38.85
   8  G/C      -0.08      0.24      3.70     12.61     -2.57     41.54
   9  C/C       0.91      1.05      3.12      5.80      7.44     41.46
          ~~~~~~~~~~~~~~~~~~~~~~~~~~~~~~~~~~~~~~~~~~~~~~~~~~~~~~~~~~~~
      ave.     -0.74      0.57      3.35     -2.70      0.38     38.84
      s.d.      1.40      1.03      0.42     12.50      8.91      3.74
