Local base-pair parameters
     bp        Shear    Stretch   Stagger    Buckle  Propeller  Opening
    1 G-C       0.25     -0.15      1.39     23.18     10.06      2.61
    2 G-C      -0.53     -0.18      0.95     23.81     -4.44     -4.36
    3 C-G       0.25     -0.12      0.52      6.32     -9.21     -1.11
    4 A-T       0.07      0.05      0.40     15.63    -19.59      6.25
    5 A-T       0.33      0.11      0.62     19.52    -10.78      4.72
    6 A-T       0.76      0.06     -0.13     11.87     -8.66      7.54
    7 A-T       0.76      0.10     -0.08     14.50    -15.82      5.05
    8 C-G       0.61     -0.13      0.56    -10.85     -8.21      2.02
    9 G-C      -0.74     -0.20     -0.14    -14.65    -12.65     -0.24
   10 G-C       0.07     -0.05      0.32    -22.63     -5.27     -3.19
