Local base-pair helical parameters
    step       X-disp    Y-disp   h-Rise     Incl.       Tip   h-Twist
   1 GG/CC     -2.15      2.04      3.28     12.88      0.59     30.62
   2 GC/GC      0.46     -0.15      3.74     -7.79     -6.42     44.24
   3 CA/TG     -0.80     -0.37      2.95      1.41     -8.54     34.42
   4 AA/TT     -0.28     -1.02      2.99     -7.52      6.13     36.42
   5 AA/TT     -2.03      0.16      3.66     -3.89     -6.92     39.97
   6 AA/TT      1.54      1.32      3.08     -7.71     -3.26     38.74
   7 AC/GT     -1.90     -0.63      3.77      4.51      7.60     37.70
   8 CG/CG      0.12      0.74      3.28      3.59     -5.31     39.99
   9 GG/CC      0.43     -0.06      3.40      1.61      8.62     40.82
