Local base-pair step parameters
    step       Shift     Slide      Rise      Tilt      Roll     Twist
   1 GG/CC     -1.11     -0.40      3.44     -0.31      6.75     29.88
   2 GC/GC      0.51     -0.13      3.73      4.81     -5.84     43.62
   3 CA/TG      0.64     -0.40      2.89      5.04      0.83     34.06
   4 AA/TT      0.33     -0.55      2.99     -3.82     -4.68     35.94
   5 AA/TT      0.30     -1.62      3.56      4.72     -2.65     39.62
   6 AA/TT     -0.71      0.62      3.22      2.16     -5.10     38.35
   7 AC/GT     -0.08     -0.94      3.88     -4.89      2.91     37.28
   8 CG/CG     -0.22      0.27      3.30      3.62      2.45     39.76
   9 GG/CC     -0.43      0.39      3.36     -5.99      1.12     40.38
