Local base-pair step parameters
    step       Shift     Slide      Rise      Tilt      Roll     Twist
   1 CG/CG      0.07      0.09      3.45     -0.97      3.01     41.02
   2 GC/GC      0.72      0.36      3.55      6.82      1.83     39.09
   3 CA/TG     -0.11      1.43      3.19     -1.87      4.55     29.76
   4 AA/TT     -0.14     -0.66      3.26     -1.00      2.51     31.72
   5 AA/TT      0.55     -0.03      3.47      2.18     -0.25     38.48
   6 AA/TT     -0.17     -0.53      3.04     -0.57      3.47     34.37
   7 AA/TT     -0.41      0.02      3.56      0.12      0.03     39.14
   8 AT/AT     -0.62     -0.64      3.22     -0.62     -3.80     34.83
   9 TG/CA      0.98      0.81      3.32     -0.37     -1.22     35.28
  10 GC/GC     -1.38      0.38      3.34     -4.45     -9.51     37.50
  11 CG/CG      0.80      0.42      3.30      2.68      1.86     34.32
