Local base-pair helical parameters
    step       X-disp    Y-disp   h-Rise     Incl.       Tip   h-Twist
   1 CG/CG     -0.21     -0.20      3.45      4.29      1.39     41.14
   2 GC/GC      0.29     -0.18      3.63      2.71    -10.09     39.70
   3 CA/TG      1.81     -0.16      3.37      8.77      3.60     30.16
   4 AA/TT     -1.66      0.07      3.20      4.58      1.83     31.83
   5 AA/TT     -0.02     -0.55      3.49     -0.38     -3.30     38.54
   6 AA/TT     -1.39      0.20      2.98      5.85      0.95     34.55
   7 AA/TT      0.03      0.63      3.56      0.04     -0.17     39.14
   8 AT/AT     -0.50      0.93      3.28     -6.32      1.03     35.04
   9 TG/CA      1.51     -1.67      3.28     -2.01      0.60     35.30
  10 GC/GC      1.76      1.51      3.28    -14.45      6.77     38.89
  11 CG/CG      0.42     -0.93      3.37      3.14     -4.52     34.47
