Local base-pair parameters
     bp        Shear    Stretch   Stagger    Buckle  Propeller  Opening
    1 C-G      -0.12     -0.28      0.10      4.65     -8.41     -6.95
    2 G-C      -0.24     -0.25      0.28     -0.80     -8.72     -7.43
    3 C-G       0.26     -0.36     -0.30     -0.02     -4.94     -4.66
    4 A-T      -0.42     -0.28     -0.17      7.29    -15.64      0.70
    5 A-T      -0.02     -0.16      0.05      9.11    -19.51     -6.56
    6 A-T       0.18     -0.12     -0.01     -1.02    -21.18     -0.73
    7 A-T      -0.15     -0.32      0.11      1.45    -24.04      1.68
    8 A-T       0.30     -0.08     -0.00     -9.00    -23.92     -3.11
    9 T-A       0.02     -0.12      0.05    -11.04    -20.87     -7.95
   10 G-C       0.48     -0.27     -0.05      1.59     -5.66      0.16
   11 C-G       0.13     -0.16      0.14      5.36    -19.33     -2.31
   12 G-C       0.13     -0.27      0.72     10.07     -6.35     -7.58


