Local base-pair parameters
     bp        Shear    Stretch   Stagger    Buckle  Propeller  Opening
    1 G-C      -0.98     -0.36     -0.30    -13.71    -15.63      5.67
    2 G-C      -0.23     -0.35     -0.12     -9.74    -13.42     -1.77
    3 C-G       0.23     -0.39     -0.34     -1.13     -4.70     -2.26
    4 A-T       0.09     -0.28      0.25      4.41     -8.54     -5.79
    5 A-T       0.03     -0.28      0.49     11.03    -12.95     -2.58
    6 A-T       0.36     -0.26      0.20      9.08    -17.00     -6.12
    7 A-T       0.23     -0.24      0.29      4.60    -14.49     -0.50
    8 A-T       0.10     -0.21      0.30      1.73    -17.10      6.31
    9 A-T      -0.08     -0.26      0.50     -9.32    -24.35      4.35
   10 C-G       0.54     -0.45      0.81    -15.12    -12.32     -0.65
   11 G-C      -0.40     -0.37     -0.26     -3.05    -12.42      1.61
   12 G-C      -0.48     -0.35     -0.15     -0.53    -14.32      2.55


