Local base-pair step parameters
    step       Shift     Slide      Rise      Tilt      Roll     Twist
   1 GG/CC     -0.82     -0.47      3.03     -4.01      4.10     35.88
   2 GC/GC     -0.22     -0.68      2.86      1.96     -1.89     34.14
   3 CA/TG      0.26     -0.74      3.01      0.04      7.52     33.88
   4 AA/TT      0.13     -0.77      2.89     -2.09     -0.13     36.56
   5 AA/TT     -0.25     -0.73      3.18      1.12     -2.18     34.97
   6 AA/TT      0.17     -1.12      3.08     -1.55     -1.90     37.05
   7 AA/TT      0.13     -0.99      3.03     -1.02     -0.75     35.66
   8 AA/TT     -0.30     -0.80      3.17     -2.46      1.32     38.37
   9 AC/GT     -0.78     -0.98      3.07     -5.08     -1.93     37.77
  10 CG/CG     -0.38     -0.88      2.66      4.11      7.36     29.85
  11 GG/CC     -0.56     -0.54      2.98     -6.26      8.61     32.50


