Local base-pair helical parameters
    step       X-disp    Y-disp   h-Rise     Incl.       Tip   h-Twist
   1 GG/CC     -1.29      0.79      3.03      6.60      6.46     36.32
   2 GC/GC     -0.90      0.64      2.88     -3.21     -3.33     34.24
   3 CA/TG     -2.27     -0.44      2.79     12.71     -0.07     34.68
   4 AA/TT     -1.22     -0.46      2.89     -0.21      3.32     36.61
   5 AA/TT     -0.88      0.59      3.21     -3.62     -1.86     35.05
   6 AA/TT     -1.51     -0.47      3.12     -2.99      2.44     37.13
   7 AA/TT     -1.51     -0.36      3.04     -1.22      1.66     35.68
   8 AA/TT     -1.37      0.15      3.16      2.00      3.74     38.47
   9 AC/GT     -1.26      0.57      3.18     -2.96      7.80     38.15
  10 CG/CG     -2.74      1.33      2.31     13.94     -7.78     30.99
  11 GG/CC     -2.16      0.05      2.80     14.89     10.82     34.16
