Reference frame: Origins (Ox, Oy, Oz) followed by the direction cosines of the
                 X- (Xx, Yx, Zx), Y- (Yx, Yx, Yx), and Z- (Zx, Zx, Zx) axes
*****************************************************************************************
Local base-pair reference frames
                Ox      Oy      Oz     Xx    Xy    Xz   Yx    Yy    Yz    Zx    Zy    Zz
   1 G-C       7.06   -1.05    4.24 -0.93 -0.01 -0.38 -0.07 -0.98  0.20 -0.37  0.21  0.91
   2 G-C       6.48    0.14    7.12 -0.76 -0.60 -0.27  0.51 -0.79  0.34 -0.42  0.12  0.90
   3 C-G       4.93    1.12    9.43 -0.36 -0.93  0.00  0.83 -0.32  0.45 -0.42  0.17  0.89
   4 A-T       2.96    1.18   11.84  0.22 -0.96  0.14  0.87  0.26  0.41 -0.43  0.04  0.90
   5 A-T       1.21    0.79   14.24  0.70 -0.62  0.35  0.59  0.78  0.21 -0.41  0.06  0.91
   6 A-T      -0.61    0.38   16.94  0.89 -0.06  0.45  0.08  1.00 -0.02 -0.44  0.05  0.89
   7 A-T      -1.65   -0.46   19.93  0.75  0.56  0.36 -0.46  0.83 -0.32 -0.48  0.07  0.88
   8 A-T      -2.39   -0.76   23.01  0.34  0.93  0.12 -0.80  0.35 -0.49 -0.50  0.07  0.86
   9 A-T      -3.37   -0.80   26.15 -0.22  0.95 -0.24 -0.82 -0.31 -0.48 -0.53  0.09  0.84
  10 C-G      -4.03   -0.66   29.39 -0.67  0.56 -0.49 -0.46 -0.83 -0.31 -0.58  0.01  0.82
  11 G-C      -5.13    0.22   31.84 -0.75  0.06 -0.66 -0.13 -0.99  0.05 -0.65  0.12  0.75
  12 G-C      -6.89    1.04   34.23 -0.58 -0.49 -0.65  0.34 -0.87  0.35 -0.74 -0.02  0.67
*****************************************************************************************
Local middle reference frames
                Ox      Oy      Oz     Xx    Xy    Xz   Yx    Yy    Yz    Zx    Zy    Zz
   1 GG/CC     6.77   -0.46    5.68 -0.89 -0.32 -0.33  0.23 -0.93  0.27 -0.39  0.16  0.90
   2 GC/GC     5.70    0.63    8.28 -0.58 -0.80 -0.14  0.70 -0.58  0.42 -0.42  0.14  0.90
   3 CA/TG     3.94    1.15   10.63 -0.07 -0.99  0.08  0.90 -0.03  0.43 -0.43  0.10  0.90
   4 AA/TT     2.08    0.99   13.04  0.48 -0.83  0.27  0.77  0.55  0.33 -0.42  0.05  0.91
   5 AA/TT     0.30    0.58   15.59  0.84 -0.36  0.42  0.34  0.93  0.11 -0.43  0.05  0.90
   6 AA/TT    -1.13   -0.04   18.43  0.86  0.26  0.43 -0.21  0.96 -0.17 -0.46  0.06  0.88
   7 AA/TT    -2.02   -0.61   21.47  0.57  0.78  0.25 -0.66  0.62 -0.42 -0.49  0.07  0.87
   8 AA/TT    -2.88   -0.78   24.58  0.06  1.00 -0.06 -0.85  0.02 -0.52 -0.52  0.08  0.85
   9 AC/GT    -3.70   -0.73   27.77 -0.48  0.80 -0.37 -0.68 -0.60 -0.42 -0.56  0.05  0.83
  10 CG/CG    -4.58   -0.22   30.61 -0.73  0.32 -0.60 -0.29 -0.94 -0.15 -0.62  0.07  0.79
  11 GG/CC    -6.01    0.63   33.03 -0.70 -0.22 -0.67  0.12 -0.97  0.19 -0.70  0.05  0.71
*****************************************************************************************
Local middle helical reference frames
                Ox      Oy      Oz     Xx    Xy    Xz   Yx    Yy    Yz    Zx    Zy    Zz
   1 GG/CC     5.44   -0.11    5.27 -0.92 -0.30 -0.23  0.27 -0.95  0.17 -0.27  0.09  0.96
   2 GC/GC     4.82    0.28    7.83 -0.56 -0.81 -0.19  0.67 -0.57  0.47 -0.49  0.13  0.86
   3 CA/TG     4.19   -1.02   10.90 -0.07 -0.99  0.08  0.97 -0.05  0.23 -0.23  0.09  0.97
   4 AA/TT     2.94    0.26   13.54  0.46 -0.83  0.32  0.77  0.55  0.33 -0.45  0.09  0.89
   5 AA/TT     0.84   -0.24   15.82  0.85 -0.36  0.39  0.32  0.93  0.16 -0.42 -0.01  0.91
   6 AA/TT    -0.02    0.76   19.04  0.84  0.26  0.47 -0.23  0.96 -0.13 -0.49  0.00  0.87
   7 AA/TT    -1.45    0.73   21.73  0.55  0.78  0.28 -0.67  0.62 -0.40 -0.49  0.04  0.87
   8 AA/TT    -2.72    0.51   24.65  0.03  1.00 -0.01 -0.84  0.02 -0.55 -0.55  0.02  0.84
   9 AC/GT    -3.97    0.54   27.66 -0.54  0.80 -0.26 -0.71 -0.60 -0.37 -0.46 -0.02  0.89
  10 CG/CG    -6.10    1.84   29.18 -0.64  0.33 -0.70 -0.13 -0.94 -0.32 -0.76 -0.11  0.64
  11 GG/CC    -7.71    0.20   31.94 -0.81 -0.23 -0.53  0.27 -0.96 -0.00 -0.51 -0.15  0.85
*****************************************************************************************
Local strand I base reference frames
                Ox      Oy      Oz     Xx    Xy    Xz   Yx    Yy    Yz    Zx    Zy    Zz
   1 G         7.58   -0.90    4.26 -0.97 -0.04 -0.24  0.02 -1.00  0.10 -0.25  0.09  0.96
   2 G         6.50    0.34    7.04 -0.80 -0.57 -0.17  0.52 -0.81  0.26 -0.28  0.12  0.95
   3 C         4.80    1.05    9.19 -0.39 -0.92  0.03  0.83 -0.34  0.45 -0.40  0.20  0.89
   4 A         2.79    1.11   11.90  0.14 -0.97  0.19  0.87  0.21  0.45 -0.48  0.10  0.87
   5 A         1.04    0.68   14.44  0.64 -0.63  0.44  0.56  0.77  0.31 -0.54  0.05  0.84
   6 A        -0.50    0.24   17.11  0.81 -0.11  0.57  0.08  0.99  0.08 -0.58 -0.02  0.82
   7 A        -1.58   -0.49   20.14  0.68  0.55  0.47 -0.48  0.83 -0.28 -0.55 -0.03  0.83
   8 A        -2.37   -0.74   23.20  0.21  0.95  0.22 -0.82  0.30 -0.49 -0.53 -0.07  0.84
   9 A        -3.38   -0.78   26.43 -0.36  0.93 -0.09 -0.76 -0.34 -0.55 -0.54 -0.13  0.83
  10 C        -4.34   -0.32   29.66 -0.73  0.55 -0.40 -0.39 -0.82 -0.42 -0.56 -0.15  0.82
  11 G        -4.87    0.38   31.86 -0.82  0.06 -0.57 -0.10 -0.99  0.04 -0.57  0.09  0.82
  12 G        -6.75    1.31   34.27 -0.66 -0.51 -0.56  0.36 -0.86  0.36 -0.66  0.04  0.75
*****************************************************************************************
Local strand II base reference frames
                Ox      Oy      Oz     Xx    Xy    Xz   Yx    Yy    Yz    Zx    Zy    Zz
   1 C         6.53   -1.20    4.23 -0.86 -0.00 -0.51 -0.16 -0.95  0.28 -0.48  0.32  0.82
   2 C         6.46   -0.06    7.20 -0.69 -0.62 -0.37  0.48 -0.77  0.42 -0.54  0.12  0.83
   3 G         5.06    1.19    9.67 -0.32 -0.95 -0.02  0.83 -0.30  0.46 -0.44  0.13  0.89
   4 T         3.12    1.26   11.77  0.29 -0.95  0.09  0.88  0.31  0.37 -0.38 -0.03  0.92
   5 T         1.38    0.89   14.04  0.75 -0.61  0.25  0.60  0.79  0.12 -0.27  0.06  0.96
   6 T        -0.72    0.51   16.76  0.95 -0.02  0.30  0.05  0.99 -0.11 -0.30  0.12  0.95
   7 T        -1.72   -0.44   19.72  0.80  0.54  0.25 -0.45  0.82 -0.35 -0.40  0.17  0.90
   8 T        -2.42   -0.77   22.83  0.45  0.89  0.01 -0.77  0.40 -0.50 -0.45  0.21  0.86
   9 T        -3.35   -0.83   25.87 -0.07  0.91 -0.40 -0.86 -0.26 -0.43 -0.50  0.32  0.81
  10 G        -3.72   -1.01   29.12 -0.61  0.54 -0.57 -0.54 -0.82 -0.20 -0.58  0.18  0.79
  11 C        -5.39    0.07   31.81 -0.67  0.06 -0.74 -0.16 -0.99  0.06 -0.72  0.16  0.67
  12 C        -7.02    0.77   34.19 -0.49 -0.46 -0.74  0.32 -0.88  0.34 -0.81 -0.07  0.58
****************************************************************************
Local strand I base step parameters
    step       Shift     Slide      Rise      Tilt      Roll     Twist
   1  G/G      -0.02     -0.97      3.09      2.41      1.47     32.54
   2  G/C       0.31     -0.85      2.69      8.71      0.85     33.51
   3  C/A       0.47     -0.56      3.29      4.39      6.32     31.87
   4  A/A       0.44     -0.52      3.04      4.42      0.35     38.06
   5  A/A       0.39     -0.38      3.07      4.72     -0.92     32.97
   6  A/A       0.64     -0.82      3.13      1.30      1.50     39.89
   7  A/A       0.52     -0.84      3.01      2.43     -1.08     38.99
   8  A/A       0.27     -0.90      3.26     -0.99     -3.31     37.68
   9  A/C       0.11     -1.34      3.12     -1.85     -0.19     35.70
  10  C/G      -0.52     -0.99      2.09     13.13      4.94     30.67
  11  G/G      -0.18     -0.70      3.11     -1.15      7.21     33.49
          ~~~~~~~~~~~~~~~~~~~~~~~~~~~~~~~~~~~~~~~~~~~~~~~~~~~~~~~~~~~~
      ave.      0.22     -0.81      2.99      3.41      1.56     35.03
      s.d.      0.35      0.26      0.34      4.48      3.28      3.16
****************************************************************************
Local strand I base helical parameters
    step       X-disp    Y-disp   h-Rise     Incl.       Tip   h-Twist
   1  G/G      -1.97      0.42      3.03      2.61     -4.29     32.66
   2  G/C      -1.53      0.60      2.66      1.44    -14.79     34.60
   3  C/A      -2.08     -0.08      3.15     11.31     -7.85     32.76
   4  A/A      -0.83     -0.16      3.07      0.54     -6.75     38.31
   5  A/A      -0.51      0.07      3.10     -1.61     -8.25     33.31
   6  A/A      -1.37     -0.80      3.11      2.20     -1.90     39.94
   7  A/A      -1.14     -0.51      3.06     -1.61     -3.63     39.07
   8  A/A      -0.95     -0.55      3.32     -5.11      1.54     37.83
   9  A/C      -2.16     -0.44      3.12     -0.31      3.02     35.75
  10  C/G      -2.18      2.16      1.57      8.79    -23.35     33.65
  11  G/G      -2.25      0.14      2.90     12.33      1.96     34.25
          ~~~~~~~~~~~~~~~~~~~~~~~~~~~~~~~~~~~~~~~~~~~~~~~~~~~~~~~~~~~~
      ave.     -1.54      0.08      2.92      2.78     -5.84     35.65
      s.d.      0.62      0.81      0.48      5.63      7.84      2.68
****************************************************************************
Local strand II base step parameters
    step       Shift     Slide      Rise      Tilt      Roll     Twist
   1  C/C      -1.61     -0.02      2.76    -10.42      6.42     38.23
   2  C/G      -0.75     -0.49      2.97     -4.90     -4.37     34.47
   3  G/T       0.07     -0.89      2.72     -4.21      9.03     35.69
   4  T/T      -0.18     -0.99      2.70     -8.60     -0.13     34.50
   5  T/T      -0.94     -1.04      3.16     -2.55     -3.17     36.41
   6  T/T      -0.29     -1.37      2.95     -4.55     -5.12     33.64
   7  T/T      -0.24     -1.16      2.98     -4.46     -0.58     31.86
   8  T/T      -0.83     -0.76      2.98     -4.27      5.79     38.67
   9  T/G      -1.62     -0.68      2.77     -8.16     -3.83     39.54
  10  G/C      -0.34     -0.67      3.25     -4.91      9.71     28.03
  11  C/C      -0.91     -0.40      2.80    -11.33      9.82     30.96
          ~~~~~~~~~~~~~~~~~~~~~~~~~~~~~~~~~~~~~~~~~~~~~~~~~~~~~~~~~~~~
      ave.     -0.70     -0.77      2.91     -6.21      2.14     34.73
      s.d.      0.56      0.38      0.18      2.89      6.06      3.51
****************************************************************************
Local strand II base helical parameters
    step       X-disp    Y-disp   h-Rise     Incl.       Tip   h-Twist
   1  C/C      -0.69      1.27      3.03      9.51     15.43     40.07
   2  C/G      -0.20      0.55      3.08     -7.30      8.18     35.07
   3  G/T      -2.37     -0.56      2.41     14.40      6.72     37.01
   4  T/T      -1.60     -0.75      2.68     -0.22     14.22     35.53
   5  T/T      -1.23      1.16      3.29     -5.05      4.07     36.63
   6  T/T      -1.58     -0.18      3.13     -8.74      7.76     34.31
   7  T/T      -1.99     -0.29      3.00     -1.06      8.07     32.17
   8  T/T      -1.75      0.77      2.91      8.65      6.38     39.31
   9  T/G      -0.60      1.51      3.08     -5.58     11.87     40.51
  10  G/C      -3.24     -0.32      2.88     19.15      9.69     30.03
  11  C/C      -2.04     -0.03      2.71     17.19     19.83     34.32
          ~~~~~~~~~~~~~~~~~~~~~~~~~~~~~~~~~~~~~~~~~~~~~~~~~~~~~~~~~~~~
      ave.     -1.57      0.28      2.93      3.72     10.20     35.90
      s.d.      0.87      0.80      0.25     10.34      4.67      3.26
****************************************************************************
xyz coordinates of C1' atoms

    bp        xI       yI       zI       xII      yII      zII
   1 G-C    10.102   -6.184    5.398    9.548    3.910    4.010
   2 G-C    11.352   -2.635    8.849    5.604    5.675    5.877
   3 C-G    10.249    1.499   11.527    1.341    5.177    7.224
   4 A-T     7.068    4.681   13.849   -2.293    2.012    9.549
   5 A-T     2.425    6.403   14.958   -3.724   -1.808   12.812
   6 A-T    -2.117    5.820   16.090   -3.384   -4.752   16.595
   7 A-T    -5.845    2.550   17.441   -1.330   -6.188   20.986
   8 A-T    -7.282   -1.558   20.056    0.576   -5.118   25.458
   9 A-T    -6.518   -4.949   23.711    1.429   -1.732   29.202
  10 C-G    -4.633   -6.099   28.384    0.698    2.041   31.665
  11 G-C    -3.358   -5.144   33.510   -2.869    5.223   33.327
  12 G-C    -3.167   -2.068   37.633   -7.563    6.679   34.205
****************************************************************************
xyz coordinates of RN9/YN1 atoms

    bp        xI       yI       zI       xII      yII      zII
   1 G-C     8.917   -5.393    5.017    8.374    3.095    3.632
   2 G-C     9.936   -2.627    8.439    5.190    4.252    5.775
   3 C-G     9.058    0.693   11.174    1.665    3.783    7.584
   4 A-T     6.498    3.328   13.697   -1.212    1.091    9.981
   5 A-T     2.711    4.983   15.241   -2.301   -1.893   13.204
   6 A-T    -1.202    4.850   16.716   -2.181   -3.941   16.872
   7 A-T    -4.614    2.532   18.254   -0.732   -4.838   20.999
   8 A-T    -6.334   -0.643   20.717    0.474   -3.700   25.070
   9 A-T    -6.336   -3.532   24.078    0.641   -0.830   28.335
  10 C-G    -5.179   -4.735   28.251   -0.485    2.020   30.793
  11 G-C    -4.273   -4.236   32.785   -3.818    4.457   32.486
  12 G-C    -4.271   -1.967   36.653   -7.864    5.365   33.598
****************************************************************************
xyz coordinates of RC8/YC6 atoms

    bp        xI       yI       zI       xII      yII      zII
   1 G-C     7.657   -5.800    4.731    7.379    3.605    2.845
   2 G-C     9.067   -3.659    8.312    4.066    3.883    5.087
   3 C-G     9.008   -0.643   11.454    0.947    2.648    7.390
   4 A-T     6.992    2.135   14.104   -1.343   -0.274    9.889
   5 A-T     3.739    4.434   15.932   -1.705   -3.102   13.446
   6 A-T    -0.115    5.068   17.489   -1.027   -4.528   17.314
   7 A-T    -3.898    3.556   18.772    0.519   -4.628   21.514
   8 A-T    -6.357    0.709   20.826    1.472   -2.814   25.380
   9 A-T    -7.085   -2.447   23.766    1.044    0.456   28.079
  10 C-G    -6.309   -4.480   27.527   -1.093    3.026   30.118
  11 G-C    -5.381   -4.514   32.051   -4.577    5.065   31.526
  12 G-C    -5.005   -2.939   36.053   -8.650    5.259   32.488
****************************************************************************
xyz coordinates of O1P atoms w.r.t. the middle frame of each dimer

    step       xI      yI      zI     xII     yII     zII
   1 GG/CC   -4.17    9.91   -0.01   -3.70   10.12    1.45
   2 GC/GC   -4.00   10.07   -0.46   -3.52   10.29    0.81
   3 CA/TG   -3.20   10.11    1.24   -3.74    9.63    0.43
   4 AA/TT   -3.33    9.95    1.50   -4.01    9.76    0.21
   5 AA/TT   -3.20   10.18    1.70   -3.89   10.10    0.33
   6 AA/TT   -3.80    9.58    1.21   -4.07    9.95    0.46
   7 AA/TT   -4.30    9.27    0.87   -4.31    9.84    0.82
   8 AA/TT   -4.28    9.27    0.58   -4.94    9.48    0.03
   9 AC/GT   -4.29    9.37   -0.45   -4.64    9.52    1.80
  10 CG/CG   -4.05    9.46   -0.37   -4.06    9.86    1.43
  11 GG/CC   -4.19    9.31    0.32   -4.21    9.99    0.03
****************************************************************************
xyz coordinates of O1P atoms w.r.t. the middle helix frame of each dimer

    step      xIH     yIH     zIH     xIIH    yIIH    zIIH
   1 GG/CC   -5.31   10.58    1.51   -5.11    9.18    2.14
   2 GC/GC   -4.81   10.63   -1.22   -4.34    9.72    0.45
   3 CA/TG   -5.37    9.20    3.34   -5.91    9.73    2.45
   4 AA/TT   -4.39    9.52    1.64   -5.17   10.20   -0.05
   5 AA/TT   -4.08   10.82    0.98   -4.73    9.54   -0.16
   6 AA/TT   -5.19    9.18    0.89   -5.50   10.41   -0.20
   7 AA/TT   -5.72    8.95    0.80   -5.77   10.20    0.50
   8 AA/TT   -5.52    9.39    1.14   -6.24    9.33    0.04
   9 AC/GT   -5.54    9.89   -0.35   -6.00    9.04    0.72
  10 CG/CG   -6.75   10.62    1.31   -6.33    7.92    4.20
  11 GG/CC   -5.92    8.91    3.34   -6.44    9.72    1.73
****************************************************************************
xyz coordinates of O2P atoms w.r.t. the middle frame of each dimer

    step       xI      yI      zI     xII     yII     zII
   1 GG/CC   -1.93    8.94    0.76   -1.36    9.31    2.13
   2 GC/GC   -1.73    9.54    0.61   -1.29    9.25    1.52
   3 CA/TG   -0.91    9.08    1.78   -1.52    8.69    1.30
   4 AA/TT   -1.16    8.82    2.29   -1.81    9.04    1.30
   5 AA/TT   -1.10    8.93    2.49   -1.65    9.32    1.31
   6 AA/TT   -1.66    8.62    2.24   -1.84    9.14    1.44
   7 AA/TT   -2.09    8.42    1.85   -2.02    9.00    1.60
   8 AA/TT   -2.11    8.25    1.49   -2.76    9.15    1.33
   9 AC/GT   -2.14    8.76    0.80   -2.29    8.84    2.55
  10 CG/CG   -1.85    8.68    0.70   -1.68    9.12    2.01
  11 GG/CC   -1.95    8.35    1.08   -1.82    9.62    0.86
****************************************************************************
xyz coordinates of O2P atoms w.r.t. the middle helix frame of each dimer

    step      xIH     yIH     zIH     xIIH    yIIH    zIIH
   1 GG/CC   -3.00    9.54    1.94   -2.86    8.28    2.98
   2 GC/GC   -2.60   10.16   -0.00   -2.07    8.71    1.10
   3 CA/TG   -3.08    8.08    3.65   -3.68    8.64    3.10
   4 AA/TT   -2.19    8.40    2.32   -3.03    9.48    1.17
   5 AA/TT   -2.01    9.62    1.91   -2.46    8.82    0.79
   6 AA/TT   -3.01    8.27    1.88   -3.32    9.65    0.91
   7 AA/TT   -3.49    8.12    1.74   -3.50    9.37    1.36
   8 AA/TT   -3.30    8.33    1.89   -4.14    8.96    1.46
   9 AC/GT   -3.24    9.33    0.64   -3.77    8.40    1.81
  10 CG/CG   -4.70    9.59    2.45   -3.90    7.10    4.27
  11 GG/CC   -3.60    7.83    3.42   -4.22    9.10    2.86
****************************************************************************
xyz coordinates of P atoms w.r.t. the middle frame of each dimer

    step       xI      yI      zI     xII     yII     zII
   1 GG/CC   -3.11    8.88   -0.13   -2.63    9.10    1.39
   2 GC/GC   -2.87    9.14   -0.25   -2.58    9.14    0.81
   3 CA/TG   -2.19    9.05    1.03   -2.67    8.61    0.36
   4 AA/TT   -2.35    8.84    1.41   -2.86    8.84    0.28
   5 AA/TT   -2.29    9.02    1.60   -2.78    9.11    0.37
   6 AA/TT   -2.70    8.59    1.18   -2.95    8.98    0.47
   7 AA/TT   -3.13    8.37    0.79   -3.20    8.87    0.71
   8 AA/TT   -3.18    8.28    0.47   -3.75    8.66    0.34
   9 AC/GT   -3.10    8.51   -0.30   -3.43    8.68    1.63
  10 CG/CG   -2.94    8.47   -0.28   -2.94    8.92    1.25
  11 GG/CC   -3.10    8.34    0.15   -3.00    9.14    0.12
****************************************************************************
xyz coordinates of P atoms w.r.t. the middle helix frame of each dimer

    step      xIH     yIH     zIH     xIIH    yIIH    zIIH
   1 GG/CC   -4.27    9.58    1.17   -4.04    8.16    2.09
   2 GC/GC   -3.69    9.72   -0.90   -3.40    8.57    0.46
   3 CA/TG   -4.36    8.21    2.91   -4.83    8.76    2.17
   4 AA/TT   -3.43    8.41    1.50   -4.02    9.27    0.09
   5 AA/TT   -3.17    9.65    0.98   -3.62    8.56   -0.09
   6 AA/TT   -4.09    8.19    0.87   -4.39    9.44   -0.10
   7 AA/TT   -4.55    8.04    0.71   -4.66    9.22    0.44
   8 AA/TT   -4.44    8.40    0.94   -5.06    8.51    0.39
   9 AC/GT   -4.33    9.03   -0.31   -4.78    8.20    0.75
  10 CG/CG   -5.65    9.63    1.31   -5.25    7.07    3.66
  11 GG/CC   -4.90    8.03    2.74   -5.25    8.84    1.82
****************************************************************************
xyz coordinates of P atoms

    bp        xI       yI       zI       xII      yII      zII
   1 G-C     ----     ----     ----     7.523    8.651    2.823
   2 G-C    11.658   -7.780    9.003    1.165    7.892    4.086
   3 C-G    13.850   -2.418   12.300   -3.467    4.046    6.370
   4 A-T    11.809    3.141   15.311   -5.978   -1.492    9.133
   5 A-T     7.154    7.865   16.581   -5.010   -6.950   13.137
   6 A-T     0.810    9.895   17.033   -1.608   -9.495   18.307
   7 A-T    -5.772    7.592   16.819    2.393   -8.648   23.779
   8 A-T    -9.736    2.167   17.829    4.477   -4.709   29.013
   9 A-T   -10.385   -3.752   20.883    4.750    1.681   31.315
  10 C-G    -7.843   -8.349   25.138    0.965    7.171   32.717
  11 G-C    -4.755   -9.188   30.908   -4.932   10.186   33.202
  12 G-C    -2.909   -6.788   36.841    ----     ----     ---- 
*******************************************************************************************
Phosphorus-phosphorus distance in Angstroms

            1      2      3      4      5      6      7      8      9     10     11     12
            C      C      G      T      T      T      T      T      T      G      C      C   
   1 G    ----   ----   ----   ----   ----   ----   ----   ----   ----   ----   ----   ----
   2 G    18.0   19.5   19.4   18.7   17.2   16.3   17.5   21.5   25.2   30.0   34.4   ----
   3 C    15.9   18.3   19.4   20.1   19.4   18.0   17.4   19.3   21.5   26.0   30.8   ----
   4 A    14.3   16.2   17.7   19.4   19.7   18.7   17.3   17.4   17.6   20.9   25.5   ----
   5 A    13.8   13.9   15.2   17.8   19.5   19.5   18.6   17.9   16.2   17.3   20.7   ----
   6 A    15.8   13.1   12.9   15.4   18.2   19.6   19.8   19.2   16.9   15.9   17.2   ----
   7 A    19.3   14.5   11.3   11.9   15.0   17.6   19.5   20.1   18.9   17.3   16.6   ----
   8 A    23.8   18.5   13.2   10.2   11.3   14.2   17.3   19.3   19.8   19.0   18.0   ----
   9 A    28.3   23.5   17.9   12.8   10.0   10.8   14.0   17.0   19.2   19.7   19.4   ----
  10 C    32.0   28.1   22.9   17.5   12.4    9.3   10.3   13.4   17.2   19.4   20.4   ----
  11 G    35.5   32.3   27.9   23.1   17.9   13.0   10.1   10.4   14.4   17.4   19.5   ----
  12 G    38.8   36.1   32.3   28.4   23.8   18.8   14.2   11.0   12.7   15.1   17.5   ----
****************************************************************************
Strand I helix radius

    step          P        O4'       C1'
   1  G/G      10.39      8.09      7.35
   2  G/C      10.80      7.89      7.21
   3  C/A       9.97      7.75      6.97
   4  A/A       9.47      6.86      6.17
   5  A/A       9.74      6.89      6.17
   6  A/A       8.98      6.69      5.97
   7  A/A       9.05      6.66      6.03
   8  A/A       8.81      6.51      5.89
   9  A/C       9.68      7.47      6.77
  10  C/G      11.93      9.46      8.88
  11  G/G       9.64      8.00      7.20
****************************************************************************
Strand II helix radius

    step          P        O4'       C1'
   1  C/C       8.76      6.03      5.22
   2  C/G       9.19      6.03      5.46
   3  G/T      10.31      8.40      7.63
   4  T/T      10.67      7.97      7.30
   5  T/T       9.03      6.27      5.57
   6  T/T      10.26      7.39      6.75
   7  T/T      10.50      7.88      7.18
   8  T/T       9.51      7.00      6.24
   9  T/G       8.36      5.31      4.84
  10  G/C      10.92      8.78      8.02
  11  C/C      10.52      7.80      7.07
****************************************************************************************
Base-pair helix axis

               Ox      Oy      Oz     Xx    Xy    Xz   Yx    Yy    Yz    Zx    Zy    Zz
   1 GG/CC    5.84   -0.26    3.82 -0.96  0.01 -0.27 -0.03 -1.00  0.09 -0.27  0.09  0.96
              5.03    0.03    6.73 -0.79 -0.59 -0.17  0.55 -0.81  0.23 -0.27  0.09  0.96
   2 GC/GC    5.52    0.10    6.59 -0.73 -0.60 -0.32  0.48 -0.79  0.39 -0.49  0.13  0.86
              4.11    0.47    9.07 -0.33 -0.94 -0.05  0.81 -0.31  0.50 -0.49  0.13  0.86
   3 CA/TG    4.51   -1.15    9.54 -0.36 -0.93  0.00  0.90 -0.35  0.25 -0.23  0.09  0.97
              3.87   -0.90   12.25  0.22 -0.97  0.14  0.95  0.25  0.20 -0.23  0.09  0.97
   4 AA/TT    3.59    0.13   12.26  0.19 -0.96  0.20  0.87  0.26  0.41 -0.45  0.09  0.89
              2.30    0.39   14.83  0.68 -0.62  0.40  0.58  0.78  0.21 -0.45  0.09  0.89
   5 AA/TT    1.51   -0.22   14.37  0.71 -0.62  0.32  0.56  0.78  0.27 -0.42 -0.01  0.91
              0.16   -0.26   17.28  0.91 -0.06  0.42  0.05  1.00  0.04 -0.42 -0.01  0.91
   6 AA/TT    0.73    0.76   17.68  0.87 -0.06  0.48  0.05  1.00  0.03 -0.49  0.00  0.87
             -0.78    0.77   20.41  0.73  0.56  0.40 -0.49  0.83 -0.27 -0.49  0.00  0.87
   7 AA/TT   -0.71    0.68   20.41  0.73  0.56  0.39 -0.47  0.83 -0.30 -0.49  0.04  0.87
             -2.20    0.79   23.06  0.32  0.94  0.14 -0.81  0.35 -0.47 -0.49  0.04  0.87
   8 AA/TT   -1.86    0.48   23.33  0.30  0.94  0.17 -0.78  0.35 -0.52 -0.55  0.02  0.84
             -3.59    0.55   25.97 -0.25  0.95 -0.19 -0.80 -0.31 -0.51 -0.55  0.02  0.84
   9 AC/GT   -3.24    0.57   26.24 -0.28  0.95 -0.12 -0.84 -0.31 -0.44 -0.46 -0.02  0.89
             -4.69    0.51   29.08 -0.74  0.56 -0.37 -0.49 -0.83 -0.27 -0.46 -0.02  0.89
  10 CG/CG   -5.23    1.96   28.44 -0.58  0.56 -0.59 -0.30 -0.82 -0.49 -0.76 -0.11  0.64
             -6.98    1.71   29.93 -0.65  0.06 -0.75  0.04 -0.99 -0.12 -0.76 -0.11  0.64
  11 GG/CC   -6.99    0.41   30.75 -0.86  0.06 -0.51  0.02 -0.99 -0.16 -0.51 -0.15  0.85
             -8.42   -0.01   33.12 -0.70 -0.50 -0.51  0.50 -0.85  0.15 -0.51 -0.15  0.85
****************************************************************************************
Strand I helix axis

               Ox      Oy      Oz     Xx    Xy    Xz   Yx    Yy    Yz    Zx    Zy    Zz
   1  G/G     5.70   -0.58    3.61 -0.95 -0.05 -0.32  0.03 -1.00  0.05 -0.32  0.04  0.95
              4.74   -0.45    6.49 -0.78 -0.58 -0.24  0.54 -0.82  0.21 -0.32  0.04  0.95
   2  G/C     5.10   -0.06    6.28 -0.71 -0.58 -0.40  0.53 -0.81  0.24 -0.47 -0.05  0.88
              3.86   -0.19    8.63 -0.28 -0.94 -0.20  0.84 -0.34  0.42 -0.47 -0.05  0.88
   3  C/A     4.15   -0.92    9.02 -0.35 -0.93 -0.10  0.90 -0.36  0.26 -0.28  0.00  0.96
              3.27   -0.91   12.05  0.19 -0.98  0.06  0.94  0.20  0.27 -0.28  0.00  0.96
   4  A/A     3.09    0.33   12.04  0.20 -0.98  0.08  0.87  0.21  0.45 -0.45 -0.02  0.89
              1.70    0.28   14.77  0.69 -0.63  0.34  0.56  0.77  0.30 -0.45 -0.02  0.89
   5  A/A     1.36    0.31   14.58  0.71 -0.63  0.32  0.54  0.77  0.33 -0.46 -0.06  0.89
             -0.05    0.12   17.33  0.89 -0.10  0.45  0.06  0.99  0.10 -0.46 -0.06  0.89
   6  A/A     0.72    0.88   17.89  0.83 -0.11  0.54  0.10  0.99  0.05 -0.55  0.02  0.84
             -0.98    0.93   20.50  0.70  0.55  0.45 -0.46  0.83 -0.31 -0.55  0.02  0.84
   7  A/A    -1.01    0.57   20.48  0.72  0.56  0.42 -0.49  0.83 -0.26 -0.49 -0.02  0.87
             -2.52    0.50   23.15  0.25  0.96  0.16 -0.84  0.29 -0.46 -0.49 -0.02  0.87
   8  A/A    -2.65    0.33   23.20  0.20  0.95  0.24 -0.86  0.29 -0.41 -0.46 -0.13  0.88
             -4.18   -0.09   26.12 -0.37  0.93 -0.06 -0.81 -0.36 -0.47 -0.46 -0.13  0.88
   9  A/C    -4.55    1.06   26.11 -0.39  0.92 -0.04 -0.76 -0.35 -0.54 -0.52 -0.18  0.84
             -6.16    0.50   28.72 -0.76  0.55 -0.35 -0.39 -0.82 -0.42 -0.52 -0.18  0.84
  10  C/G    -4.70    2.72   29.33 -0.44  0.60 -0.67 -0.28 -0.80 -0.53 -0.85 -0.04  0.52
             -6.04    2.65   30.15 -0.52  0.05 -0.85  0.01 -1.00 -0.07 -0.85 -0.04  0.52
  11  G/G    -6.76    0.66   30.66 -0.84  0.06 -0.55  0.02 -0.99 -0.14 -0.55 -0.13  0.83
             -8.35    0.29   33.06 -0.68 -0.51 -0.53  0.49 -0.85  0.19 -0.55 -0.13  0.83
****************************************************************************************
Strand II helix axis

               Ox      Oy      Oz     Xx    Xy    Xz   Yx    Yy    Yz    Zx    Zy    Zz
   1  C/C     5.99    0.09    3.88 -0.96  0.06 -0.27 -0.10 -0.99  0.13 -0.26  0.15  0.96
              5.21    0.54    6.78 -0.80 -0.59 -0.12  0.54 -0.80  0.27 -0.26  0.15  0.96
   2  C/G     6.08    0.24    6.87 -0.77 -0.59 -0.25  0.41 -0.75  0.52 -0.50  0.30  0.81
              4.55    1.16    9.37 -0.39 -0.91  0.10  0.77 -0.27  0.57 -0.50  0.30  0.81
   3  G/T     4.71   -1.19   10.00 -0.36 -0.93  0.09  0.91 -0.34  0.23 -0.18  0.16  0.97
              4.27   -0.81   12.34  0.26 -0.94  0.21  0.95  0.29  0.13 -0.18  0.16  0.97
   4  T/T     4.08    0.01   12.56  0.19 -0.93  0.32  0.87  0.31  0.37 -0.45  0.21  0.87
              2.89    0.56   14.89  0.66 -0.58  0.48  0.60  0.79  0.12 -0.45  0.21  0.87
   5  T/T     1.61   -0.77   14.20  0.73 -0.61  0.31  0.57  0.79  0.20 -0.37  0.04  0.93
              0.40   -0.66   17.25  0.93 -0.01  0.37  0.02  1.00 -0.03 -0.37  0.04  0.93
   6  T/T     0.71    0.67   17.45  0.90 -0.01  0.43 -0.00  1.00  0.03 -0.43 -0.03  0.90
             -0.64    0.59   20.27  0.74  0.55  0.37 -0.51  0.83 -0.22 -0.43 -0.03  0.90
   7  T/T    -0.39    0.92   20.36  0.74  0.56  0.37 -0.46  0.82 -0.34 -0.50  0.08  0.86
             -1.89    1.16   22.96  0.38  0.91  0.14 -0.78  0.40 -0.49 -0.50  0.08  0.86
   8  T/T    -1.21    0.55   23.49  0.39  0.91  0.11 -0.69  0.37 -0.63 -0.61  0.17  0.77
             -2.99    1.04   25.74 -0.13  0.94 -0.31 -0.78 -0.30 -0.55 -0.61  0.17  0.77
   9  T/G    -2.08    0.10   26.26 -0.16  0.96 -0.22 -0.91 -0.24 -0.35 -0.39  0.15  0.91
             -3.27    0.55   29.07 -0.71  0.58 -0.40 -0.58 -0.80 -0.12 -0.39  0.15  0.91
  10  G/C    -6.15    0.49   27.55 -0.72  0.54 -0.44 -0.33 -0.82 -0.47 -0.61 -0.19  0.77
             -7.92   -0.05   29.76 -0.79  0.06 -0.61  0.07 -0.98 -0.18 -0.61 -0.19  0.77
  11  C/C    -7.19    0.16   30.85 -0.88  0.06 -0.47  0.03 -0.98 -0.18 -0.47 -0.17  0.87
             -8.47   -0.29   33.20 -0.71 -0.51 -0.48  0.52 -0.85  0.12 -0.47 -0.17  0.87
