  12 # base-pairs
   1 # ***local base-pair & helical parameters***
#        Shear    Stretch   Stagger   Buckle   Prop-Tw   Opening     X-disp    Y-disp    h-Rise    Incl.     Tip     h-Twist
G-C     -0.984    -0.356    -0.297   -13.711   -15.634     5.670     0.000     0.000     0.000     0.000     0.000     0.000
G-C     -0.229    -0.348    -0.118    -9.739   -13.423    -1.767    -1.285     0.792     3.030     6.597     6.462    36.320
C-G      0.228    -0.387    -0.337    -1.127    -4.696    -2.257    -0.899     0.636     2.877    -3.207    -3.327    34.242
A-T      0.094    -0.281     0.249     4.412    -8.536    -5.786    -2.270    -0.436     2.787    12.714    -0.072    34.677
A-T      0.025    -0.281     0.488    11.035   -12.953    -2.581    -1.216    -0.455     2.886    -0.212     3.321    36.613
A-T      0.363    -0.265     0.198     9.076   -17.000    -6.124    -0.884     0.588     3.213    -3.623    -1.862    35.051
A-T      0.233    -0.245     0.292     4.600   -14.494    -0.498    -1.511    -0.470     3.118    -2.990     2.436    37.128
A-T      0.097    -0.209     0.298     1.735   -17.101     6.309    -1.514    -0.357     3.041    -1.217     1.663    35.677
A-T     -0.082    -0.265     0.498    -9.320   -24.348     4.349    -1.371     0.154     3.158     2.004     3.741    38.471
C-G      0.543    -0.454     0.805   -15.119   -12.324    -0.652    -1.263     0.570     3.185    -2.959     7.798    38.148
G-C     -0.403    -0.373    -0.256    -3.050   -12.422     1.607    -2.737     1.326     2.309    13.943    -7.779    30.992
G-C     -0.478    -0.350    -0.155    -0.529   -14.325     2.555    -2.160     0.053     2.805    14.887    10.823    34.158
