  12 # base-pairs
   0 # ***local base-pair & step parameters***
#        Shear    Stretch   Stagger   Buckle   Prop-Tw   Opening     Shift     Slide     Rise      Tilt      Roll      Twist
G-C     -0.984    -0.356    -0.297   -13.711   -15.634     5.670     0.000     0.000     0.000     0.000     0.000     0.000
G-C     -0.229    -0.348    -0.118    -9.739   -13.423    -1.767    -0.819    -0.469     3.029    -4.013     4.096    35.880
C-G      0.228    -0.387    -0.337    -1.127    -4.696    -2.257    -0.215    -0.683     2.861     1.957    -1.886    34.137
A-T      0.094    -0.281     0.249     4.412    -8.536    -5.786     0.263    -0.736     3.009     0.043     7.521    33.876
A-T      0.025    -0.281     0.488    11.035   -12.953    -2.581     0.127    -0.774     2.895    -2.085    -0.133    36.556
A-T      0.363    -0.265     0.198     9.076   -17.000    -6.124    -0.255    -0.726     3.185     1.121    -2.180    34.968
A-T      0.233    -0.245     0.292     4.600   -14.494    -0.498     0.174    -1.115     3.076    -1.550    -1.902    37.050
A-T      0.097    -0.209     0.298     1.735   -17.101     6.309     0.135    -0.989     3.027    -1.019    -0.745    35.655
A-T     -0.082    -0.265     0.498    -9.320   -24.348     4.349    -0.297    -0.799     3.174    -2.463     1.319    38.373
C-G      0.543    -0.454     0.805   -15.119   -12.324    -0.652    -0.776    -0.979     3.067    -5.080    -1.928    37.773
G-C     -0.403    -0.373    -0.256    -3.050   -12.422     1.607    -0.381    -0.875     2.657     4.107     7.361    29.851
G-C     -0.478    -0.350    -0.155    -0.529   -14.325     2.555    -0.559    -0.543     2.978    -6.258     8.607    32.505
