****************************************************************************
CEHS base-pair parameters
     bp        Shear    Stretch   Stagger    Buckle  Propeller  Opening
    1 G-C      -0.98     -0.36     -0.30    -13.67    -15.73      5.59
    2 G-C      -0.23     -0.35     -0.12     -9.72    -13.46     -1.75
    3 C-G       0.23     -0.39     -0.34     -1.13     -4.70     -2.26
    4 A-T       0.09     -0.28      0.25      4.41     -8.55     -5.77
    5 A-T       0.02     -0.28      0.49     11.01    -13.00     -2.56
    6 A-T       0.36     -0.27      0.20      9.05    -17.06     -6.04
    7 A-T       0.23     -0.25      0.29      4.59    -14.50     -0.49
    8 A-T       0.10     -0.21      0.30      1.73    -17.13      6.24
    9 A-T      -0.08     -0.27      0.50     -9.25    -24.42      4.24
   10 C-G       0.55     -0.45      0.81    -15.09    -12.40     -0.64
   11 G-C      -0.40     -0.37     -0.26     -3.04    -12.43      1.60
   12 G-C      -0.48     -0.35     -0.16     -0.53    -14.33      2.53
          ~~~~~~~~~~~~~~~~~~~~~~~~~~~~~~~~~~~~~~~~~~~~~~~~~~~~~~~~~~~~
      ave.     -0.05     -0.32      0.14     -1.80    -13.97      0.06
      s.d.      0.42      0.07      0.37      8.60      4.80      4.07
****************************************************************************
CEHS base-pair step parameters
    step       Shift     Slide      Rise      Tilt      Roll     Twist
   1 GG/CC     -0.82     -0.48      3.03     -3.61      3.79     36.06
   2 GC/GC     -0.21     -0.68      2.86      1.92     -1.81     34.41
   3 CA/TG      0.26     -0.73      3.01      0.19      7.66     33.95
   4 AA/TT      0.12     -0.77      2.90     -2.19     -0.01     36.78
   5 AA/TT     -0.27     -0.71      3.19      1.35     -1.95     35.01
   6 AA/TT      0.17     -1.10      3.08     -2.00     -1.85     36.87
   7 AA/TT      0.14     -1.00      3.02     -1.49     -0.90     35.57
   8 AA/TT     -0.30     -0.83      3.17     -2.48      1.11     37.82
   9 AC/GT     -0.77     -0.99      3.06     -4.62     -2.21     37.84
  10 CG/CG     -0.38     -0.88      2.66      3.96      7.40     30.18
  11 GG/CC     -0.56     -0.55      2.98     -6.34      8.53     32.59
          ~~~~~~~~~~~~~~~~~~~~~~~~~~~~~~~~~~~~~~~~~~~~~~~~~~~~~~~~~~~~
      ave.     -0.24     -0.79      3.00     -1.39      1.80     35.19
      s.d.      0.38      0.19      0.15      3.03      4.27      2.33
****************************************************************************
CompDNA base-pair parameters
     bp        Shear    Stretch   Stagger    Buckle  Propeller  Opening
    1 G-C      -0.98     -0.36     -0.30    -13.54    -15.71      5.66
    2 G-C      -0.23     -0.35     -0.12     -9.65    -13.45     -1.76
    3 C-G       0.23     -0.39     -0.34     -1.13     -4.70     -2.26
    4 A-T       0.09     -0.28      0.25      4.40     -8.54     -5.77
    5 A-T       0.02     -0.28      0.49     10.94    -12.99     -2.58
    6 A-T       0.36     -0.27      0.20      8.94    -17.04     -6.08
    7 A-T       0.23     -0.25      0.29      4.55    -14.50     -0.49
    8 A-T       0.10     -0.21      0.30      1.71    -17.10      6.24
    9 A-T      -0.08     -0.27      0.50     -9.04    -24.40      4.26
   10 C-G       0.55     -0.45      0.81    -15.00    -12.40     -0.65
   11 G-C      -0.40     -0.37     -0.26     -3.03    -12.42      1.60
   12 G-C      -0.48     -0.35     -0.15     -0.52    -14.32      2.53
          ~~~~~~~~~~~~~~~~~~~~~~~~~~~~~~~~~~~~~~~~~~~~~~~~~~~~~~~~~~~~
      ave.     -0.05     -0.32      0.14     -1.78    -13.96      0.06
      s.d.      0.42      0.07      0.37      8.52      4.80      4.09
****************************************************************************
CompDNA base-pair step parameters
    step       Shift     Slide      Rise      Tilt      Roll     Twist
   1 GG/CC     -0.82     -0.47      3.03     -4.04      4.07     36.06
   2 GC/GC     -0.21     -0.68      2.86      1.96     -1.88     34.41
   3 CA/TG      0.26     -0.74      3.01      0.05      7.52     33.90
   4 AA/TT      0.12     -0.77      2.89     -2.09     -0.13     36.79
   5 AA/TT     -0.26     -0.72      3.18      1.11     -2.19     34.99
   6 AA/TT      0.17     -1.12      3.08     -1.56     -1.90     36.86
   7 AA/TT      0.13     -0.99      3.03     -1.02     -0.74     35.57
   8 AA/TT     -0.29     -0.80      3.17     -2.47      1.31     37.82
   9 AC/GT     -0.77     -0.98      3.07     -5.06     -1.97     37.89
  10 CG/CG     -0.38     -0.88      2.66      4.07      7.38     30.14
  11 GG/CC     -0.56     -0.54      2.98     -6.24      8.61     32.53
          ~~~~~~~~~~~~~~~~~~~~~~~~~~~~~~~~~~~~~~~~~~~~~~~~~~~~~~~~~~~~
      ave.     -0.24     -0.79      3.00     -1.39      1.83     35.18
      s.d.      0.38      0.19      0.15      3.09      4.28      2.35
****************************************************************************
Curves base-pair parameters (by Xiang-Jun Lu)
     bp        Shear    Stretch   Stagger    Buckle  Propeller  Opening
    1 G-C      -0.99     -0.35     -0.30    -13.92    -15.48      5.67
    2 G-C      -0.23     -0.35     -0.12     -9.85    -13.36     -1.77
    3 C-G       0.23     -0.39     -0.34     -1.13     -4.70     -2.26
    4 A-T       0.09     -0.28      0.25      4.43     -8.53     -5.79
    5 A-T       0.03     -0.28      0.49     11.15    -12.87     -2.58
    6 A-T       0.36     -0.26      0.20      9.24    -16.93     -6.12
    7 A-T       0.23     -0.24      0.29      4.66    -14.48     -0.50
    8 A-T       0.10     -0.21      0.30      1.77    -17.10      6.31
    9 A-T      -0.08     -0.26      0.51     -9.68    -24.24      4.35
   10 C-G       0.54     -0.46      0.82    -15.26    -12.18     -0.65
   11 G-C      -0.40     -0.37     -0.26     -3.08    -12.42      1.61
   12 G-C      -0.48     -0.35     -0.16     -0.54    -14.32      2.55
          ~~~~~~~~~~~~~~~~~~~~~~~~~~~~~~~~~~~~~~~~~~~~~~~~~~~~~~~~~~~~
      ave.     -0.05     -0.32      0.14     -1.85    -13.88      0.07
      s.d.      0.42      0.07      0.37      8.75      4.76      4.12
****************************************************************************
Curves base-pair step parameters
    step       Shift     Slide      Rise      Tilt      Roll     Twist
   1 GG/CC     -0.82     -0.46      3.03     -3.99      4.12     35.70
   2 GC/GC     -0.22     -0.68      2.86      1.95     -1.89     33.86
   3 CA/TG      0.26     -0.74      3.02      0.04      7.52     33.78
   4 AA/TT      0.13     -0.77      2.90     -2.08     -0.14     36.32
   5 AA/TT     -0.25     -0.73      3.19      1.13     -2.17     34.94
   6 AA/TT      0.18     -1.11      3.08     -1.54     -1.91     37.24
   7 AA/TT      0.14     -0.99      3.03     -1.02     -0.75     35.74
   8 AA/TT     -0.30     -0.80      3.18     -2.46      1.33     38.94
   9 AC/GT     -0.78     -0.97      3.07     -5.10     -1.88     37.68
  10 CG/CG     -0.39     -0.87      2.66      4.15      7.34     29.53
  11 GG/CC     -0.56     -0.54      2.99     -6.28      8.60     32.44
          ~~~~~~~~~~~~~~~~~~~~~~~~~~~~~~~~~~~~~~~~~~~~~~~~~~~~~~~~~~~~
      ave.     -0.24     -0.79      3.00     -1.38      1.83     35.11
      s.d.      0.38      0.19      0.15      3.11      4.27      2.64
****************************************************************************
FreeHelix base-pair parameters (by Xiang-Jun Lu)
     bp        Shear    Stretch   Stagger    Buckle  Propeller  Opening
    1 G-C      -0.98     -0.36     -0.30    -13.67    -15.82      5.66
    2 G-C      -0.23     -0.35     -0.12     -9.72    -13.50     -1.76
    3 C-G       0.23     -0.39     -0.34     -1.13     -4.70     -2.26
    4 A-T       0.09     -0.28      0.25      4.41     -8.55     -5.77
    5 A-T       0.02     -0.28      0.49     11.01    -13.05     -2.58
    6 A-T       0.36     -0.27      0.20      9.04    -17.09     -6.08
    7 A-T       0.23     -0.25      0.29      4.59    -14.51     -0.49
    8 A-T       0.10     -0.21      0.30      1.73    -17.10      6.24
    9 A-T      -0.08     -0.27      0.50     -9.25    -24.48      4.26
   10 C-G       0.55     -0.45      0.81    -15.09    -12.50     -0.65
   11 G-C      -0.40     -0.37     -0.26     -3.04    -12.43      1.60
   12 G-C      -0.48     -0.35     -0.15     -0.53    -14.33      2.53
          ~~~~~~~~~~~~~~~~~~~~~~~~~~~~~~~~~~~~~~~~~~~~~~~~~~~~~~~~~~~~
      ave.     -0.05     -0.32      0.14     -1.80    -14.00      0.06
      s.d.      0.42      0.07      0.37      8.60      4.81      4.09
****************************************************************************
FreeHelix base-pair step parameters
    step       Shift     Slide      Rise      Tilt      Roll     Twist
   1 GG/CC     -0.82     -0.47      3.03     -4.04      4.07     36.06
   2 GC/GC     -0.21     -0.68      2.86      1.96     -1.88     34.41
   3 CA/TG      0.26     -0.74      3.01      0.05      7.52     33.90
   4 AA/TT      0.12     -0.77      2.89     -2.09     -0.13     36.79
   5 AA/TT     -0.26     -0.72      3.18      1.11     -2.19     34.99
   6 AA/TT      0.17     -1.12      3.08     -1.56     -1.90     36.86
   7 AA/TT      0.13     -0.99      3.03     -1.02     -0.74     35.57
   8 AA/TT     -0.29     -0.80      3.17     -2.47      1.31     37.82
   9 AC/GT     -0.77     -0.98      3.07     -5.06     -1.97     37.89
  10 CG/CG     -0.38     -0.88      2.66      4.07      7.39     30.14
  11 GG/CC     -0.56     -0.54      2.98     -6.26      8.62     32.53
          ~~~~~~~~~~~~~~~~~~~~~~~~~~~~~~~~~~~~~~~~~~~~~~~~~~~~~~~~~~~~
      ave.     -0.24     -0.79      3.00     -1.39      1.83     35.18
      s.d.      0.38      0.19      0.15      3.09      4.28      2.35
****************************************************************************
NGEOM base-pair parameters
     bp        Shear    Stretch   Stagger    Buckle  Propeller  Opening
    1 G-C      -0.98     -0.36     -0.30    -13.71    -15.63      5.67
    2 G-C      -0.23     -0.35     -0.12     -9.74    -13.42     -1.77
    3 C-G       0.23     -0.39     -0.34     -1.13     -4.70     -2.26
    4 A-T       0.09     -0.28      0.25      4.41     -8.54     -5.79
    5 A-T       0.02     -0.28      0.49     11.03    -12.95     -2.58
    6 A-T       0.36     -0.26      0.20      9.08    -17.00     -6.12
    7 A-T       0.23     -0.24      0.29      4.60    -14.49     -0.50
    8 A-T       0.10     -0.21      0.30      1.73    -17.10      6.31
    9 A-T      -0.08     -0.27      0.50     -9.32    -24.35      4.35
   10 C-G       0.54     -0.45      0.81    -15.12    -12.32     -0.65
   11 G-C      -0.40     -0.37     -0.26     -3.05    -12.42      1.61
   12 G-C      -0.48     -0.35     -0.16     -0.53    -14.32      2.55
          ~~~~~~~~~~~~~~~~~~~~~~~~~~~~~~~~~~~~~~~~~~~~~~~~~~~~~~~~~~~~
      ave.     -0.05     -0.32      0.14     -1.81    -13.94      0.07
      s.d.      0.42      0.07      0.37      8.62      4.78      4.12
****************************************************************************
NGEOM base-pair step parameters
    step       Shift     Slide      Rise      Tilt      Roll     Twist
   1 GG/CC     -0.84     -0.45      3.03     -4.01      4.10     35.88
   2 GC/GC     -0.21     -0.69      2.86      1.96     -1.89     34.14
   3 CA/TG      0.26     -0.71      3.02      0.04      7.52     33.88
   4 AA/TT      0.12     -0.77      2.90     -2.09     -0.13     36.56
   5 AA/TT     -0.25     -0.73      3.18      1.12     -2.18     34.97
   6 AA/TT      0.17     -1.12      3.07     -1.55     -1.90     37.05
   7 AA/TT      0.13     -0.99      3.03     -1.02     -0.75     35.66
   8 AA/TT     -0.31     -0.79      3.17     -2.46      1.32     38.37
   9 AC/GT     -0.80     -0.99      3.06     -5.08     -1.93     37.77
  10 CG/CG     -0.37     -0.85      2.67      4.11      7.36     29.85
  11 GG/CC     -0.58     -0.51      2.98     -6.26      8.61     32.50
          ~~~~~~~~~~~~~~~~~~~~~~~~~~~~~~~~~~~~~~~~~~~~~~~~~~~~~~~~~~~~
      ave.     -0.24     -0.78      3.00     -1.39      1.83     35.15
      s.d.      0.39      0.20      0.15      3.09      4.27      2.48
****************************************************************************
NUPARM base-pair parameters
     bp        Shear    Stretch   Stagger    Buckle  Propeller  Opening
    1 G-C      -0.98     -0.36     -0.30    -13.68    -15.61      5.58
    2 G-C      -0.23     -0.35     -0.12     -9.72    -13.41     -1.75
    3 C-G       0.23     -0.39     -0.34     -1.13     -4.70     -2.25
    4 A-T       0.09     -0.28      0.25      4.41     -8.55     -5.77
    5 A-T       0.03     -0.28      0.49     11.01    -12.94     -2.55
    6 A-T       0.36     -0.27      0.20      9.06    -17.01     -6.04
    7 A-T       0.23     -0.25      0.29      4.59    -14.49     -0.49
    8 A-T       0.10     -0.21      0.30      1.73    -17.13      6.24
    9 A-T      -0.09     -0.27      0.50     -9.26    -24.34      4.24
   10 C-G       0.54     -0.45      0.81    -15.09    -12.29     -0.64
   11 G-C      -0.40     -0.37     -0.26     -3.04    -12.42      1.60
   12 G-C      -0.48     -0.35     -0.16     -0.53    -14.33      2.53
          ~~~~~~~~~~~~~~~~~~~~~~~~~~~~~~~~~~~~~~~~~~~~~~~~~~~~~~~~~~~~
      ave.     -0.05     -0.32      0.14     -1.80    -13.93      0.06
      s.d.      0.42      0.07      0.37      8.60      4.78      4.07
****************************************************************************
NUPARM base-pair step parameters
    step       Shift     Slide      Rise      Tilt      Roll     Twist
   1 GG/CC     -0.86     -0.45      3.02     -3.84      3.83     36.02
   2 GC/GC     -0.20     -0.69      2.86      2.02     -1.87     34.40
   3 CA/TG      0.26     -0.67      3.02      0.19      8.07     33.88
   4 AA/TT      0.11     -0.77      2.90     -2.34     -0.02     36.78
   5 AA/TT     -0.25     -0.73      3.18      1.36     -1.97     35.00
   6 AA/TT      0.16     -1.12      3.08     -2.15     -2.08     36.85
   7 AA/TT      0.13     -1.01      3.02     -1.56     -0.98     35.57
   8 AA/TT     -0.33     -0.81      3.17     -2.65      1.31     37.81
   9 AC/GT     -0.83     -1.01      3.04     -4.90     -2.36     37.80
  10 CG/CG     -0.36     -0.83      2.68      4.09      7.65     30.10
  11 GG/CC     -0.61     -0.48      2.98     -6.60      8.88     32.44
          ~~~~~~~~~~~~~~~~~~~~~~~~~~~~~~~~~~~~~~~~~~~~~~~~~~~~~~~~~~~~
      ave.     -0.25     -0.78      3.00     -1.49      1.86     35.15
      s.d.      0.40      0.21      0.14      3.16      4.46      2.36
****************************************************************************
NUPARM base-pair helical parameters
    step       X-disp    Y-disp   h-Rise     Incl.       Tip   h-Twist
   1 GG/CC     -1.25      0.88      3.03      5.82      5.78     36.41
   2 GC/GC     -0.90      0.63      2.88     -3.04     -3.24     34.51
   3 CA/TG     -2.34     -0.42      2.79     13.07     -0.28     34.81
   4 AA/TT     -1.21     -0.46      2.88     -0.00      3.52     36.85
   5 AA/TT     -0.90      0.63      3.21     -3.15     -2.18     35.08
   6 AA/TT     -1.50     -0.54      3.12     -3.06      3.19     36.97
   7 AA/TT     -1.51     -0.43      3.04     -1.52      2.42     35.62
   8 AA/TT     -1.42      0.16      3.15      1.82      3.83     37.92
   9 AC/GT     -1.25      0.65      3.18     -3.54      7.16     38.18
  10 CG/CG     -2.82      1.31      2.32     14.17     -7.47     31.35
  11 GG/CC     -2.27      0.11      2.82     14.66     10.80     34.24
          ~~~~~~~~~~~~~~~~~~~~~~~~~~~~~~~~~~~~~~~~~~~~~~~~~~~~~~~~~~~~
      ave.     -1.58      0.23      2.95      3.20      2.14     35.63
      s.d.      0.62      0.64      0.26      7.45      5.15      1.95
****************************************************************************
RNA base-pair parameters
     bp        Shear    Stretch   Stagger    Buckle  Propeller  Opening
    1 G-C      -0.95     -0.39     -0.31    -13.72    -15.64      5.61
    2 G-C      -0.21     -0.36     -0.11     -9.74    -13.42     -1.75
    3 C-G       0.23     -0.39     -0.34     -1.13     -4.70     -2.26
    4 A-T       0.09     -0.29      0.26      4.41     -8.54     -5.77
    5 A-T       0.00     -0.30      0.49     11.04    -12.95     -2.56
    6 A-T       0.34     -0.28      0.21      9.08    -17.01     -6.07
    7 A-T       0.22     -0.25      0.29      4.60    -14.49     -0.50
    8 A-T       0.09     -0.22      0.28      1.74    -17.11      6.26
    9 A-T      -0.05     -0.28      0.48     -9.32    -24.35      4.27
   10 C-G       0.57     -0.49      0.81    -15.12    -12.32     -0.65
   11 G-C      -0.40     -0.37     -0.26     -3.05    -12.42      1.60
   12 G-C      -0.48     -0.35     -0.16     -0.53    -14.33      2.54
          ~~~~~~~~~~~~~~~~~~~~~~~~~~~~~~~~~~~~~~~~~~~~~~~~~~~~~~~~~~~~
      ave.     -0.05     -0.33      0.14     -1.81    -13.94      0.06
      s.d.      0.41      0.07      0.37      8.62      4.79      4.08
****************************************************************************
RNA base-pair step parameters
    step       Shift     Slide      Rise      Tilt      Roll     Twist
   1 GG/CC     -0.74     -0.49      3.09     -3.88      3.92     35.85
   2 GC/GC     -0.20     -0.67      3.00      1.97     -1.86     34.13
   3 CA/TG      0.32     -0.67      3.10      0.11      7.73     33.82
   4 AA/TT      0.07     -0.72      3.00     -2.19     -0.07     36.55
   5 AA/TT     -0.21     -0.69      3.16      1.23     -2.07     34.97
   6 AA/TT      0.08     -1.08      3.01     -1.82     -1.97     37.05
   7 AA/TT      0.03     -1.02      2.98     -1.27     -0.85     35.65
   8 AA/TT     -0.28     -0.86      3.00     -2.53      1.30     38.37
   9 AC/GT     -0.72     -1.03      2.96     -4.96     -2.14     37.74
  10 CG/CG     -0.42     -0.85      2.86      4.10      7.47     29.80
  11 GG/CC     -0.60     -0.53      3.02     -6.38      8.68     32.42
          ~~~~~~~~~~~~~~~~~~~~~~~~~~~~~~~~~~~~~~~~~~~~~~~~~~~~~~~~~~~~
      ave.     -0.24     -0.78      3.02     -1.42      1.83     35.12
      s.d.      0.35      0.20      0.08      3.11      4.34      2.50
****************************************************************************
RNA base-pair helical parameters
    step       X-disp    Y-disp   h-Rise     Incl.       Tip   h-Twist
   1 GG/CC     -1.32      0.66      3.08      6.21      6.16     36.27
   2 GC/GC     -0.85      0.63      3.01     -3.12     -3.30     34.24
   3 CA/TG     -2.24     -0.52      2.87     12.87     -0.18     34.69
   4 AA/TT     -1.14     -0.39      2.99     -0.11      3.43     36.62
   5 AA/TT     -0.83      0.53      3.18     -3.38     -2.02     35.05
   6 AA/TT     -1.44     -0.36      3.05     -3.04      2.81     37.14
   7 AA/TT     -1.55     -0.22      3.00     -1.37      2.04     35.69
   8 AA/TT     -1.46      0.13      2.98      1.93      3.77     38.47
   9 AC/GT     -1.31      0.50      3.08     -3.23      7.47     38.12
  10 CG/CG     -2.81      1.46      2.49     13.99     -7.67     30.99
  11 GG/CC     -2.21      0.07      2.85     14.81     10.89     34.16
          ~~~~~~~~~~~~~~~~~~~~~~~~~~~~~~~~~~~~~~~~~~~~~~~~~~~~~~~~~~~~
      ave.     -1.56      0.23      2.96      3.23      2.13     35.59
      s.d.      0.62      0.60      0.18      7.42      5.24      2.12
****************************************************************************
Strand I base step parameters
    step       Shift     Slide      Rise      Tilt      Roll     Twist
   1  G/G      -1.02     -0.97      3.16      2.44      1.49     32.53
   2  G/C      -0.70     -0.84      2.96      8.83      0.86     33.45
   3  C/A      -0.50     -0.53      3.43      4.45      6.40     31.82
   4  A/A      -0.71     -0.52      3.18      4.50      0.36     38.04
   5  A/A      -0.62     -0.38      3.21      4.78     -0.93     32.95
   6  A/A      -0.59     -0.82      3.17      1.32      1.53     39.88
   7  A/A      -0.67     -0.85      3.09      2.48     -1.10     38.98
   8  A/A      -0.90     -0.91      3.22     -1.01     -3.37     37.67
   9  A/C      -1.00     -1.34      3.06     -1.88     -0.20     35.70
  10  C/G      -1.44     -0.98      2.52     13.28      5.00     30.51
  11  G/G      -1.23     -0.67      3.08     -1.16      7.31     33.44
          ~~~~~~~~~~~~~~~~~~~~~~~~~~~~~~~~~~~~~~~~~~~~~~~~~~~~~~~~~~~~
      ave.     -0.85     -0.80      3.10      3.46      1.58     35.00
      s.d.      0.29      0.27      0.23      4.54      3.33      3.19
****************************************************************************
Strand I base helical parameters
    step       X-disp    Y-disp   h-Rise     Incl.       Tip   h-Twist
   1  G/G      -1.97      0.42      3.03      2.61     -4.29     32.66
   2  G/C      -1.54      0.60      2.66      1.44    -14.79     34.60
   3  C/A      -2.10     -0.12      3.15     11.31     -7.85     32.76
   4  A/A      -0.84     -0.16      3.07      0.54     -6.75     38.31
   5  A/A      -0.51      0.07      3.10     -1.61     -8.25     33.31
   6  A/A      -1.37     -0.80      3.11      2.20     -1.90     39.94
   7  A/A      -1.14     -0.51      3.06     -1.61     -3.63     39.07
   8  A/A      -0.96     -0.56      3.32     -5.11      1.54     37.83
   9  A/C      -2.16     -0.44      3.12     -0.31      3.02     35.75
  10  C/G      -2.24      2.14      1.57      8.79    -23.35     33.65
  11  G/G      -2.24      0.10      2.90     12.33      1.96     34.25
          ~~~~~~~~~~~~~~~~~~~~~~~~~~~~~~~~~~~~~~~~~~~~~~~~~~~~~~~~~~~~
      ave.     -1.55      0.07      2.92      2.78     -5.84     35.65
      s.d.      0.63      0.81      0.48      5.63      7.84      2.68
****************************************************************************
Strand II base step parameters
    step       Shift     Slide      Rise      Tilt      Roll     Twist
   1  C/C      -0.47      0.01      3.06    -10.61      6.54     38.08
   2  C/G       0.31     -0.50      3.11     -4.97     -4.44     34.43
   3  G/T       1.16     -0.85      2.86     -4.28      9.18     35.59
   4  T/T       0.85     -0.99      2.97     -8.73     -0.13     34.44
   5  T/T       0.17     -1.06      3.23     -2.59     -3.22     36.40
   6  T/T       0.74     -1.39      3.08     -4.61     -5.19     33.60
   7  T/T       0.73     -1.16      3.12     -4.51     -0.59     31.85
   8  T/T       0.35     -0.73      3.11     -4.35      5.90     38.62
   9  T/G      -0.44     -0.70      3.00     -8.32     -3.91     39.46
  10  G/C       0.51     -0.64      3.41     -4.96      9.81     27.95
  11  C/C       0.01     -0.37      3.15    -11.47      9.94     30.78
          ~~~~~~~~~~~~~~~~~~~~~~~~~~~~~~~~~~~~~~~~~~~~~~~~~~~~~~~~~~~~
      ave.      0.36     -0.76      3.10     -6.31      2.17     34.65
      s.d.      0.52      0.39      0.14      2.94      6.15      3.52
****************************************************************************
Strand II base helical parameters
    step       X-disp    Y-disp   h-Rise     Incl.       Tip   h-Twist
   1  C/C      -0.73      1.29      3.03      9.51     15.43     40.07
   2  C/G      -0.18      0.57      3.08     -7.30      8.18     35.07
   3  G/T      -2.39     -0.51      2.41     14.40      6.72     37.01
   4  T/T      -1.60     -0.75      2.68     -0.22     14.22     35.53
   5  T/T      -1.22      1.16      3.29     -5.05      4.07     36.63
   6  T/T      -1.56     -0.16      3.13     -8.74      7.76     34.31
   7  T/T      -1.99     -0.29      3.00     -1.06      8.07     32.17
   8  T/T      -1.77      0.79      2.91      8.65      6.38     39.31
   9  T/G      -0.58      1.52      3.08     -5.58     11.87     40.51
  10  G/C      -3.29     -0.22      2.88     19.15      9.69     30.03
  11  C/C      -2.14      0.05      2.71     17.19     19.83     34.32
          ~~~~~~~~~~~~~~~~~~~~~~~~~~~~~~~~~~~~~~~~~~~~~~~~~~~~~~~~~~~~
      ave.     -1.59      0.31      2.93      3.72     10.20     35.90
      s.d.      0.89      0.79      0.25     10.34      4.67      3.26
