Local base-pair step parameters
    step       Shift     Slide      Rise      Tilt      Roll     Twist
   1 CG/CG      0.27      0.56      3.55     -1.59      0.47     45.01
   2 GC/GC      0.34      0.19      3.45      6.85     -5.11     34.81
   3 CA/TG     -0.77      0.74      3.26     -2.16      8.58     29.91
   4 AA/TT      0.04     -0.36      3.69     -0.72      1.38     38.12
   5 AA/TT     -0.68     -0.75      2.78     -2.30      3.47     41.20
   6 AT/AT      0.41     -0.87      3.77      0.77     -0.78     31.43
   7 TT/AA     -0.36     -0.43      3.31     -0.80     -3.22     31.99
   8 TT/AA      0.39      0.05      3.25      3.58      6.21     39.33
   9 TG/CA      0.29      1.69      2.69     -9.24     -5.90     35.63
  10 GC/GC     -0.69     -0.28      3.92     -1.92    -11.78     34.22
  11 CG/CG     -0.08      0.95      3.38      8.42      4.14     40.00
