Local base-pair helical parameters
    step       X-disp    Y-disp   h-Rise     Incl.       Tip   h-Twist
   1 CG/CG      0.68     -0.51      3.55      0.61      2.07     45.04
   2 GC/GC      1.09      0.49      3.40     -8.38    -11.24     35.81
   3 CA/TG     -0.31      1.01      3.38     16.18      4.08     31.17
   4 AA/TT     -0.75     -0.16      3.68      2.10      1.09     38.15
   5 AA/TT     -1.37      0.75      2.75      4.92      3.25     41.40
   6 AT/AT     -1.44     -0.60      3.80     -1.44     -1.42     31.45
   7 TT/AA     -0.19      0.51      3.35     -5.82      1.44     32.15
   8 TT/AA     -0.65     -0.16      3.25      9.14     -5.26     39.95
   9 TG/CA      3.25     -1.41      2.25     -9.37     14.68     37.22
  10 GC/GC      1.58      0.78      3.84    -19.31      3.15     36.18
  11 CG/CG      0.89      1.08      3.38      5.95    -12.11     41.04
