Local base-pair parameters
     bp        Shear    Stretch   Stagger    Buckle  Propeller  Opening
    1 C-G      -0.23     -0.17      0.01     10.23     -7.85     -3.54
    2 G-C       0.06     -0.12      0.62      7.60    -14.50      0.96
    3 C-G      -0.52     -0.05     -0.01      4.03    -17.93     -0.63
    4 A-T       0.28     -0.15      0.25     12.90    -14.45    -12.27
    5 A-T       0.44     -0.16      0.52     -0.14    -16.38     -7.57
    6 A-T      -0.06     -0.23     -0.10      4.19    -20.85     -4.19
    7 T-A       0.15     -0.02     -0.15     -9.30    -19.78      3.66
    8 T-A      -0.43      0.02     -0.08     -9.72    -17.14     -4.37
    9 T-A      -0.28     -0.22     -0.32    -12.60    -23.75     -1.20
   10 G-C       0.03     -0.05      0.43     15.24     -4.58      0.06
   11 C-G      -0.18     -0.03      0.77     -6.07    -10.09     -2.36
   12 G-C      -0.13     -0.17     -0.21      0.22    -14.32     -1.32
