Local base-pair helical parameters
    step       X-disp    Y-disp   h-Rise     Incl.       Tip   h-Twist
   1 CC/GG     -0.56      1.17      3.10      8.59    -11.46     27.64
   2 CA/TG     -0.36     -0.36      3.51     11.01      1.42     41.87
   3 AT/AT     -1.85      0.28      3.25      6.85      5.05     28.84
   4 TT/AA     -0.83     -0.32      3.14     -0.98     -2.72     36.07
   5 TA/TA     -0.92     -0.28      3.46      7.39     -1.46     36.17
   6 AA/TT     -0.19     -0.52      2.99      1.67     11.00     35.54
   7 AT/AT     -0.73      1.55      3.52     -4.78    -10.54     35.77
   8 TG/CA      0.87     -0.36      3.35     12.22      0.12     36.33
   9 GG/CC      0.78      0.39      3.31      3.30      0.18     29.33
