Local base-pair parameters
     bp        Shear    Stretch   Stagger    Buckle  Propeller  Opening
    1 C-G       0.45     -0.49      0.19     -3.89    -12.83     -3.33
    2 C-G       0.29     -0.45     -0.20      8.52    -15.69     -7.01
    3 A-T       0.12     -0.20     -0.03      1.23    -11.60     -4.03
    4 T-A      -0.31     -0.27      0.09      0.67    -16.48     -4.59
    5 T-A       0.43     -0.24     -0.12      5.77    -16.25      2.44
    6 A-T      -0.16     -0.37     -0.07     -7.01    -17.54      6.12
    7 A-T      -0.40     -0.06      0.64      2.14    -13.00      1.69
    8 T-A       0.06     -0.33     -0.09     -5.24    -19.08      3.38
    9 G-C       0.65     -0.15      0.09      1.75     -7.47     -6.43
   10 G-C      -0.04     -0.11      0.09      6.51    -12.45      1.70
