Local base-pair step parameters
    step       Shift     Slide      Rise      Tilt      Roll     Twist
   1 CC/GG      0.05      0.19      3.16      5.42      4.06     26.81
   2 CA/TG      0.17      0.37      3.51     -1.01      7.83     41.16
   3 AT/AT     -0.42     -0.54      3.31     -2.51      3.40     28.54
   4 TT/AA      0.34     -0.56      3.12      1.68     -0.61     36.03
   5 TA/TA      0.26     -0.14      3.50      0.90      4.58     35.87
   6 AA/TT     -0.23     -0.03      3.00     -6.68      1.02     34.91
   7 AT/AT     -0.33     -0.73      3.59      6.44     -2.92     35.09
   8 TG/CA      0.22      1.21      3.17     -0.08      7.57     35.56
   9 GG/CC     -0.21      0.58      3.29     -0.09      1.67     29.28
