Local base-pair helical parameters
    step       X-disp    Y-disp   h-Rise     Incl.       Tip   h-Twist
   1 GG/CC     -0.92      0.81      3.01     -0.66      9.73     34.92
   2 GC/GC      0.29     -0.30      3.50     -4.24     -1.48     43.83
   3 CA/TG     -2.29     -0.04      2.30     13.39     -9.51     30.62
   4 AA/TT     -0.26     -0.39      2.92     -2.69      8.71     37.55
   5 AA/TT     -1.68      0.68      3.15      2.49     -5.69     41.47
   6 AA/TT      1.39      1.10      3.11     -6.02     -4.98     39.41
   7 AC/GT     -0.34     -0.79      3.98     -5.33      8.80     43.74
   8 CG/CG      1.02      0.54      3.08    -16.28    -10.51     37.80
   9 GG/CC     -3.17      0.63      3.64     20.97     -4.96     37.20
