Local base-pair parameters
     bp        Shear    Stretch   Stagger    Buckle  Propeller  Opening
    1 G-C       0.27      0.05      0.12     -3.84    -14.45      4.06
    2 G-C      -0.36     -0.15      0.55      1.20     -2.93     -2.82
    3 C-G       0.81     -0.23      0.60     -8.23     -1.81      1.15
    4 A-T      -0.43     -0.09      0.43     10.02    -13.86      4.82
    5 A-T       0.08      0.00      0.79     15.24     -7.15      3.11
    6 A-T       0.50      0.05      0.19     17.28    -12.04      3.28
    7 A-T       0.70      0.10      0.10     18.30    -15.55      2.26
    8 C-G       0.89     -0.42      0.83     -8.19    -15.54     -1.46
    9 G-C      -0.31     -0.14     -0.01      2.23     17.05     -1.83
   10 G-C      -0.14     -0.02     -0.84    -19.38    -14.12     -1.71
