Local base-pair step parameters
    step       Shift     Slide      Rise      Tilt      Roll     Twist
   1 GG/CC     -0.97     -0.58      2.88     -5.81     -0.40     34.44
   2 GC/GC      0.31     -0.03      3.50      1.11     -3.16     43.71
   3 CA/TG      0.41     -0.67      2.48      4.96      6.98     29.43
   4 AA/TT     -0.17     -0.30      2.92     -5.58     -1.73     37.10
   5 AA/TT     -0.19     -1.06      3.22      4.02      1.76     41.24
   6 AA/TT     -0.48      0.63      3.24      3.35     -4.05     39.07
   7 AC/GT      0.02     -0.60      3.99     -6.52     -3.95     43.11
   8 CG/CG      0.20     -0.19      3.16      6.69    -10.37     35.80
   9 GG/CC     -0.08     -0.65      4.13      3.10     13.09     34.76
