Local base-pair step parameters
    step       Shift     Slide      Rise      Tilt      Roll     Twist
   1 CC/GG      0.03      0.49      3.12      7.07      6.48     36.31
   2 CG/CG      0.46      1.18      3.41      0.40      5.38     35.64
   3 GG/CC     -0.78      0.75      3.43     -2.72      1.85     36.64
   4 GC/GC      0.69      0.12      3.62      1.98     -1.38     36.87
   5 CG/CG     -0.04      0.78      3.03     -1.02      7.93     28.06
   6 GC/GC     -0.62      0.08      3.82     -1.82     -3.72     38.09
   7 CC/GG      0.70      0.50      3.45      3.75      4.90     42.47
   8 CG/CG      0.46      1.12      3.23      4.57      6.96     23.08
   9 GG/CC     -0.22      1.80      3.36     -2.92      2.17     44.06
