Local base-pair helical parameters
    step       X-disp    Y-disp   h-Rise     Incl.       Tip   h-Twist
   1 CC/GG     -0.07      0.85      3.11     10.18    -11.11     37.51
   2 CG/CG      1.09     -0.69      3.54      8.73     -0.65     36.03
   3 GG/CC      0.92      0.85      3.50      2.93      4.31     36.78
   4 GC/GC      0.39     -0.79      3.64     -2.18     -3.12     36.95
   5 CG/CG     -0.12     -0.13      3.12     15.95      2.05     29.15
   6 GC/GC      0.67      0.68      3.82     -5.68      2.77     38.31
   7 CC/GG      0.16     -0.56      3.53      6.72     -5.15     42.90
   8 CG/CG      0.38      0.40      3.44     16.70    -10.97     24.51
   9 GG/CC      2.18      0.01      3.45      2.88      3.89     44.21
