Local base-pair parameters
     bp        Shear    Stretch   Stagger    Buckle  Propeller  Opening
    1 C-G       0.24     -0.18      0.39     -2.83     -8.75     -2.85
    2 C-G      -0.11     -0.10     -0.39      5.23     -7.84      1.33
    3 G-C      -0.00     -0.11     -0.01      3.13     -7.01     -0.84
    4 G-C      -0.28     -0.12      0.17      6.32     -8.25      0.36
    5 C-G       0.05     -0.12      0.20     -7.08    -11.68     -2.13
    6 G-C      -0.13     -0.13      0.36      8.88     -5.31     -2.96
    7 C-G       0.01     -0.15      0.64     -8.23    -16.09     -4.63
    8 C-G       0.30     -0.18      0.24     -9.41     -5.72     -4.27
    9 G-C       0.01     -0.12     -0.12      4.51     -7.93      0.04
   10 G-C      -0.01     -0.17     -0.18      3.31    -13.99     -0.62
