Local base-pair parameters
     bp        Shear    Stretch   Stagger    Buckle  Propeller  Opening
    1 G-C       0.43     -0.01      0.15     -8.42      7.54      1.31
    2 G-C      -0.20     -0.09      0.50      4.11      8.39     -2.06
    3 C-G       0.52     -0.06      0.42     -0.37      1.14      3.86
    4 A-T      -0.31      0.00      0.20     12.59    -13.70      7.62
    5 A-T       0.04      0.10      0.61     20.29     -7.65      5.44
    6 A-T       0.60      0.07     -0.01     15.64     -7.16      5.96
    7 A-T       0.80      0.11      0.14     13.97    -17.61      3.97
    8 C-G       0.98     -0.28      0.48     -9.20     -8.92      1.96
    9 G-C      -1.10     -0.32     -0.64    -21.30    -13.74      2.36
   10 G-C      -0.21     -0.00     -0.22    -24.27     -3.73     -3.63
