Local base-pair helical parameters
    step       X-disp    Y-disp   h-Rise     Incl.       Tip   h-Twist
   1 GG/CC     -3.89      0.68      2.61     22.98      8.48     29.55
   2 GC/GC     -0.89     -0.28      3.41      2.46     -4.29     38.35
   3 CA/TG     -2.57      0.44      2.58      9.05    -10.07     28.95
   4 AA/TT     -0.47     -0.67      2.90     -3.90      8.60     34.86
   5 AA/TT     -1.96      0.44      3.48      0.40     -5.48     40.77
   6 AA/TT      1.84      1.05      3.20    -11.73     -2.37     40.09
   7 AC/GT     -0.48     -0.50      3.88     -3.42      4.80     41.41
   8 CG/CG     -1.92      0.24      3.30     14.76    -10.43     37.30
   9 GG/CC      0.26      0.11      3.32      2.08      8.09     40.93
