Local base-pair step parameters
    step       Shift     Slide      Rise      Tilt      Roll     Twist
   1 GG/CC     -0.76     -0.86      3.09     -4.20     11.38     26.99
   2 GC/GC      0.43     -0.45      3.41      2.82      1.62     38.22
   3 CA/TG      0.24     -0.88      2.74      4.99      4.48     28.18
   4 AA/TT     -0.01     -0.47      2.91     -5.13     -2.33     34.42
   5 AA/TT      0.01     -1.34      3.51      3.81      0.28     40.60
   6 AA/TT     -0.59      0.62      3.41      1.61     -7.99     39.29
   7 AC/GT      0.05     -0.55      3.87     -3.39     -2.42     41.21
   8 CG/CG      0.44     -0.39      3.47      6.57      9.30     35.57
   9 GG/CC     -0.51      0.30      3.27     -5.64      1.45     40.53
