Local base-pair step parameters
    step       Shift     Slide      Rise      Tilt      Roll     Twist
   1 GG/CC     -0.65     -0.42      3.53     -1.19      8.86     31.79
   2 GC/GC      0.47     -0.13      3.62      3.33     -3.22     43.53
   3 CA/TG      0.46     -0.69      3.12      5.69      0.27     32.41
   4 AA/TT      0.08     -0.55      2.98     -5.92     -4.76     36.44
   5 AA/TT     -0.01     -1.24      3.61      3.92      0.01     40.56
   6 AA/TT     -0.53      0.63      3.40      1.15     -7.55     39.12
   7 AC/GT     -0.35     -0.97      3.66     -4.11     -1.88     38.17
   8 CG/CG     -0.68      0.36      4.07      6.81      6.91     46.66
   9 GG/CC      0.10      0.37      3.41     -7.11      0.74     33.56
