Local base-pair parameters
     bp        Shear    Stretch   Stagger    Buckle  Propeller  Opening
    1 G-C      -0.42     -0.08      0.91     21.57     16.98     -1.69
    2 G-C      -0.60     -0.13      0.56     22.04     -1.48     -1.32
    3 C-G       0.54     -0.10      0.25      7.76    -11.00      1.20
    4 A-T      -0.00      0.10      0.22     17.90    -11.00      8.38
    5 A-T       0.14      0.14      0.61     24.37     -7.15      8.44
    6 A-T       0.69      0.06     -0.20     16.42     -8.49      9.34
    7 A-T       0.70      0.10      0.04     14.13    -20.67      7.73
    8 C-G       0.17     -0.06      0.24    -10.38    -20.04      0.87
    9 G-C       0.95     -0.27     -1.30    -21.76     -5.39    -10.91
   10 G-C       0.35      0.11     -0.63    -28.21     -5.51     -1.86
