Local base-pair helical parameters
    step       X-disp    Y-disp   h-Rise     Incl.       Tip   h-Twist
   1 GG/CC     -2.34      0.93      3.32     15.78      2.13     32.99
   2 GC/GC      0.17     -0.27      3.65     -4.33     -4.47     43.77
   3 CA/TG     -1.26      0.12      3.15      0.48    -10.09     32.90
   4 AA/TT     -0.29     -0.85      2.98     -7.51      9.35     37.20
   5 AA/TT     -1.78      0.49      3.59      0.02     -5.64     40.74
   6 AA/TT      1.81      0.91      3.21    -11.15     -1.70     39.83
   7 AC/GT     -1.22     -0.05      3.71     -2.87      6.26     38.43
   8 CG/CG     -0.24      1.52      3.95      8.61     -8.49     47.61
   9 GG/CC      0.51     -1.33      3.32      1.26     12.15     34.29
