Local base-pair parameters
     bp        Shear    Stretch   Stagger    Buckle  Propeller  Opening
    1 G-C       0.23     -0.16      1.37     21.92     11.78      4.27
    2 G-C      -0.47     -0.10      0.94     26.85      0.33     -2.94
    3 C-G       0.36     -0.15      0.60      6.51     -7.74     -0.17
    4 A-T      -0.22      0.03      0.39     17.55    -14.30      5.64
    5 A-T       0.02      0.06      0.80     23.09     -8.50      5.38
    6 A-T       0.67      0.06     -0.13     16.16    -11.08      7.57
    7 A-T       0.64      0.10      0.02     14.34    -18.22      9.27
    8 C-G      -0.37     -0.00      0.28     -7.82    -10.79      3.14
    9 G-C      -0.28     -0.15     -0.34     -2.35     24.89     -1.94
   10 G-C       0.38     -0.13     -1.24    -16.08     -3.40     -3.25
