Local base-pair helical parameters
    step       X-disp    Y-disp   h-Rise     Incl.       Tip   h-Twist
   1 GG/CC     -2.12      2.54      3.30     16.83     -3.74     30.49
   2 GC/GC      0.16     -0.17      3.90     -6.39     -4.82     43.67
   3 CA/TG     -1.33     -0.09      2.84      2.09     -7.73     32.42
   4 AA/TT     -0.22     -0.75      2.91     -4.83      9.54     37.35
   5 AA/TT     -1.43      0.48      3.57     -0.68     -8.15     41.92
   6 AA/TT      1.69      0.67      3.15     -9.44     -2.65     41.05
   7 AC/GT     -0.82     -0.52      3.75     -6.92      7.64     36.73
   8 CG/CG      0.18      0.34      3.36    -10.69     -4.03     40.51
   9 GG/CC     -4.16      0.51      3.26     27.74     -7.86     34.49
