Local base-pair step parameters
    step       Shift     Slide      Rise      Tilt      Roll     Twist
   1 GG/CC     -1.12     -0.13      3.56      1.94      8.72     29.18
   2 GC/GC      0.43     -0.28      3.87      3.58     -4.74     43.28
   3 CA/TG      0.42     -0.64      2.83      4.31      1.16     32.12
   4 AA/TT      0.02     -0.37      2.93     -6.08     -3.08     36.75
   5 AA/TT      0.14     -1.07      3.58      5.82     -0.48     41.53
   6 AA/TT     -0.33      0.69      3.31      1.85     -6.59     40.50
   7 AC/GT     -0.15     -0.94      3.68     -4.79     -4.34     36.18
   8 CG/CG     -0.01     -0.47      3.34      2.78     -7.36     39.77
   9 GG/CC      0.19     -0.74      4.03      4.48     15.82     30.43
