Local base-pair parameters
     bp        Shear    Stretch   Stagger    Buckle  Propeller  Opening
    1 G-C       0.07      0.08      0.06     -5.69      7.95      5.50
    2 G-C       0.03     -0.05      0.68     13.48      5.52     -2.53
    3 C-G       0.77     -0.25      0.62     -0.85     -4.11      0.87
    4 A-T      -0.44     -0.04      0.25     14.31    -14.40      4.98
    5 A-T       0.03      0.05      0.73     19.27     -9.57      3.74
    6 A-T       0.63      0.07      0.15     16.14    -11.97      4.98
    7 A-T       0.79      0.12      0.15     12.64    -17.29      4.67
    8 C-G       0.64     -0.18      0.58     -7.12    -11.42      0.00
    9 G-C      -0.33     -0.15     -0.25     -2.39     20.59     -2.26
   10 G-C       0.17     -0.04     -1.05    -18.48    -10.72     -0.71
