Local base-pair step parameters
    step       Shift     Slide      Rise      Tilt      Roll     Twist
   1 GG/CC     -1.16      0.16      2.93     -2.91      7.23     30.02
   2 GC/GC      0.25     -0.40      3.66      2.18     -0.81     41.74
   3 CA/TG      0.22     -0.82      2.58      5.68      6.63     28.49
   4 AA/TT     -0.14     -0.28      2.91     -6.15     -1.72     36.53
   5 AA/TT      0.03     -1.07      3.36      3.78     -0.30     42.06
   6 AA/TT     -0.43      0.63      3.35      1.93     -7.23     39.56
   7 AC/GT     -0.06     -0.68      3.70     -4.90     -2.36     40.27
   8 CG/CG      0.15     -0.62      3.27      4.26     -9.59     34.77
   9 GG/CC      0.02     -0.69      4.02      3.90     13.11     34.67
