Local base-pair helical parameters
    step       X-disp    Y-disp   h-Rise     Incl.       Tip   h-Twist
   1 GG/CC     -0.99      1.66      2.99     13.67      5.49     30.99
   2 GC/GC     -0.47     -0.10      3.67     -1.14     -3.05     41.80
   3 CA/TG     -2.66      0.48      2.34     13.09    -11.22     29.77
   4 AA/TT     -0.23     -0.51      2.90     -2.72      9.72     37.07
   5 AA/TT     -1.46      0.36      3.35     -0.41     -5.25     42.22
   6 AA/TT      1.74      0.84      3.17    -10.56     -2.83     40.23
   7 AC/GT     -0.68     -0.53      3.71     -3.41      7.08     40.62
   8 CG/CG      0.38      0.37      3.31    -15.60     -6.93     36.27
   9 GG/CC     -3.17      0.58      3.52     21.01     -6.26     37.20
