Reference frame: Origins (Ox, Oy, Oz) followed by the direction cosines of the
                 X- (Xx, Yx, Zx), Y- (Yx, Yx, Yx), and Z- (Zx, Zx, Zx) axes
*****************************************************************************************
Local base-pair reference frames
                Ox      Oy      Oz     Xx    Xy    Xz   Yx    Yy    Yz    Zx    Zy    Zz
   1 G-C      -2.00   13.80   -0.54  0.66  0.04 -0.75  0.75 -0.02  0.66  0.01 -1.00 -0.04
   2 G-C      -2.71   10.85   -0.42  0.98  0.03 -0.18  0.18  0.06  0.98  0.04 -1.00  0.06
   3 C-G      -2.61    7.42   -0.38  0.86 -0.00  0.51 -0.51  0.03  0.86 -0.02 -1.00  0.03
   4 A-T      -1.62    4.87   -0.60  0.51  0.09  0.86 -0.85 -0.10  0.52  0.13 -0.99  0.03
   5 A-T      -0.88    2.04   -0.60 -0.05 -0.01  1.00 -1.00 -0.02 -0.05  0.02 -1.00 -0.01
   6 A-T       0.68   -1.28    0.22 -0.64  0.01  0.77 -0.76 -0.11 -0.64  0.08 -0.99  0.08
   7 A-T       1.10   -4.58   -0.18 -0.97 -0.15  0.18 -0.17 -0.12 -0.98  0.17 -0.98  0.09
   8 C-G       1.76   -8.38    1.07 -0.86 -0.19 -0.46  0.46  0.07 -0.89  0.20 -0.98  0.03
   9 G-C       2.63  -11.83    0.89 -0.35  0.01 -0.94  0.94  0.07 -0.34  0.06 -1.00 -0.04
  10 G-C       3.61  -15.12    0.95  0.33  0.08 -0.94  0.93  0.14  0.34  0.16 -0.99 -0.03
*****************************************************************************************
Local middle reference frames
                Ox      Oy      Oz     Xx    Xy    Xz   Yx    Yy    Yz    Zx    Zy    Zz
   1 GG/CC    -2.36   12.33   -0.48  0.87  0.02 -0.49  0.49  0.02  0.87  0.02 -1.00  0.01
   2 GC/GC    -2.66    9.14   -0.40  0.98  0.02  0.18 -0.18  0.04  0.98  0.01 -1.00  0.04
   3 CA/TG    -2.11    6.15   -0.49  0.71  0.06  0.70 -0.70 -0.02  0.71  0.06 -1.00  0.03
   4 AA/TT    -1.25    3.46   -0.60  0.24  0.03  0.97 -0.97 -0.07  0.25  0.08 -1.00  0.01
   5 AA/TT    -0.10    0.38   -0.19 -0.36  0.02  0.93 -0.93 -0.06 -0.36  0.05 -1.00  0.04
   6 AA/TT     0.89   -2.93    0.02 -0.86 -0.06  0.50 -0.49 -0.13 -0.86  0.12 -0.99  0.08
   7 AC/GT     1.43   -6.48    0.44 -0.97 -0.19 -0.15  0.16 -0.03 -0.99  0.18 -0.98  0.06
   8 CG/CG     2.19  -10.11    0.98 -0.65 -0.09 -0.75  0.75  0.10 -0.66  0.13 -0.99 -0.00
   9 GG/CC     3.12  -13.48    0.92 -0.01  0.03 -1.00  0.99  0.11 -0.00  0.11 -0.99 -0.03
*****************************************************************************************
Local middle helical reference frames
                Ox      Oy      Oz     Xx    Xy    Xz   Yx    Yy    Yz    Zx    Zy    Zz
   1 GG/CC    -2.34   12.30   -1.00  0.87 -0.13 -0.49  0.49 -0.02  0.87 -0.12 -0.99  0.05
   2 GC/GC    -2.86    9.13   -0.49  0.98  0.04  0.18 -0.17 -0.04  0.98  0.05 -1.00 -0.03
   3 CA/TG    -0.28    6.72    1.06  0.70  0.25  0.67 -0.71  0.18  0.68  0.05 -0.95  0.30
   4 AA/TT    -2.00    3.26   -0.04  0.26 -0.12  0.96 -0.96 -0.17  0.24  0.13 -0.98 -0.16
   5 AA/TT    -0.71    0.73    2.41 -0.36  0.14  0.92 -0.93  0.02 -0.37 -0.07 -0.99  0.12
   6 AA/TT     2.32   -2.76    0.09 -0.87  0.01  0.49 -0.48 -0.23 -0.85  0.11 -0.97  0.20
   7 AC/GT     0.34   -6.85   -0.08 -0.95 -0.28 -0.14  0.17 -0.07 -0.98  0.26 -0.96  0.11
   8 CG/CG     1.60  -10.26    1.11 -0.67 -0.00 -0.75  0.71  0.28 -0.64  0.21 -0.96 -0.19
   9 GG/CC     3.51  -13.35    1.76  0.01 -0.10 -0.99  0.99  0.11 -0.00  0.11 -0.99  0.10
*****************************************************************************************
Local strand I base reference frames
                Ox      Oy      Oz     Xx    Xy    Xz   Yx    Yy    Yz    Zx    Zy    Zz
   1 G        -1.89   13.76   -0.64  0.68 -0.08 -0.72  0.73  0.00  0.69 -0.05 -1.00  0.06
   2 G        -2.52   10.57   -0.46  0.99 -0.00 -0.16  0.16  0.05  0.99  0.00 -1.00  0.05
   3 C        -2.24    7.14   -0.27  0.86 -0.04  0.51 -0.51  0.10  0.86 -0.08 -0.99  0.07
   4 A        -1.69    4.74   -0.77  0.49 -0.00  0.87 -0.86 -0.17  0.48  0.14 -0.99 -0.08
   5 A        -0.90    1.71   -0.62 -0.07 -0.03  1.00 -0.98 -0.18 -0.08  0.18 -0.98 -0.01
   6 A         0.58   -1.19    0.29 -0.66 -0.07  0.75 -0.71 -0.25 -0.65  0.23 -0.97  0.12
   7 A         0.69   -4.59   -0.15 -0.94 -0.31  0.16 -0.08 -0.26 -0.96  0.34 -0.92  0.22
   8 C         1.57   -8.53    1.01 -0.80 -0.35 -0.49  0.46  0.18 -0.87  0.39 -0.92  0.01
   9 G         2.63  -11.69    0.90 -0.34 -0.09 -0.94  0.91  0.22 -0.35  0.23 -0.97  0.01
  10 G         3.71  -15.22    0.70  0.36  0.03 -0.93  0.87  0.35  0.35  0.34 -0.93  0.10
*****************************************************************************************
Local strand II base reference frames
                Ox      Oy      Oz     Xx    Xy    Xz   Yx    Yy    Yz    Zx    Zy    Zz
   1 C        -2.11   13.84   -0.45  0.63  0.16 -0.76  0.77 -0.04  0.64  0.07 -0.99 -0.15
   2 C        -2.91   11.14   -0.37  0.98  0.06 -0.19  0.19  0.08  0.98  0.07 -1.00  0.06
   3 G        -2.98    7.70   -0.49  0.87  0.04  0.50 -0.50 -0.04  0.87  0.05 -1.00 -0.02
   4 T        -1.55    5.01   -0.44  0.53  0.18  0.83 -0.84 -0.02  0.55  0.12 -0.98  0.14
   5 T        -0.85    2.37   -0.57 -0.01  0.01  1.00 -0.99  0.13 -0.01 -0.13 -0.99  0.00
   6 T         0.78   -1.38    0.15 -0.61  0.08  0.79 -0.79  0.04 -0.62 -0.08 -1.00  0.04
   7 T         1.50   -4.58   -0.21 -0.97  0.00  0.23 -0.23  0.05 -0.97 -0.02 -1.00 -0.05
   8 G         1.95   -8.24    1.13 -0.90 -0.02 -0.44  0.44 -0.04 -0.90  0.01 -1.00  0.04
   9 C         2.63  -11.96    0.88 -0.33  0.11 -0.94  0.94 -0.08 -0.34 -0.11 -0.99 -0.08
  10 C         3.50  -15.03    1.19  0.31  0.15 -0.94  0.95 -0.08  0.30 -0.03 -0.99 -0.16
****************************************************************************
Local strand I base step parameters
    step       Shift     Slide      Rise      Tilt      Roll     Twist
   1  G/G      -0.49     -0.26      3.20     -0.76      3.33     37.27
   2  G/C       0.41     -0.07      3.42     -2.05     -4.77     40.16
   3  C/A      -0.01     -0.68      2.42     15.32      2.86     30.19
   4  A/A       0.35     -0.22      3.10      1.16      4.33     33.08
   5  A/A       0.36     -1.07      3.19      6.03      5.56     36.82
   6  A/A       0.30      1.28      3.16      8.29     -2.75     40.48
   7  A/C       0.52     -0.78      4.09    -12.07     -0.93     39.17
   8  C/G       0.10      0.10      3.34      7.06      6.77     39.87
   9  G/G       0.39      0.02      3.67     -6.61     -5.37     41.32
          ~~~~~~~~~~~~~~~~~~~~~~~~~~~~~~~~~~~~~~~~~~~~~~~~~~~~~~~~~~~~
      ave.      0.21     -0.19      3.29      1.82      1.00     37.59
      s.d.      0.31      0.68      0.45      8.33      4.55      3.75
****************************************************************************
Local strand I base helical parameters
    step       X-disp    Y-disp   h-Rise     Incl.       Tip   h-Twist
   1  G/G      -0.84      0.66      3.18      5.19      1.18     37.42
   2  G/C       0.45     -0.83      3.39     -6.91      2.97     40.48
   3  C/A      -1.50      1.83      2.10      5.09    -27.26     33.89
   4  A/A      -1.06     -0.43      3.06      7.55     -2.02     33.38
   5  A/A      -2.35      0.20      3.02      8.68     -9.41     37.69
   6  A/A       2.10      0.44      3.07     -3.92    -11.82     41.37
   7  A/C      -0.99     -2.37      3.80     -1.34     17.50     40.92
   8  C/G      -0.61      0.65      3.28      9.74    -10.17     41.01
   9  G/G       0.65     -1.30      3.54     -7.51      9.24     42.15
          ~~~~~~~~~~~~~~~~~~~~~~~~~~~~~~~~~~~~~~~~~~~~~~~~~~~~~~~~~~~~
      ave.     -0.46     -0.13      3.16      1.84     -3.31     38.70
      s.d.      1.33      1.25      0.47      6.81     13.14      3.29
****************************************************************************
Local strand II base step parameters
    step       Shift     Slide      Rise      Tilt      Roll     Twist
   1  C/C      -0.96     -0.33      2.63    -10.50     -6.33     38.87
   2  C/G      -0.30     -0.15      3.42      4.32     -1.72     40.88
   3  G/T       0.79     -0.91      2.81     -4.09      9.01     26.90
   4  T/T      -0.12     -0.78      2.61    -11.46    -11.71     33.22
   5  T/T      -0.06     -2.12      3.57      3.57      0.76     37.41
   6  T/T      -0.92     -0.17      3.17     -2.16     -5.65     38.57
   7  T/G      -0.61     -1.29      3.65      5.06     -1.79     39.44
   8  G/C      -0.45      0.78      3.69      0.44      9.64     43.93
   9  C/C      -0.69      1.06      2.93     -4.84      4.90     37.06
          ~~~~~~~~~~~~~~~~~~~~~~~~~~~~~~~~~~~~~~~~~~~~~~~~~~~~~~~~~~~~
      ave.     -0.37     -0.44      3.16     -2.19     -0.32     37.36
      s.d.      0.54      0.99      0.43      6.13      7.18      4.88
****************************************************************************
Local strand II base helical parameters
    step       X-disp    Y-disp   h-Rise     Incl.       Tip   h-Twist
   1  C/C       0.12      0.38      2.81     -9.23     15.33     40.69
   2  C/G      -0.03      0.92      3.38     -2.45     -6.15     41.13
   3  G/T      -3.48     -2.33      2.25     18.59      8.45     28.63
   4  T/T       0.11     -1.12      2.63    -19.10     18.69     36.94
   5  T/T      -3.40      0.59      3.51      1.18     -5.55     37.58
   6  T/T       0.41      1.12      3.21     -8.48      3.24     39.02
   7  T/G      -1.66      1.55      3.60     -2.64     -7.45     39.79
   8  G/C       0.02      0.64      3.77     12.70     -0.57     44.93
   9  C/C       1.06      0.48      3.11      7.63      7.53     37.67
          ~~~~~~~~~~~~~~~~~~~~~~~~~~~~~~~~~~~~~~~~~~~~~~~~~~~~~~~~~~~~
      ave.     -0.76      0.25      3.14     -0.20      3.72     38.49
      s.d.      1.68      1.21      0.50     11.73      9.50      4.42
****************************************************************************
xyz coordinates of C1' atoms

    bp        xI       yI       zI       xII      yII      zII
   1 G-C     0.442   14.081    4.866   -7.860   13.876   -2.186
   2 G-C    -4.037   10.905    5.312   -6.273   10.492   -5.274
   3 C-G    -7.062    7.756    3.188   -2.411    7.683   -6.383
   4 A-T    -7.551    3.981   -0.321    1.674    4.527   -5.368
   5 A-T    -5.932    0.551   -3.470    4.571    1.773   -2.913
   6 A-T    -1.549   -2.462   -5.040    6.541   -1.638    1.483
   7 A-T     2.536   -5.262   -5.699    5.146   -4.897    4.471
   8 C-G     6.019   -6.743   -2.545    1.765   -8.134    7.046
   9 G-C     8.348  -10.161    1.312   -1.612  -11.673    5.039
  10 G-C     7.656  -13.581    4.848   -2.452  -15.327    1.710
****************************************************************************
xyz coordinates of RN9/YN1 atoms

    bp        xI       yI       zI       xII      yII      zII
   1 G-C     0.541   13.881    3.424   -6.405   13.840   -2.382
   2 G-C    -3.050   10.788    4.234   -5.003   10.725   -4.577
   3 C-G    -5.624    7.639    2.960   -1.838    7.832   -5.064
   4 A-T    -6.200    4.002    0.259    1.538    4.857   -3.944
   5 A-T    -5.220    0.950   -2.257    3.628    1.774   -1.784
   6 A-T    -1.775   -2.234   -3.611    5.118   -1.647    1.924
   7 A-T     1.537   -5.352   -4.664    3.786   -4.809    3.878
   8 C-G     4.651   -7.259   -2.325    1.100   -8.042    5.760
   9 G-C     7.213  -10.601    0.505   -1.199  -11.740    3.621
  10 G-C     7.204  -13.649    3.471   -1.218  -14.866    1.029
****************************************************************************
xyz coordinates of RC8/YC6 atoms

    bp        xI       yI       zI       xII      yII      zII
   1 G-C     1.729   13.774    2.755   -5.998   14.040   -3.672
   2 G-C    -1.688   10.803    4.407   -3.869   10.750   -5.343
   3 C-G    -4.832    7.648    4.072   -0.500    7.897   -4.795
   4 A-T    -5.900    3.925    1.599    2.698    5.096   -3.228
   5 A-T    -5.715    0.847   -0.985    4.187    1.697   -0.528
   6 A-T    -2.943   -2.432   -2.906    4.789   -1.576    3.272
   7 A-T     0.294   -5.854   -4.873    2.685   -4.838    4.720
   8 C-G     3.891   -7.606   -3.411   -0.255   -8.055    5.583
   9 G-C     7.150  -10.627   -0.872   -2.125  -11.560    2.616
  10 G-C     8.034  -13.469    2.397   -1.329  -14.634   -0.316
****************************************************************************
xyz coordinates of O1P atoms w.r.t. the middle frame of each dimer

    step       xI      yI      zI     xII     yII     zII
   1 GG/CC   -4.03    9.66   -1.32   -4.19   10.54    0.02
   2 GC/GC   -3.17   10.24   -0.07   -4.45    9.95   -0.74
   3 CA/TG   -4.35    9.85   -0.25   -4.50   10.00    0.22
   4 AA/TT   -4.83    9.77    0.66   -4.43   10.05   -1.33
   5 AA/TT   -4.32    9.25    2.46   -4.78    9.51   -0.23
   6 AA/TT   -3.41   10.10    0.13   -4.60    9.83   -1.80
   7 AC/GT   -4.10    9.80    0.09   -5.28    9.01   -1.64
   8 CG/CG   -4.04    9.24   -2.76   -3.55    9.87    0.65
   9 GG/CC   -3.30    9.99   -1.99   -4.12   10.23    0.26
****************************************************************************
xyz coordinates of O1P atoms w.r.t. the middle helix frame of each dimer

    step      xIH     yIH     zIH     xIIH    yIIH    zIIH
   1 GG/CC   -4.47   10.06   -1.06   -4.39   10.08   -0.95
   2 GC/GC   -2.95   10.25   -0.94   -4.27    9.81   -1.38
   3 CA/TG   -6.88    9.94    0.94   -6.66    9.51    3.07
   4 AA/TT   -5.11    8.94    0.43   -4.46   10.72   -2.99
   5 AA/TT   -7.30    9.42    2.68   -7.39    9.09    1.14
   6 AA/TT   -2.17   10.85   -1.08   -3.54    8.84   -2.39
   7 AC/GT   -5.30    9.44    0.03   -6.30    9.29   -2.49
   8 CG/CG   -4.17   10.17   -1.34   -3.71    9.00    2.73
   9 GG/CC   -2.70    9.58   -1.57   -3.27   10.63   -0.36
****************************************************************************
xyz coordinates of O2P atoms w.r.t. the middle frame of each dimer

    step       xI      yI      zI     xII     yII     zII
   1 GG/CC   -2.33    9.39    0.59   -1.85   10.08    0.97
   2 GC/GC   -1.11    9.24    1.08   -2.64    9.58    1.06
   3 CA/TG   -2.12    9.53    0.99   -2.28    9.47    1.38
   4 AA/TT   -2.56    9.39    1.79   -2.36    9.86    0.17
   5 AA/TT   -1.95    8.50    3.08   -2.41    9.39    0.74
   6 AA/TT   -1.50    9.24    1.60   -2.37    9.31   -0.65
   7 AC/GT   -2.18    9.03    1.60   -3.45    9.12    0.16
   8 CG/CG   -2.46    9.32   -0.74   -1.66    8.77    1.99
   9 GG/CC   -1.20    9.19   -0.75   -1.97    9.73    1.56
****************************************************************************
xyz coordinates of O2P atoms w.r.t. the middle helix frame of each dimer

    step      xIH     yIH     zIH     xIIH    yIIH    zIIH
   1 GG/CC   -2.51    9.85    0.59   -2.21    9.66    0.35
   2 GC/GC   -0.92    9.35    0.34   -2.41    9.58    0.38
   3 CA/TG   -4.92    9.32    2.48   -4.27    8.79    3.66
   4 AA/TT   -2.69    8.66    1.23   -2.65   10.69   -1.17
   5 AA/TT   -5.01    8.60    3.52   -4.92    8.90    1.80
   6 AA/TT   -0.37   10.13    0.60   -1.23    8.43   -1.36
   7 AC/GT   -3.25    8.73    1.40   -4.64    9.48   -0.54
   8 CG/CG   -2.76    9.87    0.78   -1.73    7.68    3.69
   9 GG/CC   -0.45    8.79   -0.62   -1.31   10.14    1.23
****************************************************************************
xyz coordinates of P atoms w.r.t. the middle frame of each dimer

    step       xI      yI      zI     xII     yII     zII
   1 GG/CC   -3.08    8.81   -0.56   -3.06    9.61    0.25
   2 GC/GC   -2.28    9.08    0.19   -3.53    9.04   -0.01
   3 CA/TG   -3.18    9.01    0.09   -3.34    9.10    0.41
   4 AA/TT   -3.68    8.89    0.95   -3.33    9.24   -0.77
   5 AA/TT   -3.14    8.38    2.21   -3.47    8.83   -0.15
   6 AA/TT   -2.62    8.97    0.66   -3.53    8.87   -1.46
   7 AC/GT   -3.10    8.77    0.47   -4.02    8.49   -1.06
   8 CG/CG   -3.15    8.54   -1.79   -2.75    8.67    0.98
   9 GG/CC   -2.39    8.89   -1.58   -3.06    9.28    0.67
****************************************************************************
xyz coordinates of P atoms w.r.t. the middle helix frame of each dimer

    step      xIH     yIH     zIH     xIIH    yIIH    zIIH
   1 GG/CC   -3.41    9.24   -0.42   -3.30    9.16   -0.52
   2 GC/GC   -2.06    9.12   -0.58   -3.33    8.96   -0.61
   3 CA/TG   -5.78    9.02    1.31   -5.50    8.61    2.85
   4 AA/TT   -3.92    8.08    0.63   -3.47    9.97   -2.18
   5 AA/TT   -6.10    8.57    2.50   -6.08    8.41    1.01
   6 AA/TT   -1.42    9.77   -0.39   -2.44    7.91   -2.04
   7 AC/GT   -4.27    8.43    0.37   -5.10    8.79   -1.78
   8 CG/CG   -3.36    9.30   -0.46   -2.89    7.76    2.77
   9 GG/CC   -1.75    8.48   -1.28   -2.28    9.68    0.20
****************************************************************************
xyz coordinates of P atoms

    bp        xI       yI       zI       xII      yII      zII
   1 G-C     ----     ----     ----    -9.727   12.370   -7.371
   2 G-C    -0.746   12.976    8.707   -4.549    8.728   -9.910
   3 C-G    -6.498    9.255    8.140    1.890    6.537   -9.322
   4 A-T   -10.693    5.687    3.687    6.931    3.248   -6.084
   5 A-T   -10.664    1.757   -1.975    9.380    0.720   -0.209
   6 A-T    -6.635   -2.387   -6.076    8.477   -2.975    5.986
   7 A-T    -1.203   -4.608   -8.958    4.194   -6.506    9.479
   8 C-G     5.894   -6.607   -7.731   -2.609   -9.786    8.754
   9 G-C    10.385   -7.185   -2.260   -6.150  -13.951    4.037
  10 G-C    11.792  -10.994    3.334    ----     ----     ---- 
*******************************************************************************************
Phosphorus-phosphorus distance in Angstroms

            1      2      3      4      5      6      7      8      9     10
            C      C      G      T      T      T      T      G      C      C   
   1 G    ----   ----   ----   ----   ----   ----   ----   ----   ----   ----
   2 G    18.4   19.5   19.3   19.3   18.2   18.6   20.1   22.8   27.9   ----
   3 C    16.1   18.2   19.6   20.5   19.9   19.5   19.1   19.4   23.6   ----
   4 A    13.0   15.2   18.1   20.3   21.0   21.2   20.1   18.2   20.2   ----
   5 A    11.9   12.2   15.3   18.1   20.1   21.3   20.5   17.7   17.4   ----
   6 A    15.1   11.9   12.8   14.7   17.3   19.3   19.4   17.1   15.4   ----
   7 A    19.1   13.8   11.6   11.7   14.7   17.9   19.3   18.5   16.8   ----
   8 C    24.6   18.7   13.8   10.0   11.1   14.4   17.3   18.8   18.4   ----
   9 G    28.5   23.1   17.6   11.6    8.2    9.5   13.3   17.2   18.9   ----
  10 G    33.5   28.8   23.8   17.8   12.5    9.1   10.8   15.4   18.2   ----
****************************************************************************
Strand I helix radius

    step          P        O4'       C1'
   1  G/G      10.26      7.54      6.93
   2  G/C       8.58      5.48      5.01
   3  C/A      11.80      8.63      8.20
   4  A/A       9.53      6.73      6.03
   5  A/A      10.12      8.00      7.33
   6  A/A       9.39      6.19      5.76
   7  A/C       7.61      5.28      4.50
   8  C/G      10.11      7.45      6.79
   9  G/G       7.97      4.99      4.48
****************************************************************************
Strand II helix radius

    step          P        O4'       C1'
   1  C/C       9.44      5.92      5.41
   2  C/G       8.83      5.68      5.14
   3  G/T      12.88     10.30      9.63
   4  T/T      10.11      6.71      6.38
   5  T/T      10.29      8.22      7.55
   6  T/T       8.30      5.14      4.67
   7  T/G       8.81      6.13      5.64
   8  G/C       8.38      5.99      5.23
   9  C/C       9.01      5.82      5.14
****************************************************************************************
Base-pair helix axis

               Ox      Oy      Oz     Xx    Xy    Xz   Yx    Yy    Yz    Zx    Zy    Zz
   1 GG/CC   -2.16   13.79   -1.07  0.66 -0.11 -0.75  0.75 -0.06  0.66 -0.12 -0.99  0.05
             -2.52   10.81   -0.93  0.98 -0.13 -0.17  0.17  0.02  0.98 -0.12 -0.99  0.05
   2 GC/GC   -2.94   10.84   -0.44  0.98  0.06 -0.18  0.18 -0.02  0.98  0.05 -1.00 -0.03
             -2.77    7.42   -0.54  0.86  0.03  0.51 -0.50 -0.05  0.86  0.05 -1.00 -0.03
   3 CA/TG   -0.33    7.87    0.70  0.86  0.19  0.47 -0.51  0.24  0.83  0.05 -0.95  0.30
             -0.22    5.58    1.42  0.49  0.28  0.82 -0.87  0.11  0.48  0.05 -0.95  0.30
   4 AA/TT   -2.19    4.66    0.19  0.53 -0.07  0.85 -0.84 -0.20  0.51  0.13 -0.98 -0.16
             -1.81    1.86   -0.27 -0.03 -0.17  0.99 -0.99 -0.13 -0.05  0.13 -0.98 -0.16
   5 AA/TT   -0.59    2.36    2.22 -0.04  0.12  0.99 -1.00  0.06 -0.05 -0.07 -0.99  0.12
             -0.82   -0.89    2.60 -0.64  0.14  0.75 -0.76 -0.02 -0.65 -0.07 -0.99  0.12
   6 AA/TT    2.15   -1.21   -0.23 -0.65  0.08  0.75 -0.75 -0.21 -0.62  0.11 -0.97  0.20
              2.49   -4.31    0.41 -0.98 -0.07  0.17 -0.15 -0.21 -0.96  0.11 -0.97  0.20
   7 AC/GT   -0.18   -4.95   -0.31 -0.95 -0.24  0.19 -0.16 -0.16 -0.97  0.26 -0.96  0.11
              0.86   -8.74    0.14 -0.84 -0.29 -0.46  0.47  0.03 -0.88  0.26 -0.96  0.11
   8 CG/CG    1.22   -8.57    1.44 -0.88 -0.11 -0.46  0.42  0.26 -0.87  0.21 -0.96 -0.19
              1.97  -11.96    0.79 -0.36  0.10 -0.93  0.91  0.26 -0.32  0.21 -0.96 -0.19
   9 GG/CC    3.33  -11.68    1.58 -0.33 -0.13 -0.93  0.94  0.07 -0.34  0.11 -0.99  0.10
              3.69  -15.01    1.93  0.35 -0.06 -0.94  0.93  0.14  0.34  0.11 -0.99  0.10
****************************************************************************************
Strand I helix axis

               Ox      Oy      Oz     Xx    Xy    Xz   Yx    Yy    Yz    Zx    Zy    Zz
   1  G/G    -1.80   13.61   -1.69  0.68 -0.10 -0.72  0.73  0.09  0.68 -0.00 -0.99  0.14
             -1.80   10.46   -1.25  0.99 -0.02 -0.16  0.16  0.14  0.98 -0.00 -0.99  0.14
   2  G/C    -2.83   10.54    0.42  0.98 -0.05 -0.16  0.16 -0.07  0.98 -0.07 -1.00 -0.06
             -3.05    7.16    0.21  0.85 -0.09  0.51 -0.52 -0.02  0.86 -0.07 -1.00 -0.06
   3  C/A    -0.07    7.43   -1.18  0.81  0.42  0.41 -0.52  0.18  0.84  0.27 -0.89  0.37
              0.50    5.56   -0.41  0.38  0.45  0.81 -0.88 -0.08  0.47  0.27 -0.89  0.37
   4  A/A    -1.56    4.76    0.37  0.48  0.03  0.88 -0.88 -0.03  0.48  0.04 -1.00  0.01
             -1.42    1.70    0.40 -0.08  0.01  1.00 -1.00 -0.05 -0.08  0.04 -1.00  0.01
   5  A/A    -0.92    2.03    1.72 -0.09  0.14  0.99 -1.00 -0.03 -0.09  0.01 -0.99  0.14
             -0.88   -0.96    2.13 -0.68  0.09  0.73 -0.73 -0.10 -0.67  0.01 -0.99  0.14
   6  A/A     2.35   -1.32   -0.91 -0.70  0.13  0.70 -0.70 -0.32 -0.64  0.14 -0.94  0.31
              2.79   -4.21    0.04 -0.99 -0.11  0.11 -0.06 -0.32 -0.94  0.14 -0.94  0.31
   7  A/C    -0.26   -5.81   -2.20 -0.79 -0.57  0.22 -0.07 -0.28 -0.96  0.61 -0.78  0.18
              2.04   -8.75   -1.51 -0.64 -0.61 -0.46  0.47  0.16 -0.87  0.61 -0.78  0.18
   8  C/G     0.78   -8.86    1.28 -0.86 -0.19 -0.47  0.39  0.34 -0.85  0.32 -0.92 -0.22
              1.83  -11.89    0.56 -0.39  0.08 -0.92  0.86  0.38 -0.33  0.32 -0.92 -0.22
   9  G/G     4.05  -11.42    1.05 -0.31 -0.24 -0.92  0.94  0.09 -0.34  0.16 -0.97  0.20
              4.63  -14.84    1.76  0.40 -0.12 -0.91  0.90  0.23  0.36  0.16 -0.97  0.20
****************************************************************************************
Strand II helix axis

               Ox      Oy      Oz     Xx    Xy    Xz   Yx    Yy    Yz    Zx    Zy    Zz
   1  C/C    -2.47   13.93   -0.60  0.61 -0.10 -0.78  0.76 -0.20  0.62 -0.22 -0.97 -0.04
             -3.09   11.19   -0.73  0.96 -0.21 -0.19  0.17 -0.08  0.98 -0.22 -0.97 -0.04
   2  C/G    -3.06   11.11   -1.28  0.97  0.16 -0.19  0.19  0.03  0.98  0.17 -0.99  0.00
             -2.51    7.78   -1.27  0.85  0.14  0.50 -0.49 -0.08  0.87  0.17 -0.99  0.00
   3  G/T    -1.10    7.98    3.24  0.85 -0.11  0.51 -0.47  0.28  0.84 -0.23 -0.95  0.19
             -1.63    5.84    3.67  0.52  0.04  0.85 -0.82  0.30  0.49 -0.23 -0.95  0.19
   4  T/T    -2.48    4.64    0.06  0.59 -0.13  0.80 -0.78 -0.34  0.52  0.21 -0.93 -0.31
             -1.94    2.19   -0.75 -0.00 -0.31  0.95 -0.98 -0.19 -0.07  0.21 -0.93 -0.31
   5  T/T    -0.27    2.63    2.82 -0.00  0.10  0.99 -0.99  0.15 -0.02 -0.15 -0.98  0.10
             -0.80   -0.82    3.17 -0.60  0.17  0.78 -0.78  0.06 -0.62 -0.15 -0.98  0.10
   6  T/T     1.92   -1.26    0.51 -0.61  0.02  0.79 -0.79 -0.11 -0.61  0.07 -0.99  0.08
              2.15   -4.45    0.78 -0.97 -0.05  0.23 -0.22 -0.10 -0.97  0.07 -0.99  0.08
   7  T/G     0.26   -4.37    1.68 -0.96  0.13  0.23 -0.23  0.00 -0.97 -0.13 -0.99  0.03
             -0.21   -7.94    1.77 -0.89  0.11 -0.45  0.44 -0.08 -0.89 -0.13 -0.99  0.03
   8  G/C     1.69   -8.36    1.70 -0.90 -0.01 -0.44  0.43  0.18 -0.88  0.09 -0.98 -0.16
              2.04  -12.06    1.10 -0.33  0.12 -0.94  0.94  0.14 -0.31  0.09 -0.98 -0.16
   9  C/C     2.54  -11.97    2.04 -0.33 -0.02 -0.94  0.94  0.05 -0.34  0.06 -1.00  0.00
              2.71  -15.07    2.05  0.31  0.02 -0.95  0.95  0.06  0.31  0.06 -1.00  0.00
