  10 # base-pairs
   1 # ***local base-pair & helical parameters***
#        Shear    Stretch   Stagger   Buckle   Prop-Tw   Opening     X-disp    Y-disp    h-Rise    Incl.     Tip     h-Twist
G-C      0.277     0.046     0.095    -2.806   -13.789     3.683     0.000     0.000     0.000     0.000     0.000     0.000
G-C      0.392    -0.056     0.573     1.621    -3.425     1.387    -0.279     0.472     3.011    -2.109     8.721    38.620
C-G      0.752    -0.200     0.555    -7.950    -4.321     0.933     0.223     0.060     3.431    -4.729    -1.662    40.610
A-T     -0.381    -0.028     0.237     8.034   -10.417     4.827    -2.553     0.158     2.406    12.106   -11.170    29.925
A-T     -0.039     0.068     0.659    17.789    -1.841     3.587    -0.382    -0.924     2.866    -5.951     9.304    34.259
A-T      0.236     0.050    -0.190    16.809    -8.086     4.376    -2.816     0.406     3.279     5.050    -7.335    37.756
A-T      0.805     0.074    -0.124    18.983   -17.673     5.612     1.290     0.840     3.180    -5.816    -4.346    40.227
C-G      0.440    -0.086     0.203   -12.102   -19.476     3.815    -1.278    -0.384     3.955    -2.604     5.441    38.657
G-C     -0.011     0.013    -0.270   -17.005   -11.269    -1.427    -0.321     0.598     3.525    11.329    -5.101    43.131
G-C      0.517     0.010     0.243   -25.435    -6.990     1.907     0.900    -0.427     3.366    -0.285     8.400    40.011
