  10 # base-pairs
   0 # ***local base-pair & step parameters***
#        Shear    Stretch   Stagger   Buckle   Prop-Tw   Opening     Shift     Slide     Rise      Tilt      Roll      Twist
G-C      0.277     0.046     0.095    -2.806   -13.789     3.683     0.000     0.000     0.000     0.000     0.000     0.000
G-C      0.392    -0.056     0.573     1.621    -3.425     1.387    -0.740    -0.288     2.927    -5.747    -1.390    38.182
C-G      0.752    -0.200     0.555    -7.950    -4.321     0.933     0.052    -0.111     3.433     1.152    -3.278    40.467
A-T     -0.381    -0.028     0.237     8.034   -10.417     4.827     0.393    -0.804     2.595     5.694     6.171    28.749
A-T     -0.039     0.068     0.659    17.789    -1.841     3.587     0.097    -0.512     2.879    -5.449    -3.486    33.661
A-T      0.236     0.050    -0.190    16.809    -8.086     4.376     0.144    -1.542     3.427     4.730     3.256    37.333
A-T      0.805     0.074    -0.124    18.983   -17.673     5.612    -0.347     0.578     3.283     2.982    -3.990    39.930
C-G      0.440    -0.086     0.203   -12.102   -19.476     3.815    -0.099    -1.015     3.922    -3.596    -1.721    38.459
G-C     -0.011     0.013    -0.270   -17.005   -11.269    -1.427    -0.146     0.417     3.533     3.725     8.272    42.211
G-C      0.517     0.010     0.243   -25.435    -6.990     1.907    -0.173     0.600     3.377    -5.729    -0.195    39.615
