****************************************************************************
CEHS base-pair parameters
     bp        Shear    Stretch   Stagger    Buckle  Propeller  Opening
    1 G-C       0.28      0.05      0.10     -2.80    -13.80      3.66
    2 G-C       0.39     -0.06      0.57      1.62     -3.43      1.39
    3 C-G       0.75     -0.20      0.56     -7.95     -4.33      0.93
    4 A-T      -0.38     -0.03      0.24      8.03    -10.44      4.80
    5 A-T      -0.04      0.07      0.66     17.79     -1.86      3.56
    6 A-T       0.24      0.05     -0.19     16.80     -8.15      4.33
    7 A-T       0.81      0.06     -0.13     18.91    -17.86      5.49
    8 C-G       0.44     -0.08      0.20    -12.05    -19.56      3.75
    9 G-C      -0.01      0.01     -0.27    -16.98    -11.35     -1.41
   10 G-C       0.52      0.01      0.24    -25.42     -7.11      1.87
          ~~~~~~~~~~~~~~~~~~~~~~~~~~~~~~~~~~~~~~~~~~~~~~~~~~~~~~~~~~~~
      ave.      0.30     -0.01      0.20     -0.20     -9.79      2.84
      s.d.      0.37      0.08      0.33     15.54      5.99      2.10
****************************************************************************
CEHS base-pair step parameters
    step       Shift     Slide      Rise      Tilt      Roll     Twist
   1 GG/CC     -0.74     -0.29      2.93     -5.56     -1.50     38.27
   2 GC/GC      0.05     -0.11      3.43      1.15     -3.27     40.38
   3 CA/TG      0.40     -0.81      2.59      5.52      6.01     29.01
   4 AA/TT      0.10     -0.52      2.88     -5.21     -3.60     33.55
   5 AA/TT      0.15     -1.55      3.42      4.72      3.16     37.55
   6 AA/TT     -0.33      0.57      3.29      2.82     -4.29     40.34
   7 AC/GT     -0.10     -1.04      3.91     -3.45     -1.64     37.19
   8 CG/CG     -0.16      0.41      3.53      4.01      8.07     42.32
   9 GG/CC     -0.18      0.60      3.38     -5.87     -0.08     39.64
          ~~~~~~~~~~~~~~~~~~~~~~~~~~~~~~~~~~~~~~~~~~~~~~~~~~~~~~~~~~~~
      ave.     -0.09     -0.31      3.26     -0.21      0.32     37.58
      s.d.      0.32      0.75      0.40      4.77      4.43      4.07
****************************************************************************
CompDNA base-pair parameters
     bp        Shear    Stretch   Stagger    Buckle  Propeller  Opening
    1 G-C       0.28      0.05      0.09     -2.78    -13.79      3.66
    2 G-C       0.39     -0.06      0.57      1.62     -3.42      1.39
    3 C-G       0.75     -0.20      0.56     -7.94     -4.33      0.93
    4 A-T      -0.38     -0.03      0.24      7.99    -10.43      4.82
    5 A-T      -0.04      0.07      0.66     17.79     -1.86      3.63
    6 A-T       0.24      0.05     -0.19     16.75     -8.14      4.41
    7 A-T       0.81      0.06     -0.12     18.68    -17.83      5.62
    8 C-G       0.44     -0.08      0.20    -11.87    -19.55      3.78
    9 G-C      -0.01      0.01     -0.27    -16.89    -11.35     -1.44
   10 G-C       0.52      0.01      0.24    -25.37     -7.11      1.95
          ~~~~~~~~~~~~~~~~~~~~~~~~~~~~~~~~~~~~~~~~~~~~~~~~~~~~~~~~~~~~
      ave.      0.30     -0.01      0.20     -0.20     -9.78      2.88
      s.d.      0.37      0.08      0.33     15.47      5.98      2.14
****************************************************************************
CompDNA base-pair step parameters
    step       Shift     Slide      Rise      Tilt      Roll     Twist
   1 GG/CC     -0.74     -0.29      2.93     -5.75     -1.39     38.32
   2 GC/GC      0.05     -0.11      3.43      1.15     -3.28     40.37
   3 CA/TG      0.39     -0.80      2.59      5.69      6.17     29.00
   4 AA/TT      0.10     -0.51      2.88     -5.45     -3.48     33.57
   5 AA/TT      0.14     -1.54      3.43      4.74      3.24     37.57
   6 AA/TT     -0.34      0.58      3.28      2.94     -4.02     40.36
   7 AC/GT     -0.10     -1.02      3.92     -3.60     -1.71     37.22
   8 CG/CG     -0.15      0.42      3.53      3.65      8.30     42.22
   9 GG/CC     -0.18      0.60      3.38     -5.73     -0.24     39.69
          ~~~~~~~~~~~~~~~~~~~~~~~~~~~~~~~~~~~~~~~~~~~~~~~~~~~~~~~~~~~~
      ave.     -0.09     -0.30      3.26     -0.26      0.40     37.59
      s.d.      0.32      0.75      0.40      4.82      4.47      4.06
****************************************************************************
Curves base-pair parameters (by Xiang-Jun Lu)
     bp        Shear    Stretch   Stagger    Buckle  Propeller  Opening
    1 G-C       0.28      0.05      0.10     -2.84    -13.78      3.68
    2 G-C       0.39     -0.06      0.57      1.62     -3.42      1.39
    3 C-G       0.75     -0.20      0.56     -7.96     -4.31      0.93
    4 A-T      -0.38     -0.03      0.24      8.09    -10.38      4.83
    5 A-T      -0.04      0.07      0.67     17.79     -1.81      3.59
    6 A-T       0.24      0.05     -0.19     16.88     -7.97      4.38
    7 A-T       0.80      0.08     -0.13     19.36    -17.35      5.61
    8 C-G       0.44     -0.09      0.21    -12.40    -19.33      3.81
    9 G-C      -0.01      0.01     -0.27    -17.14    -11.10     -1.43
   10 G-C       0.52      0.01      0.25    -25.51     -6.76      1.91
          ~~~~~~~~~~~~~~~~~~~~~~~~~~~~~~~~~~~~~~~~~~~~~~~~~~~~~~~~~~~~
      ave.      0.30     -0.01      0.20     -0.21     -9.62      2.87
      s.d.      0.37      0.09      0.33     15.68      5.89      2.14
****************************************************************************
Curves base-pair step parameters
    step       Shift     Slide      Rise      Tilt      Roll     Twist
   1 GG/CC     -0.74     -0.29      2.93     -5.75     -1.38     38.08
   2 GC/GC      0.05     -0.11      3.43      1.15     -3.28     40.55
   3 CA/TG      0.39     -0.80      2.60      5.70      6.17     28.49
   4 AA/TT      0.10     -0.51      2.88     -5.45     -3.49     33.77
   5 AA/TT      0.15     -1.54      3.43      4.72      3.27     37.11
   6 AA/TT     -0.35      0.57      3.29      3.02     -3.96     39.49
   7 AC/GT     -0.10     -1.02      3.92     -3.59     -1.73     39.72
   8 CG/CG     -0.14      0.42      3.54      3.81      8.24     42.11
   9 GG/CC     -0.17      0.60      3.38     -5.73     -0.15     39.58
          ~~~~~~~~~~~~~~~~~~~~~~~~~~~~~~~~~~~~~~~~~~~~~~~~~~~~~~~~~~~~
      ave.     -0.09     -0.30      3.27     -0.23      0.41     37.66
      s.d.      0.33      0.75      0.40      4.84      4.45      4.17
****************************************************************************
FreeHelix base-pair parameters (by Xiang-Jun Lu)
     bp        Shear    Stretch   Stagger    Buckle  Propeller  Opening
    1 G-C       0.28      0.05      0.09     -2.80    -13.80      3.66
    2 G-C       0.39     -0.06      0.57      1.62     -3.43      1.39
    3 C-G       0.75     -0.20      0.56     -7.95     -4.34      0.93
    4 A-T      -0.38     -0.03      0.24      8.02    -10.46      4.82
    5 A-T      -0.04      0.07      0.66     17.79     -1.88      3.63
    6 A-T       0.24      0.05     -0.19     16.79     -8.23      4.41
    7 A-T       0.81      0.06     -0.12     18.91    -18.08      5.62
    8 C-G       0.44     -0.08      0.20    -12.04    -19.65      3.78
    9 G-C      -0.01      0.01     -0.27    -16.98    -11.48     -1.44
   10 G-C       0.52      0.01      0.24    -25.42     -7.29      1.95
          ~~~~~~~~~~~~~~~~~~~~~~~~~~~~~~~~~~~~~~~~~~~~~~~~~~~~~~~~~~~~
      ave.      0.30     -0.01      0.20     -0.21     -9.86      2.88
      s.d.      0.37      0.08      0.33     15.54      6.03      2.14
****************************************************************************
FreeHelix base-pair step parameters
    step       Shift     Slide      Rise      Tilt      Roll     Twist
   1 GG/CC     -0.74     -0.29      2.93     -5.75     -1.40     38.32
   2 GC/GC      0.05     -0.11      3.43      1.15     -3.28     40.37
   3 CA/TG      0.39     -0.80      2.59      5.70      6.18     29.00
   4 AA/TT      0.10     -0.51      2.88     -5.46     -3.48     33.57
   5 AA/TT      0.14     -1.54      3.43      4.74      3.25     37.58
   6 AA/TT     -0.34      0.58      3.28      2.95     -4.02     40.36
   7 AC/GT     -0.10     -1.02      3.92     -3.60     -1.72     37.22
   8 CG/CG     -0.15      0.42      3.53      3.65      8.31     42.22
   9 GG/CC     -0.18      0.60      3.38     -5.73     -0.24     39.69
          ~~~~~~~~~~~~~~~~~~~~~~~~~~~~~~~~~~~~~~~~~~~~~~~~~~~~~~~~~~~~
      ave.     -0.09     -0.30      3.26     -0.26      0.40     37.59
      s.d.      0.32      0.75      0.40      4.82      4.48      4.06
****************************************************************************
NGEOM base-pair parameters
     bp        Shear    Stretch   Stagger    Buckle  Propeller  Opening
    1 G-C       0.28      0.05      0.10     -2.81    -13.79      3.68
    2 G-C       0.39     -0.06      0.57      1.62     -3.42      1.39
    3 C-G       0.75     -0.20      0.56     -7.95     -4.32      0.93
    4 A-T      -0.38     -0.03      0.24      8.03    -10.42      4.83
    5 A-T      -0.04      0.07      0.66     17.79     -1.84      3.59
    6 A-T       0.24      0.05     -0.19     16.81     -8.09      4.38
    7 A-T       0.80      0.07     -0.13     18.98    -17.67      5.61
    8 C-G       0.44     -0.09      0.20    -12.10    -19.48      3.81
    9 G-C      -0.01      0.01     -0.27    -17.01    -11.27     -1.43
   10 G-C       0.52      0.01      0.24    -25.44     -6.99      1.91
          ~~~~~~~~~~~~~~~~~~~~~~~~~~~~~~~~~~~~~~~~~~~~~~~~~~~~~~~~~~~~
      ave.      0.30     -0.01      0.20     -0.21     -9.73      2.87
      s.d.      0.37      0.09      0.33     15.56      5.95      2.14
****************************************************************************
NGEOM base-pair step parameters
    step       Shift     Slide      Rise      Tilt      Roll     Twist
   1 GG/CC     -0.76     -0.29      2.92     -5.75     -1.39     38.18
   2 GC/GC      0.06     -0.13      3.43      1.15     -3.28     40.47
   3 CA/TG      0.41     -0.79      2.60      5.69      6.17     28.75
   4 AA/TT      0.08     -0.52      2.88     -5.45     -3.49     33.66
   5 AA/TT      0.17     -1.53      3.43      4.73      3.26     37.33
   6 AA/TT     -0.33      0.56      3.29      2.98     -3.99     39.93
   7 AC/GT     -0.12     -1.03      3.92     -3.60     -1.72     38.46
   8 CG/CG     -0.12      0.46      3.53      3.72      8.27     42.21
   9 GG/CC     -0.20      0.60      3.38     -5.73     -0.19     39.62
          ~~~~~~~~~~~~~~~~~~~~~~~~~~~~~~~~~~~~~~~~~~~~~~~~~~~~~~~~~~~~
      ave.     -0.09     -0.30      3.26     -0.25      0.40     37.62
      s.d.      0.33      0.75      0.40      4.83      4.46      4.09
****************************************************************************
NUPARM base-pair parameters
     bp        Shear    Stretch   Stagger    Buckle  Propeller  Opening
    1 G-C       0.28      0.05      0.10     -2.80    -13.79      3.66
    2 G-C       0.39     -0.06      0.57      1.62     -3.42      1.39
    3 C-G       0.75     -0.20      0.56     -7.95     -4.32      0.93
    4 A-T      -0.38     -0.03      0.24      8.03    -10.42      4.80
    5 A-T      -0.04      0.07      0.66     17.80     -1.83      3.54
    6 A-T       0.23      0.05     -0.19     16.81     -8.06      4.32
    7 A-T       0.80      0.06     -0.13     18.93    -17.61      5.47
    8 C-G       0.44     -0.08      0.20    -12.05    -19.45      3.74
    9 G-C      -0.01      0.01     -0.27    -16.98    -11.23     -1.40
   10 G-C       0.52      0.01      0.24    -25.42     -6.93      1.86
          ~~~~~~~~~~~~~~~~~~~~~~~~~~~~~~~~~~~~~~~~~~~~~~~~~~~~~~~~~~~~
      ave.      0.30     -0.01      0.20     -0.20     -9.71      2.83
      s.d.      0.37      0.08      0.33     15.55      5.94      2.10
****************************************************************************
NUPARM base-pair step parameters
    step       Shift     Slide      Rise      Tilt      Roll     Twist
   1 GG/CC     -0.79     -0.31      2.91     -5.89     -1.61     38.22
   2 GC/GC      0.06     -0.15      3.43      1.22     -3.47     40.36
   3 CA/TG      0.43     -0.77      2.60      5.71      6.11     28.93
   4 AA/TT      0.07     -0.54      2.87     -5.38     -3.83     33.51
   5 AA/TT      0.21     -1.52      3.44      5.07      3.35     37.49
   6 AA/TT     -0.30      0.52      3.30      3.13     -4.57     40.29
   7 AC/GT     -0.13     -1.06      3.91     -3.63     -1.42     37.17
   8 CG/CG     -0.10      0.51      3.52      4.27      8.43     42.19
   9 GG/CC     -0.23      0.60      3.37     -6.25      0.16     39.58
          ~~~~~~~~~~~~~~~~~~~~~~~~~~~~~~~~~~~~~~~~~~~~~~~~~~~~~~~~~~~~
      ave.     -0.09     -0.30      3.26     -0.19      0.35     37.53
      s.d.      0.35      0.75      0.40      5.04      4.62      4.06
****************************************************************************
NUPARM base-pair helical parameters
    step       X-disp    Y-disp   h-Rise     Incl.       Tip   h-Twist
   1 GG/CC     -0.27      0.50      3.01     -2.31      8.43     38.69
   2 GC/GC      0.22      0.06      3.43     -4.68     -1.65     40.52
   3 CA/TG     -2.61      0.07      2.42     11.65    -10.69     30.12
   4 AA/TT     -0.39     -0.92      2.87     -6.19      8.77     34.13
   5 AA/TT     -2.83      0.36      3.28      4.89     -7.38     37.96
   6 AA/TT      1.31      0.81      3.18     -6.40     -4.36     40.67
   7 AC/GT     -1.45     -0.40      3.94     -1.96      5.32     37.37
   8 CG/CG     -0.29      0.66      3.53     10.87     -5.60     43.21
   9 GG/CC      0.87     -0.45      3.36      0.09      8.62     40.06
          ~~~~~~~~~~~~~~~~~~~~~~~~~~~~~~~~~~~~~~~~~~~~~~~~~~~~~~~~~~~~
      ave.     -0.60      0.08      3.22      0.66      0.16     38.08
      s.d.      1.44      0.57      0.43      6.93      7.68      3.92
****************************************************************************
RNA base-pair parameters
     bp        Shear    Stretch   Stagger    Buckle  Propeller  Opening
    1 G-C       0.28      0.04      0.09     -2.81    -13.79      3.66
    2 G-C       0.39     -0.06      0.57      1.62     -3.42      1.39
    3 C-G       0.76     -0.21      0.55     -7.95     -4.32      0.93
    4 A-T      -0.39     -0.04      0.23      8.04    -10.42      4.81
    5 A-T      -0.04      0.02      0.66     17.79     -1.84      3.56
    6 A-T       0.22      0.01     -0.20     16.81     -8.09      4.34
    7 A-T       0.76      0.02     -0.14     18.99    -17.68      5.52
    8 C-G       0.47     -0.11      0.19    -12.10    -19.48      3.76
    9 G-C       0.01     -0.03     -0.27    -17.01    -11.27     -1.41
   10 G-C       0.54     -0.08      0.24    -25.44     -6.99      1.87
          ~~~~~~~~~~~~~~~~~~~~~~~~~~~~~~~~~~~~~~~~~~~~~~~~~~~~~~~~~~~~
      ave.      0.30     -0.04      0.19     -0.21     -9.73      2.84
      s.d.      0.37      0.08      0.33     15.57      5.95      2.11
****************************************************************************
RNA base-pair step parameters
    step       Shift     Slide      Rise      Tilt      Roll     Twist
   1 GG/CC     -0.73     -0.32      2.99     -5.76     -1.48     38.14
   2 GC/GC      0.07     -0.14      3.28      1.17     -3.33     40.45
   3 CA/TG      0.35     -0.81      2.85      5.67      6.11     28.70
   4 AA/TT      0.09     -0.55      3.03     -5.37     -3.63     33.63
   5 AA/TT      0.18     -1.59      3.42      4.85      3.26     37.29
   6 AA/TT     -0.36      0.48      3.32      3.05     -4.24     39.88
   7 AC/GT     -0.09     -1.08      3.43     -3.57     -1.56     38.44
   8 CG/CG     -0.08      0.46      3.45      3.98      8.27     42.13
   9 GG/CC     -0.25      0.56      3.25     -5.93     -0.04     39.58
          ~~~~~~~~~~~~~~~~~~~~~~~~~~~~~~~~~~~~~~~~~~~~~~~~~~~~~~~~~~~~
      ave.     -0.09     -0.33      3.22     -0.21      0.37     37.58
      s.d.      0.32      0.75      0.22      4.90      4.50      4.09
****************************************************************************
RNA base-pair helical parameters
    step       X-disp    Y-disp   h-Rise     Incl.       Tip   h-Twist
   1 GG/CC     -0.31      0.42      3.07     -2.21      8.59     38.61
   2 GC/GC      0.19      0.04      3.28     -4.71     -1.66     40.61
   3 CA/TG     -2.68      0.34      2.64     11.87    -11.02     29.89
   4 AA/TT     -0.38     -0.96      3.02     -6.10      9.04     34.25
   5 AA/TT     -2.91      0.39      3.26      4.97     -7.39     37.75
   6 AA/TT      1.20      0.88      3.21     -6.06     -4.35     40.22
   7 AC/GT     -1.43     -0.35      3.46     -2.32      5.30     38.64
   8 CG/CG     -0.28      0.55      3.46     11.07     -5.33     43.12
   9 GG/CC      0.83     -0.34      3.25     -0.06      8.51     40.02
          ~~~~~~~~~~~~~~~~~~~~~~~~~~~~~~~~~~~~~~~~~~~~~~~~~~~~~~~~~~~~
      ave.     -0.64      0.11      3.18      0.72      0.19     38.12
      s.d.      1.43      0.57      0.25      6.98      7.76      3.92
****************************************************************************
Strand I base step parameters
    step       Shift     Slide      Rise      Tilt      Roll     Twist
   1  G/G      -1.65     -0.25      3.18     -0.77      3.39     37.25
   2  G/C      -0.84     -0.10      3.36     -2.09     -4.87     40.13
   3  C/A      -0.90     -0.67      2.91     15.50      2.90     30.00
   4  A/A      -0.67     -0.20      3.14      1.17      4.39     33.07
   5  A/A      -0.75     -1.05      3.38      6.14      5.66     36.75
   6  A/A      -0.91      1.27      3.43      8.47     -2.81     40.40
   7  A/C      -0.76     -0.78      3.72    -12.31     -0.94     39.02
   8  C/G      -1.10      0.14      3.56      7.21      6.90     39.77
   9  G/G      -0.92     -0.01      3.47     -6.75     -5.49     41.24
          ~~~~~~~~~~~~~~~~~~~~~~~~~~~~~~~~~~~~~~~~~~~~~~~~~~~~~~~~~~~~
      ave.     -0.95     -0.18      3.35      1.84      1.01     37.51
      s.d.      0.29      0.67      0.24      8.47      4.64      3.76
****************************************************************************
Strand I base helical parameters
    step       X-disp    Y-disp   h-Rise     Incl.       Tip   h-Twist
   1  G/G      -0.83      0.66      3.18      5.19      1.18     37.42
   2  G/C       0.44     -0.84      3.39     -6.91      2.97     40.48
   3  C/A      -1.54      1.82      2.10      5.09    -27.26     33.89
   4  A/A      -1.06     -0.45      3.06      7.55     -2.02     33.38
   5  A/A      -2.37      0.18      3.02      8.68     -9.41     37.69
   6  A/A       2.11      0.43      3.07     -3.92    -11.82     41.37
   7  A/C      -1.00     -2.37      3.80     -1.34     17.50     40.92
   8  C/G      -0.64      0.63      3.28      9.74    -10.17     41.01
   9  G/G       0.63     -1.32      3.54     -7.51      9.24     42.15
          ~~~~~~~~~~~~~~~~~~~~~~~~~~~~~~~~~~~~~~~~~~~~~~~~~~~~~~~~~~~~
      ave.     -0.47     -0.14      3.16      1.84     -3.31     38.70
      s.d.      1.34      1.25      0.47      6.81     13.14      3.29
****************************************************************************
Strand II base step parameters
    step       Shift     Slide      Rise      Tilt      Roll     Twist
   1  C/C       0.20     -0.36      2.95    -10.71     -6.45     38.72
   2  C/G       0.98     -0.16      3.29      4.41     -1.76     40.86
   3  G/T       1.61     -0.89      2.95     -4.13      9.09     26.83
   4  T/T       0.86     -0.82      2.96    -11.62    -11.87     32.99
   5  T/T       1.12     -2.12      3.46      3.63      0.78     37.40
   6  T/T       0.26     -0.20      3.23     -2.20     -5.75     38.53
   7  T/G       0.64     -1.30      3.49      5.16     -1.83     39.41
   8  G/C       0.90      0.84      3.66      0.45      9.88     43.83
   9  C/C       0.44      1.08      3.07     -4.92      4.99     37.01
          ~~~~~~~~~~~~~~~~~~~~~~~~~~~~~~~~~~~~~~~~~~~~~~~~~~~~~~~~~~~~
      ave.      0.78     -0.44      3.23     -2.21     -0.33     37.29
      s.d.      0.45      1.00      0.27      6.24      7.30      4.89
****************************************************************************
Strand II base helical parameters
    step       X-disp    Y-disp   h-Rise     Incl.       Tip   h-Twist
   1  C/C       0.16      0.41      2.81     -9.23     15.33     40.69
   2  C/G      -0.03      0.92      3.38     -2.45     -6.15     41.13
   3  G/T      -3.52     -2.24      2.25     18.59      8.45     28.63
   4  T/T       0.20     -1.02      2.63    -19.10     18.69     36.94
   5  T/T      -3.40      0.59      3.51      1.18     -5.55     37.58
   6  T/T       0.42      1.14      3.21     -8.48      3.24     39.02
   7  T/G      -1.66      1.55      3.60     -2.64     -7.45     39.79
   8  G/C       0.02      0.68      3.77     12.70     -0.57     44.93
   9  C/C       1.04      0.50      3.11      7.63      7.53     37.67
          ~~~~~~~~~~~~~~~~~~~~~~~~~~~~~~~~~~~~~~~~~~~~~~~~~~~~~~~~~~~~
      ave.     -0.75      0.28      3.14     -0.20      3.72     38.49
      s.d.      1.69      1.18      0.50     11.73      9.50      4.42
