Local base-pair parameters
     bp        Shear    Stretch   Stagger    Buckle  Propeller  Opening
    1 C-G       0.14     -0.18      0.04     -2.79     -5.71     -0.83
    2 A-T      -0.04     -0.18      0.10      0.14     -6.66      6.14
    3 T-A      -0.12     -0.12      0.13     -1.11     -8.78      3.77
    4 G-C      -0.19     -0.13      0.13      0.46     -8.48      0.70
    5 G-C      -0.19     -0.17     -0.01     -6.62    -11.68     -3.10
    6 G-C      -0.28     -0.12      0.09     -7.52     -7.99      0.38
    7 C-G       0.14     -0.11      0.10      6.92     -7.53     -2.67
    8 C-G       0.05     -0.14     -0.02      9.41    -12.58     -0.31
    9 C-G       0.23     -0.15      0.01      4.31     -9.12      1.12
   10 A-T       0.07     -0.18      0.04     -0.82     -7.75      4.99
   11 T-A      -0.01     -0.13      0.04      2.10     -1.92      2.36
   12 G-C      -0.26     -0.07      0.32     23.52      7.00     -0.88


