Local base-pair step parameters
    step       Shift     Slide      Rise      Tilt      Roll     Twist
   1 CA/TG      0.72     -1.37      3.16      0.34      6.34     32.11
   2 AT/AT      0.05     -2.01      3.41     -0.13     -0.26     33.43
   3 TG/CA     -0.60     -1.80      3.15     -0.95      3.74     27.20
   4 GG/CC     -0.40     -1.50      3.48      0.60      2.41     33.57
   5 GG/CC      0.47     -1.71      3.22      1.35      4.25     32.60
   6 GC/GC     -0.53     -0.84      2.99     -0.27      4.83     30.23
   7 CC/GG      0.33     -1.27      3.19      0.17      2.69     32.74
   8 CC/GG      0.13     -1.55      3.47     -1.62      2.16     33.50
   9 CA/TG      0.34     -1.60      3.35     -1.11      5.21     30.21
  10 AT/AT     -0.38     -2.00      3.34     -0.80     -1.97     32.41
  11 TG/CA     -1.16     -1.59      2.84     -2.44     10.49     22.24
