Local base-pair helical parameters
    step       X-disp    Y-disp   h-Rise     Incl.       Tip   h-Twist
   1 CA/TG     -3.45     -1.23      2.85     11.32     -0.61     32.71
   2 AT/AT     -3.45     -0.12      3.42     -0.45      0.23     33.43
   3 TG/CA     -4.64      1.05      2.90      7.90      2.01     27.47
   4 GG/CC     -3.01      0.80      3.36      4.16     -1.03     33.66
   5 GG/CC     -3.72     -0.61      3.00      7.53     -2.39     32.89
   6 GC/GC     -2.45      0.96      2.83      9.19      0.51     30.60
   7 CC/GG     -2.68     -0.55      3.08      4.76     -0.30     32.85
   8 CC/GG     -3.05     -0.49      3.35      3.74      2.81     33.60
   9 CA/TG     -4.04     -0.86      3.02      9.89      2.10     30.66
  10 AT/AT     -3.22      0.53      3.46     -3.52      1.42     32.48
  11 TG/CA     -6.22      2.13      2.01     25.39      5.91     24.68
