Reference frame: Origins (Ox, Oy, Oz) followed by the direction cosines of the
                 X- (Xx, Yx, Zx), Y- (Yx, Yx, Yx), and Z- (Zx, Zx, Zx) axes
*****************************************************************************************
Local base-pair reference frames
                Ox      Oy      Oz     Xx    Xy    Xz   Yx    Yy    Yz    Zx    Zy    Zz
   1 C-G      -0.68   12.64   13.75 -0.76 -0.63  0.16 -0.50  0.72  0.48 -0.42  0.28 -0.86
   2 T-A      -0.94   12.05   10.05 -0.88 -0.25  0.41 -0.07  0.92  0.39 -0.48  0.32 -0.82
   3 A-T      -2.27   11.69    7.05 -0.70  0.16  0.69  0.34  0.93  0.13 -0.62  0.33 -0.71
   4 C-G      -5.51   11.78    5.37 -0.34  0.65  0.67  0.67  0.67 -0.31 -0.66  0.34 -0.67
   5 G-C      -9.06   12.14    4.20  0.12  0.78  0.61  0.73  0.35 -0.59 -0.68  0.51 -0.53
   6 C-G     -12.26   13.25    3.12  0.59  0.77  0.24  0.50 -0.12 -0.86 -0.63  0.63 -0.45
   7 G-C     -13.95   16.82    3.65  0.88  0.47 -0.02  0.19 -0.39 -0.90 -0.43  0.79 -0.44
   8 C-G     -15.80   20.53    4.70  0.95  0.15 -0.28 -0.16 -0.53 -0.83 -0.28  0.83 -0.48
   9 G-C     -14.49   24.17    3.29  0.68 -0.42 -0.60 -0.73 -0.28 -0.62  0.09  0.86 -0.50
  10 T-A     -13.69   27.34    2.82  0.22 -0.58 -0.78 -0.97 -0.05 -0.24  0.10  0.81 -0.57
  11 A-T     -12.20   28.87    0.29 -0.29 -0.75 -0.59 -0.95  0.28  0.12  0.08  0.60 -0.80
  12 G-C     -10.77   29.49   -2.86 -0.74 -0.49 -0.46 -0.66  0.66  0.36  0.12  0.57 -0.81
*****************************************************************************************
Local middle reference frames
                Ox      Oy      Oz     Xx    Xy    Xz   Yx    Yy    Yz    Zx    Zy    Zz
   1 CT/AG    -0.81   12.35   11.90 -0.84 -0.45  0.29 -0.29  0.84  0.46 -0.45  0.30 -0.84
   2 TA/TA    -1.60   11.87    8.55 -0.82 -0.04  0.57  0.15  0.95  0.29 -0.55  0.32 -0.77
   3 AC/GT    -3.89   11.74    6.21 -0.55  0.43  0.72  0.54  0.84 -0.09 -0.64  0.33 -0.69
   4 CG/CG    -7.28   11.96    4.79 -0.12  0.74  0.66  0.73  0.52 -0.45 -0.67  0.43 -0.60
   5 GC/GC   -10.66   12.69    3.66  0.37  0.81  0.45  0.66  0.11 -0.75 -0.65  0.57 -0.49
   6 CG/CG   -13.10   15.04    3.38  0.76  0.64  0.11  0.37 -0.28 -0.89 -0.54  0.72 -0.45
   7 GC/GC   -14.88   18.68    4.17  0.93  0.32 -0.16  0.02 -0.49 -0.87 -0.36  0.81 -0.46
   8 CG/CG   -15.14   22.35    4.00  0.88 -0.17 -0.45 -0.47 -0.48 -0.74 -0.09  0.86 -0.50
   9 GT/AC   -14.09   25.75    3.05  0.47 -0.51 -0.72 -0.88 -0.18 -0.44  0.10  0.84 -0.54
  10 TA/TA   -12.94   28.11    1.55 -0.04 -0.69 -0.72 -1.00  0.09 -0.04  0.09  0.71 -0.69
  11 AG/CT   -11.48   29.18   -1.28 -0.54 -0.65 -0.54 -0.84  0.48  0.25  0.10  0.59 -0.80
*****************************************************************************************
Local middle helical reference frames
                Ox      Oy      Oz     Xx    Xy    Xz   Yx    Yy    Yz    Zx    Zy    Zz
   1 CT/AG    -5.07   10.05   12.56 -0.90 -0.40  0.18 -0.25  0.80  0.54 -0.36  0.44 -0.82
   2 TA/TA    -5.44   11.04   10.35 -0.84 -0.02  0.55  0.32  0.78  0.53 -0.44  0.62 -0.65
   3 AC/GT    -4.88   13.64    8.22 -0.54  0.42  0.73  0.59  0.81 -0.03 -0.60  0.41 -0.68
   4 CG/CG    -8.14   16.71    8.84 -0.13  0.76  0.64  0.95  0.27 -0.12 -0.27  0.60 -0.76
   5 GC/GC   -10.55   15.14    5.86  0.39  0.80  0.46  0.79 -0.03 -0.61 -0.48  0.60 -0.64
   6 CG/CG    -6.75   18.13    2.84  0.75  0.65  0.10  0.59 -0.60 -0.54 -0.30  0.47 -0.83
   7 GC/GC    -6.96   22.87    3.32  0.92  0.35 -0.19  0.17 -0.77 -0.62 -0.37  0.54 -0.76
   8 CG/CG   -12.13   20.78    2.76  0.90 -0.34 -0.29 -0.44 -0.79 -0.44 -0.08  0.52 -0.85
   9 GT/AC   -11.53   24.86    1.34  0.47 -0.46 -0.76 -0.88 -0.32 -0.35 -0.08  0.83 -0.55
  10 TA/TA   -14.28   24.81   -1.24 -0.04 -0.67 -0.74 -0.90 -0.30  0.32 -0.43  0.68 -0.59
  11 AG/CT   -13.49   27.19   -2.59 -0.54 -0.71 -0.45 -0.84  0.48  0.26  0.04  0.52 -0.85
*****************************************************************************************
Local strand I base reference frames
                Ox      Oy      Oz     Xx    Xy    Xz   Yx    Yy    Yz    Zx    Zy    Zz
   1 C        -0.70   12.59   13.63 -0.78 -0.61  0.11 -0.48  0.71  0.51 -0.39  0.35 -0.85
   2 T        -0.98   12.03    9.84 -0.92 -0.21  0.34 -0.07  0.93  0.37 -0.39  0.32 -0.86
   3 A        -2.36   11.65    6.95 -0.79  0.20  0.58  0.31  0.95  0.08 -0.54  0.24 -0.81
   4 C        -5.59   11.84    5.40 -0.43  0.71  0.56  0.64  0.68 -0.36 -0.64  0.20 -0.74
   5 G        -9.17   12.06    4.13  0.10  0.82  0.56  0.72  0.33 -0.61 -0.69  0.46 -0.56
   6 C       -12.19   13.23    3.26  0.53  0.83  0.19  0.48 -0.11 -0.87 -0.70  0.55 -0.45
   7 G       -14.00   16.86    3.68  0.87  0.49 -0.04  0.18 -0.39 -0.90 -0.46  0.78 -0.43
   8 C       -15.71   20.54    4.79  0.93  0.20 -0.31 -0.18 -0.49 -0.85 -0.33  0.85 -0.42
   9 G       -14.56   24.03    3.48  0.66 -0.32 -0.68 -0.74 -0.43 -0.52 -0.13  0.84 -0.52
  10 T       -13.63   27.37    2.92  0.23 -0.52 -0.82 -0.97 -0.11 -0.20  0.01  0.85 -0.53
  11 A       -12.13   28.90    0.08 -0.27 -0.68 -0.68 -0.96  0.25  0.13  0.09  0.69 -0.72
  12 G       -10.66   29.63   -3.05 -0.71 -0.45 -0.53 -0.66  0.68  0.31  0.23  0.57 -0.79
*****************************************************************************************
Local strand II base reference frames
                Ox      Oy      Oz     Xx    Xy    Xz   Yx    Yy    Yz    Zx    Zy    Zz
   1 G        -0.66   12.70   13.86 -0.73 -0.65  0.21 -0.52  0.73  0.45 -0.44  0.22 -0.87
   2 A        -0.89   12.07   10.26 -0.83 -0.29  0.48 -0.07  0.91  0.42 -0.56  0.31 -0.77
   3 T        -2.18   11.74    7.14 -0.60  0.12  0.79  0.39  0.91  0.16 -0.70  0.40 -0.59
   4 G        -5.42   11.73    5.34 -0.26  0.58  0.77  0.70  0.66 -0.26 -0.66  0.47 -0.58
   5 C        -8.95   12.22    4.27  0.14  0.74  0.66  0.74  0.37 -0.56 -0.66  0.56 -0.49
   6 G       -12.32   13.27    2.98  0.65  0.70  0.30  0.52 -0.13 -0.84 -0.55  0.70 -0.45
   7 C       -13.90   16.78    3.61  0.89  0.45 -0.01  0.19 -0.40 -0.90 -0.41  0.80 -0.44
   8 G       -15.90   20.52    4.61  0.96  0.10 -0.25 -0.15 -0.57 -0.81 -0.22  0.81 -0.54
   9 C       -14.41   24.30    3.11  0.66 -0.52 -0.53 -0.68 -0.13 -0.72  0.31  0.84 -0.45
  10 A       -13.75   27.31    2.71  0.21 -0.64 -0.74 -0.96  0.01 -0.28  0.19  0.77 -0.61
  11 T       -12.27   28.85    0.50 -0.32 -0.81 -0.50 -0.95  0.31  0.11  0.07  0.51 -0.86
  12 C       -10.88   29.35   -2.67 -0.75 -0.53 -0.38 -0.66  0.63  0.42  0.02  0.57 -0.82
****************************************************************************
Local strand I base step parameters
    step       Shift     Slide      Rise      Tilt      Roll     Twist
   1  C/T      -0.42     -2.13      3.17      1.87      0.48     28.03
   2  T/A      -0.19     -1.27      2.96      4.57      8.94     27.17
   3  A/C       1.18     -1.26      3.15      5.35      4.85     35.76
   4  C/G       0.05     -1.87      3.31     -0.52     18.36     25.56
   5  G/C      -0.35     -1.14      3.14      4.68      6.63     32.24
   6  C/G       1.20     -2.03      3.33      0.15     19.18     24.11
   7  G/C      -0.47     -2.69      3.19      1.78      8.31     21.69
   8  C/G       1.44     -1.44      3.33      1.41     12.60     38.38
   9  G/T      -0.64     -1.58      3.07      6.93      4.35     28.90
  10  T/A       1.20     -1.38      3.05      4.37     13.96     28.06
  11  A/G       0.71     -1.60      3.07     10.90      2.32     30.26
          ~~~~~~~~~~~~~~~~~~~~~~~~~~~~~~~~~~~~~~~~~~~~~~~~~~~~~~~~~~~~
      ave.      0.34     -1.67      3.16      3.77      9.09     29.10
      s.d.      0.81      0.47      0.12      3.31      6.25      4.90
****************************************************************************
Local strand I base helical parameters
    step       X-disp    Y-disp   h-Rise     Incl.       Tip   h-Twist
   1  C/T      -4.50      1.28      3.10      0.99     -3.85     28.09
   2  T/A      -4.20      1.23      2.37     18.26     -9.33     28.93
   3  A/C      -2.67     -1.17      3.10      7.80     -8.60     36.46
   4  C/G      -6.34     -0.18      1.63     36.15      1.03     31.39
   5  G/C      -3.01      1.34      2.78     11.71     -8.26     33.21
   6  C/G      -6.89     -2.24      1.38     38.97     -0.30     30.72
   7  G/C      -9.01      1.67      2.00     21.07     -4.52     23.27
   8  C/G      -3.45     -1.93      2.79     18.56     -2.07     40.35
   9  G/T      -3.84      2.50      2.59      8.49    -13.54     30.01
  10  T/A      -4.78     -1.51      2.29     26.63     -8.33     31.57
  11  A/G      -3.29      0.59      3.01      4.27    -20.05     32.21
          ~~~~~~~~~~~~~~~~~~~~~~~~~~~~~~~~~~~~~~~~~~~~~~~~~~~~~~~~~~~~
      ave.     -4.73      0.14      2.46     17.54     -7.08     31.47
      s.d.      1.94      1.63      0.59     12.50      6.12      4.42
****************************************************************************
Local strand II base step parameters
    step       Shift     Slide      Rise      Tilt      Roll     Twist
   1  G/A      -0.74     -2.09      2.91     -9.05      4.90     26.19
   2  A/T      -1.04     -1.54      2.84     -6.95     12.08     29.91
   3  T/G       0.03     -1.77      3.26     -4.29      1.22     33.65
   4  G/C      -0.23     -1.92      3.17     -0.69      7.21     24.32
   5  C/G      -1.23     -1.24      3.33     -3.39     10.09     35.66
   6  G/C       0.92     -2.15      3.12     -1.43      9.65     24.96
   7  C/G      -0.96     -2.82      3.18     -4.27     11.02     22.40
   8  G/C       0.87     -1.17      4.07     19.03     24.77     37.04
   9  C/A      -1.18     -0.59      2.82    -10.79      5.67     29.23
  10  A/T       0.22     -1.13      2.85     -6.03     21.34     28.35
  11  T/C       0.36     -1.77      3.00     -4.44     -1.73     30.42
          ~~~~~~~~~~~~~~~~~~~~~~~~~~~~~~~~~~~~~~~~~~~~~~~~~~~~~~~~~~~~
      ave.     -0.27     -1.65      3.14     -2.94      9.66     29.28
      s.d.      0.80      0.61      0.36      7.88      7.86      4.72
****************************************************************************
Local strand II base helical parameters
    step       X-disp    Y-disp   h-Rise     Incl.       Tip   h-Twist
   1  G/A      -5.30     -0.33      2.59     10.33     19.06     28.10
   2  A/T      -4.41      0.86      2.24     21.97     12.64     32.93
   3  T/G      -3.23     -0.73      3.17      2.10      7.37     33.94
   4  G/C      -6.23      0.34      2.51     16.64      1.60     25.36
   5  C/G      -3.27      1.48      2.99     16.03      5.39     37.17
   6  G/C      -6.71     -2.29      2.11     21.31      3.15     26.77
   7  C/G      -9.02      1.20      1.76     26.16     10.14     25.29
   8  G/C      -3.83      0.78      2.92     32.80    -25.19     48.10
   9  C/A      -2.03      0.35      2.90     10.67     20.30     31.62
  10  A/T      -4.16     -1.02      1.57     37.21     10.52     35.85
  11  T/C      -3.02     -1.49      3.01     -3.27      8.40     30.79
          ~~~~~~~~~~~~~~~~~~~~~~~~~~~~~~~~~~~~~~~~~~~~~~~~~~~~~~~~~~~~
      ave.     -4.66     -0.08      2.52     17.45      6.67     32.35
      s.d.      2.02      1.20      0.54     12.25     12.08      6.61
****************************************************************************
xyz coordinates of C1' atoms

    bp        xI       yI       zI       xII      yII      zII
   1 C-G    -1.325   17.918   16.150    3.895   10.444   10.929
   2 T-A     1.012   17.505   11.035    1.591    7.970    6.830
   3 A-T     1.242   16.196    5.959   -2.749    6.610    4.284
   4 C-G    -1.084   13.749    1.998   -8.491    6.720    4.802
   5 G-C    -5.543   11.708   -0.528  -13.261    8.331    5.688
   6 C-G   -10.875   10.612   -1.935  -16.760   12.203    6.765
   7 G-C   -15.232   13.622   -1.091  -17.152   17.808    8.501
   8 C-G   -18.992   17.404    0.954  -17.486   23.293    9.582
   9 G-C   -20.181   22.530    2.413  -12.406   26.237    8.348
  10 T-A   -19.438   28.038    3.944   -9.158   28.769    6.080
  11 A-T   -16.565   31.969    2.430   -6.390   29.217    1.127
  12 G-C   -12.421   34.442   -0.110   -5.454   27.295   -3.991
****************************************************************************
xyz coordinates of RN9/YN1 atoms

    bp        xI       yI       zI       xII      yII      zII
   1 C-G    -1.870   16.586   15.835    2.624   10.230   11.558
   2 T-A    -0.108   16.457   11.078    0.513    8.360    7.761
   3 A-T     0.040   15.660    6.566   -3.146    7.515    5.397
   4 C-G    -2.129   14.002    3.028   -8.280    7.961    5.522
   5 G-C    -6.034   12.471    0.625  -12.482    9.582    5.973
   6 C-G   -10.686   11.680   -0.933  -15.538   12.940    6.426
   7 G-C   -14.306   14.456   -0.366  -15.911   18.037    7.680
   8 C-G   -17.699   18.035    1.332  -16.458   23.011    8.580
   9 G-C   -18.773   22.481    2.005  -12.171   25.578    7.045
  10 T-A   -18.310   27.549    3.085   -9.714   28.068    4.946
  11 A-T   -16.095   30.918    1.529   -7.614   28.502    0.648
  12 G-C   -12.749   33.324   -0.970   -6.936   27.182   -4.077
****************************************************************************
xyz coordinates of RC8/YC6 atoms

    bp        xI       yI       zI       xII      yII      zII
   1 C-G    -3.115   16.210   16.235    1.914    9.076   11.666
   2 T-A    -1.295   16.721   11.727   -0.547    7.612    8.217
   3 A-T    -0.866   16.317    7.365   -4.126    7.145    6.292
   4 C-G    -2.335   15.250    3.533   -8.915    8.434    6.658
   5 G-C    -5.578   13.691    1.105  -12.688   10.299    7.116
   6 C-G    -9.783   12.672   -1.158  -14.891   13.929    7.166
   7 G-C   -13.111   14.961   -0.808  -14.888   18.798    8.155
   8 C-G   -16.623   18.020    0.483  -15.139   23.344    8.610
   9 G-C   -18.211   21.889    0.894  -10.978   24.977    6.765
  10 T-A   -18.572   26.834    1.941   -9.045   27.231    4.086
  11 A-T   -16.836   30.135    0.692   -7.480   27.309   -0.044
  12 G-C   -13.959   33.022   -1.544   -7.525   26.182   -4.777
****************************************************************************
xyz coordinates of O1P atoms w.r.t. the middle frame of each dimer

    step       xI      yI      zI     xII     yII     zII
   1 CT/AG   -2.66    9.10    3.36   -3.43    9.74    2.88
   2 TA/TA   -2.69    9.84    3.12   -2.77   10.37    2.06
   3 AC/GT   -2.69    9.66    3.21   -2.88    9.44    2.45
   4 CG/CG   -2.97    9.62    3.25   -2.41    9.33    3.35
   5 GC/GC   -2.83    9.83    2.62   -2.42    9.89    2.58
   6 CG/CG   -3.31   10.40    2.44   -2.29    9.25    3.38
   7 GC/GC   -2.09    9.06    3.97   -3.07   10.27    2.62
   8 CG/CG   -2.71    9.42    2.53   -3.90    9.65    1.43
   9 GT/AC   -2.60    9.83    1.44   -5.07    9.63    0.78
  10 TA/TA   -2.38   10.60    1.81   -2.80    9.66    2.81
  11 AG/CT   -1.90    9.54    3.36   -2.34    9.40    3.38
****************************************************************************
xyz coordinates of O1P atoms w.r.t. the middle helix frame of each dimer

    step      xIH     yIH     zIH     xIIH    yIIH    zIIH
   1 CT/AG   -7.03    9.13    4.54   -8.70    9.01    3.36
   2 TA/TA   -6.73    9.13    6.35   -7.13    8.15    5.32
   3 AC/GT   -5.55    8.47    3.98   -5.65   10.08    3.29
   4 CG/CG   -9.13    7.16    7.29   -8.85    6.82    7.12
   5 GC/GC   -5.91   10.28    4.79   -5.36    7.69    4.86
   6 CG/CG   -9.93    5.58    7.38   -9.16    8.53    7.49
   7 GC/GC  -10.69    8.08    7.34  -12.21    7.07    6.32
   8 CG/CG   -7.30    7.15    5.54   -6.55    8.41    6.21
   9 GT/AC   -5.35   10.81    3.23   -8.06    8.02    2.05
  10 TA/TA   -6.59    6.84    7.08   -7.29    8.12    7.32
  11 AG/CT   -5.33    9.13    3.20   -5.07    9.77    3.65
****************************************************************************
xyz coordinates of O2P atoms w.r.t. the middle frame of each dimer

    step       xI      yI      zI     xII     yII     zII
   1 CT/AG   -0.62    7.60    3.34   -1.03    8.78    2.85
   2 TA/TA   -0.57    8.32    3.03   -0.80    8.69    2.23
   3 AC/GT   -0.55    8.12    3.11   -0.83    7.94    2.61
   4 CG/CG   -0.78    8.22    3.07   -0.30    7.92    2.72
   5 GC/GC   -0.80    8.24    2.79   -0.29    8.38    2.43
   6 CG/CG   -0.98    9.30    2.49   -0.30    7.63    3.11
   7 GC/GC    0.01    7.65    3.35   -0.86    9.07    2.33
   8 CG/CG   -0.49    8.02    2.41   -1.86    8.59    2.67
   9 GT/AC   -0.58    8.29    1.68   -2.69    9.51    1.90
  10 TA/TA   -0.44    8.89    1.99   -0.72    8.09    3.01
  11 AG/CT    0.13    8.08    2.89   -0.39    7.73    3.15
****************************************************************************
xyz coordinates of O2P atoms w.r.t. the middle helix frame of each dimer

    step      xIH     yIH     zIH     xIIH    yIIH    zIIH
   1 CT/AG   -5.02    7.65    4.12   -6.31    8.05    3.54
   2 TA/TA   -4.62    7.75    5.67   -5.15    6.50    4.99
   3 AC/GT   -3.41    6.95    3.78   -3.59    8.57    3.29
   4 CG/CG   -6.95    6.00    6.46   -6.72    5.82    5.98
   5 GC/GC   -3.88    8.69    4.62   -3.23    6.25    4.33
   6 CG/CG   -7.60    4.62    6.82   -7.16    7.25    6.49
   7 GC/GC   -8.63    7.06    6.10   -9.97    6.05    5.69
   8 CG/CG   -5.04    5.82    5.37   -4.33    7.03    6.38
   9 GT/AC   -3.32    9.26    3.08   -5.76    7.70    3.29
  10 TA/TA   -4.67    5.31    6.31   -5.20    6.66    6.73
  11 AG/CT   -3.26    7.67    2.93   -3.15    8.11    3.21
****************************************************************************
xyz coordinates of P atoms w.r.t. the middle frame of each dimer

    step       xI      yI      zI     xII     yII     zII
   1 CT/AG   -1.82    8.09    2.68   -2.42    8.81    2.35
   2 TA/TA   -1.95    8.67    2.61   -2.08    9.12    1.62
   3 AC/GT   -1.90    8.54    2.67   -2.10    8.31    1.94
   4 CG/CG   -2.14    8.57    2.61   -1.72    8.33    2.50
   5 GC/GC   -2.08    8.64    2.16   -1.68    8.72    2.04
   6 CG/CG   -2.38    9.32    2.01   -1.59    8.14    2.65
   7 GC/GC   -1.39    8.07    3.12   -2.30    9.20    1.99
   8 CG/CG   -1.88    8.30    1.99   -2.94    8.55    1.67
   9 GT/AC   -1.85    8.63    0.99   -3.77    8.96    1.03
  10 TA/TA   -1.77    9.28    1.47   -1.98    8.51    2.37
  11 AG/CT   -1.29    8.40    2.63   -1.65    8.28    2.65
****************************************************************************
xyz coordinates of P atoms w.r.t. the middle helix frame of each dimer

    step      xIH     yIH     zIH     xIIH    yIIH    zIIH
   1 CT/AG   -6.29    8.20    3.66   -7.62    8.13    2.87
   2 TA/TA   -6.01    8.21    5.45   -6.42    7.12    4.51
   3 AC/GT   -4.75    7.40    3.35   -4.87    9.00    2.66
   4 CG/CG   -8.32    6.51    6.24   -8.14    6.30    5.93
   5 GC/GC   -5.15    9.23    4.08   -4.63    6.67    4.05
   6 CG/CG   -9.01    4.87    6.45   -8.44    7.94    6.32
   7 GC/GC  -10.04    7.52    6.13  -11.40    6.33    5.35
   8 CG/CG   -6.31    6.33    4.79   -5.61    7.35    5.74
   9 GT/AC   -4.63    9.70    2.54   -6.77    7.32    2.28
  10 TA/TA   -6.01    5.90    6.09   -6.44    7.36    6.37
  11 AG/CT   -4.65    8.00    2.53   -4.46    8.65    2.85
****************************************************************************
xyz coordinates of P atoms

    bp        xI       yI       zI       xII      yII      zII
   1 C-G     ----     ----     ----     4.859    5.322    9.169
   2 T-A    -2.832   20.779   12.800   -0.392    2.812    5.974
   3 A-T    -0.128   20.998    7.923   -5.956    3.215    6.801
   4 C-G     0.022   18.984    2.217  -11.496    5.319    8.878
   5 G-C    -2.512   15.912   -2.037  -15.687    9.205   10.408
   6 C-G    -7.175   13.197   -4.779  -15.883   14.408   11.615
   7 G-C   -12.571   12.340   -6.053  -16.487   20.797   13.491
   8 C-G   -17.142   16.855   -4.094  -13.507   25.471   12.486
   9 G-C   -20.912   20.422   -2.282   -8.062   28.427   10.273
  10 T-A   -22.439   25.992    0.049   -4.614   27.003    4.920
  11 A-T   -21.980   31.242    1.486   -3.922   24.686   -0.333
  12 G-C   -17.574   35.633   -0.596    ----     ----     ---- 
*******************************************************************************************
Phosphorus-phosphorus distance in Angstroms

            1      2      3      4      5      6      7      8      9     10     11     12
            G      A      T      G      C      G      C      G      C      A      T      C   
   1 C    ----   ----   ----   ----   ----   ----   ----   ----   ----   ----   ----   ----
   2 T    17.6   19.4   18.8   18.2   17.5   14.6   13.7   11.7    9.6   10.2   13.7   ----
   3 A    16.5   18.3   18.7   19.4   19.7   17.5   17.3   14.8   11.1    8.1    9.8   ----
   4 C    16.1   16.6   17.5   19.1   20.2   19.0   20.1   18.2   14.8    9.6    7.4   ----
   5 G    17.1   15.5   15.8   17.7   19.3   19.2   21.5   20.6   18.4   13.3    9.0   ----
   6 C    20.0   16.4   15.3   16.3   17.9   18.6   21.9   22.1   21.4   17.1   12.7   ----
   7 G    24.2   19.6   17.1   16.5   17.0   18.1   21.7   22.7   23.4   20.0   16.1   ----
   8 C    28.2   24.1   20.7   18.3   16.5   15.9   18.0   19.0   20.6   18.5   15.8   ----
   9 G    32.0   28.3   24.5   21.0   17.7   16.0   16.4   17.3   19.7   19.0   17.6   ----
  10 T    35.4   32.5   28.9   25.0   20.8   17.6   15.6   15.3   17.8   18.5   18.6   ----
  11 A    38.1   36.0   32.7   28.9   24.6   20.6   16.8   15.0   16.7   18.2   19.3   ----
  12 G    39.0   37.6   35.2   32.3   28.7   24.5   20.5   17.1   16.1   16.5   17.5   ----
****************************************************************************
Strand I helix radius

    step          P        O4'       C1'
   1  C/T      11.20     10.38      9.67
   2  T/A      10.95     10.07      9.34
   3  A/C       8.52      7.31      6.66
   4  C/G       9.41     10.13      9.75
   5  G/C      10.72      9.52      8.67
   6  C/G       9.75      9.59      9.57
   7  G/C      13.35     13.84     13.37
   8  C/G       7.11      7.27      6.78
   9  G/T      12.02     10.93     10.11
  10  T/A       9.21      8.48      8.16
  11  A/G      10.31      8.97      8.24
****************************************************************************
Strand II helix radius

    step          P        O4'       C1'
   1  G/A      12.02     10.20      9.65
   2  A/T       9.81      8.72      8.23
   3  T/G      10.21      9.14      8.35
   4  G/C      10.16     10.50     10.01
   5  C/G       8.01      7.53      6.93
   6  G/C      12.05     12.46     11.82
   7  C/G      13.25     12.42     12.28
   8  G/C       7.18      7.32      6.41
   9  C/A      10.49      7.36      6.75
  10  A/T       9.54      9.47      8.78
  11  T/C      10.98      9.57      8.76
****************************************************************************************
Base-pair helix axis

               Ox      Oy      Oz     Xx    Xy    Xz   Yx    Yy    Yz    Zx    Zy    Zz
   1 CT/AG   -4.55    9.42   13.75 -0.81 -0.58  0.05 -0.46  0.69  0.57 -0.36  0.44 -0.82
             -5.59   10.67   11.38 -0.93 -0.20  0.31 -0.03  0.88  0.48 -0.36  0.44 -0.82
   2 TA/TA   -4.93   10.32   11.09 -0.89 -0.23  0.38  0.09  0.75  0.66 -0.44  0.62 -0.65
             -5.94   11.76    9.60 -0.72  0.18  0.67  0.53  0.76  0.37 -0.44  0.62 -0.65
   3 AC/GT   -3.93   13.00    9.29 -0.69  0.16  0.70  0.40  0.90  0.19 -0.60  0.41 -0.68
             -5.82   14.28    7.15 -0.34  0.65  0.68  0.72  0.64 -0.25 -0.60  0.41 -0.68
   4 CG/CG   -7.87   16.10    9.61 -0.36  0.67  0.65  0.89  0.45  0.03 -0.27  0.60 -0.76
             -8.42   17.32    8.06  0.10  0.80  0.59  0.96  0.08 -0.28 -0.27  0.60 -0.76
   5 GC/GC   -9.86   14.28    6.79  0.13  0.77  0.62  0.87  0.21 -0.44 -0.48  0.60 -0.64
            -11.23   16.00    4.93  0.61  0.75  0.25  0.64 -0.27 -0.72 -0.48  0.60 -0.64
   6 CG/CG   -6.49   17.73    3.56  0.58  0.78  0.23  0.76 -0.42 -0.50 -0.30  0.47 -0.83
             -7.01   18.53    2.12  0.87  0.49 -0.04  0.39 -0.74 -0.55 -0.30  0.47 -0.83
   7 GC/GC   -6.62   22.37    4.03  0.86  0.51 -0.06  0.35 -0.67 -0.65 -0.37  0.54 -0.76
             -7.30   23.38    2.61  0.93  0.19 -0.32 -0.03 -0.82 -0.57 -0.37  0.54 -0.76
   8 CG/CG  -12.01   20.00    4.03  0.99 -0.03 -0.11 -0.08 -0.85 -0.51 -0.08  0.52 -0.85
            -12.24   21.55    1.49  0.68 -0.60 -0.43 -0.73 -0.61 -0.30 -0.08  0.52 -0.85
   9 GT/AC  -11.42   23.69    2.13  0.68 -0.36 -0.64 -0.73 -0.43 -0.53 -0.08  0.83 -0.55
            -11.65   26.03    0.56  0.22 -0.53 -0.82 -0.97 -0.19 -0.14 -0.08  0.83 -0.55
  10 TA/TA  -13.87   24.17   -0.68  0.22 -0.56 -0.80 -0.87 -0.48  0.10 -0.43  0.68 -0.59
            -14.69   25.45   -1.80 -0.30 -0.73 -0.61 -0.85 -0.09  0.52 -0.43  0.68 -0.59
  11 AG/CT  -13.55   26.39   -1.28 -0.30 -0.81 -0.50 -0.95  0.28  0.13  0.04  0.52 -0.85
            -13.43   27.98   -3.89 -0.75 -0.55 -0.37 -0.66  0.65  0.37  0.04  0.52 -0.85
****************************************************************************************
Strand I helix axis

               Ox      Oy      Oz     Xx    Xy    Xz   Yx    Yy    Yz    Zx    Zy    Zz
   1  C/T    -3.50    8.84   13.71 -0.76 -0.63  0.17 -0.47  0.70  0.53 -0.45  0.32 -0.83
             -4.91    9.83   11.13 -0.89 -0.23  0.40 -0.06  0.92  0.39 -0.45  0.32 -0.83
   2  T/A    -4.61    9.90   11.03 -0.84 -0.28  0.46  0.08  0.78  0.62 -0.53  0.56 -0.64
             -5.88   11.22    9.51 -0.70  0.14  0.70  0.48  0.82  0.31 -0.53  0.56 -0.64
   3  A/C    -3.78   13.12    9.02 -0.70  0.15  0.70  0.38  0.91  0.18 -0.60  0.40 -0.69
             -5.64   14.35    6.88 -0.34  0.66  0.67  0.72  0.64 -0.27 -0.60  0.40 -0.69
   4  C/G    -8.20   16.44    8.90 -0.44  0.71  0.55  0.89  0.43  0.15 -0.13  0.55 -0.82
             -8.41   17.35    7.55  0.09  0.83  0.54  0.99 -0.00 -0.16 -0.13  0.55 -0.82
   5  G/C    -9.74   14.02    6.72  0.19  0.75  0.64  0.84  0.21 -0.49 -0.50  0.63 -0.59
            -11.14   15.77    5.08  0.62  0.74  0.27  0.60 -0.23 -0.76 -0.50  0.63 -0.59
   6  C/G    -6.71   17.94    3.72  0.53  0.82  0.19  0.81 -0.43 -0.39 -0.24  0.37 -0.90
             -7.04   18.45    2.48  0.87  0.49 -0.03  0.43 -0.79 -0.44 -0.24  0.37 -0.90
   7  G/C    -6.42   21.86    4.91  0.90  0.43  0.01  0.32 -0.65 -0.69 -0.29  0.62 -0.72
             -7.01   23.11    3.47  0.95  0.14 -0.27 -0.06 -0.77 -0.64 -0.29  0.62 -0.72
   8  C/G   -12.59   19.72    2.50  0.94  0.17 -0.29 -0.07 -0.74 -0.67 -0.33  0.65 -0.68
            -13.52   21.53    0.59  0.67 -0.35 -0.66 -0.66 -0.68 -0.32 -0.33  0.65 -0.68
   9  G/T   -10.12   23.48    2.52  0.69 -0.50 -0.53 -0.72 -0.54 -0.43 -0.08  0.67 -0.73
            -10.31   25.23    0.61  0.23 -0.70 -0.67 -0.97 -0.22 -0.10 -0.08  0.67 -0.73
  10  T/A   -13.75   23.66   -0.44  0.25 -0.63 -0.73 -0.88 -0.46  0.09 -0.39  0.62 -0.68
            -14.64   25.09   -1.99 -0.25 -0.78 -0.58 -0.89 -0.06  0.46 -0.39  0.62 -0.68
  11  A/G   -12.45   25.89   -1.33 -0.27 -0.88 -0.39 -0.96  0.21  0.19 -0.08  0.43 -0.90
            -12.69   27.18   -4.03 -0.74 -0.63 -0.23 -0.67  0.65  0.37 -0.08  0.43 -0.90
****************************************************************************************
Strand II helix axis

               Ox      Oy      Oz     Xx    Xy    Xz   Yx    Yy    Yz    Zx    Zy    Zz
   1  G/A    -5.32   10.16   13.68 -0.85 -0.52 -0.07 -0.45  0.66  0.60 -0.26  0.54 -0.80
             -6.01   11.56   11.61 -0.96 -0.15  0.22  0.00  0.83  0.56 -0.26  0.54 -0.80
   2  A/T    -5.07   10.66   11.10 -0.93 -0.18  0.33  0.10  0.71  0.69 -0.36  0.68 -0.64
             -5.87   12.18    9.65 -0.72  0.24  0.65  0.59  0.70  0.40 -0.36  0.68 -0.64
   3  T/G    -4.10   12.93    9.56 -0.69  0.17  0.71  0.41  0.89  0.19 -0.60  0.42 -0.68
             -6.00   14.26    7.39 -0.34  0.64  0.69  0.72  0.65 -0.24 -0.60  0.42 -0.68
   4  G/C    -7.43   15.27   10.07 -0.28  0.60  0.75  0.86  0.50 -0.08 -0.43  0.63 -0.65
             -8.50   16.85    8.43  0.12  0.75  0.65  0.90  0.20 -0.40 -0.43  0.63 -0.65
   5  C/G   -10.00   14.49    6.84  0.08  0.79  0.61  0.89  0.21 -0.40 -0.44  0.57 -0.69
            -11.32   16.20    4.78  0.61  0.76  0.24  0.66 -0.31 -0.68 -0.44  0.57 -0.69
   6  G/C    -6.52   17.35    3.33  0.63  0.73  0.26  0.69 -0.37 -0.62 -0.36  0.57 -0.74
             -7.28   18.55    1.77  0.87  0.49 -0.04  0.34 -0.66 -0.67 -0.36  0.57 -0.74
   7  C/G    -6.99   22.70    3.24  0.82  0.56 -0.12  0.39 -0.69 -0.61 -0.43  0.45 -0.78
             -7.74   23.49    1.86  0.90  0.21 -0.37 -0.00 -0.87 -0.50 -0.43  0.45 -0.78
   8  G/C   -12.04   20.59    5.22  0.98 -0.17  0.08 -0.13 -0.92 -0.37  0.14  0.35 -0.93
            -11.63   21.62    2.51  0.56 -0.80 -0.22 -0.82 -0.49 -0.31  0.14  0.35 -0.93
   9  C/A   -12.73   23.99    1.95  0.71 -0.21 -0.68 -0.70 -0.30 -0.64 -0.07  0.93 -0.36
            -12.94   26.69    0.92  0.23 -0.33 -0.91 -0.97 -0.15 -0.19 -0.07  0.93 -0.36
  10  A/T   -13.86   24.75   -0.73  0.18 -0.50 -0.85 -0.87 -0.49  0.10 -0.46  0.72 -0.52
            -14.59   25.88   -1.54 -0.36 -0.69 -0.63 -0.81 -0.11  0.58 -0.46  0.72 -0.52
  11  T/C   -14.58   27.17   -1.28 -0.30 -0.72 -0.62 -0.94  0.34  0.06  0.16  0.60 -0.78
            -14.08   28.98   -3.63 -0.74 -0.45 -0.50 -0.65  0.66  0.37  0.16  0.60 -0.78
