  12 # base-pairs
   1 # ***local base-pair & helical parameters***
#        Shear    Stretch   Stagger   Buckle   Prop-Tw   Opening     X-disp    Y-disp    h-Rise    Incl.     Tip     h-Twist
C-G      0.068    -0.168     0.178    -4.644    -6.843     0.301     0.000     0.000     0.000     0.000     0.000     0.000
T-A     -0.093    -0.198     0.376     2.251   -10.874     1.621    -5.017     0.431     2.877     5.753     7.519    27.660
A-T     -0.024    -0.166     0.218     7.049   -16.508    -0.416    -4.370     0.970     2.308    20.337     2.243    30.668
C-G      0.171    -0.057     0.111     6.562   -16.983     2.190    -2.943    -0.928     3.133     5.094    -0.879    35.231
G-C     -0.236    -0.135     0.140     0.696    -7.200     3.827    -6.496     0.038     2.050    27.371     1.593    28.035
C-G      0.116    -0.173    -0.233     2.940   -11.901     0.862    -3.157     1.393     2.882    14.132    -1.150    35.086
G-C     -0.057    -0.117     0.077     1.173    -3.046     0.197    -6.954    -2.262     1.731    30.712     1.399    28.446
C-G      0.130    -0.196    -0.132     5.362    -7.085    -0.007    -9.098     1.390     1.874    23.810     3.053    24.114
G-C     -0.212    -0.049    -0.432   -20.966   -14.413     1.925    -3.856    -0.493     2.981    26.596   -14.729    42.741
T-A     -0.178    -0.163    -0.060    -8.613    -8.070    -0.078    -2.999     1.416     2.831     9.975     3.811    29.964
A-T      0.170    -0.172     0.376    -2.742   -12.783    -2.045    -4.533    -1.335     1.887    32.170     1.650    33.423
G-C     -0.134    -0.095     0.492     6.986    -9.854    -1.647    -3.206    -0.406     3.065     0.331    -6.168    30.853
