  12 # base-pairs
   0 # ***local base-pair & step parameters***
#        Shear    Stretch   Stagger   Buckle   Prop-Tw   Opening     Shift     Slide     Rise      Tilt      Roll      Twist
C-G      0.068    -0.168     0.178    -4.644    -6.843     0.301     0.000     0.000     0.000     0.000     0.000     0.000
T-A     -0.093    -0.198     0.376     2.251   -10.874     1.621    -0.585    -2.109     3.046    -3.579     2.739    27.298
A-T     -0.024    -0.166     0.218     7.049   -16.508    -0.416    -0.613    -1.403     2.931    -1.163    10.544    28.817
C-G      0.171    -0.057     0.111     6.562   -16.983     2.190     0.609    -1.510     3.264     0.532     3.079    35.096
G-C     -0.236    -0.135     0.140     0.696    -7.200     3.827    -0.091    -1.892     3.243    -0.744    12.786    24.991
C-G      0.116    -0.173    -0.233     2.940   -11.901     0.862    -0.781    -1.176     3.262     0.687     8.440    34.080
G-C     -0.057    -0.117     0.077     1.173    -3.046     0.197     1.051    -2.091     3.230    -0.657    14.416    24.579
C-G      0.130    -0.196    -0.132     5.362    -7.085    -0.007    -0.715    -2.754     3.194    -1.240     9.670    22.082
G-C     -0.212    -0.049    -0.432   -20.966   -14.413     1.925     1.187    -1.315     3.712    10.297    18.593    37.299
T-A     -0.178    -0.163    -0.060    -8.613    -8.070    -0.078    -0.920    -1.059     2.998    -1.960     5.130    29.468
A-T      0.170    -0.172     0.376    -2.742   -12.783    -2.045     0.699    -1.254     2.981    -0.903    17.611    28.506
G-C     -0.134    -0.095     0.492     6.986    -9.854    -1.647     0.533    -1.689     3.036     3.276     0.176    30.682
