****************************************************************************
CEHS base-pair parameters
     bp        Shear    Stretch   Stagger    Buckle  Propeller  Opening
    1 C-G       0.07     -0.17      0.18     -4.64     -6.85      0.30
    2 T-A      -0.09     -0.20      0.38      2.25    -10.88      1.61
    3 A-T      -0.02     -0.17      0.22      7.02    -16.53     -0.41
    4 C-G       0.17     -0.06      0.11      6.54    -17.00      2.16
    5 G-C      -0.24     -0.13      0.14      0.70     -7.20      3.82
    6 C-G       0.12     -0.17     -0.23      2.93    -11.90      0.86
    7 G-C      -0.06     -0.12      0.08      1.17     -3.05      0.20
    8 C-G       0.13     -0.20     -0.13      5.36     -7.09     -0.01
    9 G-C      -0.21     -0.05     -0.43    -20.91    -14.58      1.89
   10 T-A      -0.18     -0.16     -0.06     -8.61     -8.09     -0.08
   11 A-T       0.17     -0.17      0.38     -2.74    -12.79     -2.03
   12 G-C      -0.13     -0.09      0.49      6.98     -9.87     -1.64
          ~~~~~~~~~~~~~~~~~~~~~~~~~~~~~~~~~~~~~~~~~~~~~~~~~~~~~~~~~~~~
      ave.     -0.02     -0.14      0.09     -0.33    -10.48      0.56
      s.d.      0.15      0.05      0.27      8.11      4.27      1.64
****************************************************************************
CEHS base-pair step parameters
    step       Shift     Slide      Rise      Tilt      Roll     Twist
   1 CT/AG     -0.58     -2.11      3.05     -3.64      2.71     27.42
   2 TA/TA     -0.62     -1.40      2.93     -1.03     10.55     29.02
   3 AC/GT      0.60     -1.52      3.26      0.37      3.00     35.09
   4 CG/CG     -0.09     -1.90      3.24     -0.67     12.75     24.79
   5 GC/GC     -0.78     -1.18      3.26      0.77      8.39     34.16
   6 CG/CG      1.05     -2.09      3.23     -0.60     14.41     24.52
   7 GC/GC     -0.72     -2.75      3.19     -1.23      9.67     22.16
   8 CG/CG      1.19     -1.31      3.71     10.06     18.69     36.58
   9 GT/AC     -0.92     -1.07      3.00     -1.90      5.00     29.99
  10 TA/TA      0.70     -1.25      2.98     -0.83     17.63     28.56
  11 AG/CT      0.53     -1.68      3.04      3.23      0.26     30.91
          ~~~~~~~~~~~~~~~~~~~~~~~~~~~~~~~~~~~~~~~~~~~~~~~~~~~~~~~~~~~~
      ave.      0.03     -1.66      3.17      0.41      9.37     29.38
      s.d.      0.80      0.51      0.22      3.63      6.18      4.60
****************************************************************************
CompDNA base-pair parameters
     bp        Shear    Stretch   Stagger    Buckle  Propeller  Opening
    1 C-G       0.07     -0.17      0.18     -4.63     -6.85      0.30
    2 T-A      -0.09     -0.20      0.38      2.24    -10.88      1.61
    3 A-T      -0.02     -0.17      0.22      6.95    -16.53     -0.41
    4 C-G       0.17     -0.06      0.11      6.47    -17.00      2.17
    5 G-C      -0.24     -0.13      0.14      0.69     -7.20      3.82
    6 C-G       0.12     -0.17     -0.23      2.92    -11.90      0.86
    7 G-C      -0.06     -0.12      0.08      1.17     -3.05      0.20
    8 C-G       0.13     -0.20     -0.13      5.35     -7.09     -0.01
    9 G-C      -0.21     -0.05     -0.43    -20.74    -14.58      1.94
   10 T-A      -0.18     -0.16     -0.06     -8.58     -8.09     -0.08
   11 A-T       0.17     -0.17      0.38     -2.72    -12.79     -2.03
   12 G-C      -0.13     -0.09      0.49      6.95     -9.87     -1.64
          ~~~~~~~~~~~~~~~~~~~~~~~~~~~~~~~~~~~~~~~~~~~~~~~~~~~~~~~~~~~~
      ave.     -0.02     -0.14      0.09     -0.33    -10.48      0.56
      s.d.      0.15      0.05      0.27      8.06      4.27      1.65
****************************************************************************
CompDNA base-pair step parameters
    step       Shift     Slide      Rise      Tilt      Roll     Twist
   1 CT/AG     -0.58     -2.11      3.05     -3.58      2.74     27.43
   2 TA/TA     -0.62     -1.40      2.93     -1.13     10.55     28.90
   3 AC/GT      0.60     -1.51      3.26      0.54      3.08     35.07
   4 CG/CG     -0.10     -1.89      3.24     -0.71     12.79     24.61
   5 GC/GC     -0.78     -1.18      3.26      0.69      8.44     34.06
   6 CG/CG      1.05     -2.09      3.23     -0.64     14.42     24.32
   7 GC/GC     -0.72     -2.75      3.19     -1.23      9.67     22.08
   8 CG/CG      1.20     -1.30      3.71     10.05     18.68     36.23
   9 GT/AC     -0.91     -1.07      3.00     -1.99      5.12     29.96
  10 TA/TA      0.70     -1.25      2.98     -0.92     17.61     28.26
  11 AG/CT      0.53     -1.69      3.04      3.28      0.17     30.92
          ~~~~~~~~~~~~~~~~~~~~~~~~~~~~~~~~~~~~~~~~~~~~~~~~~~~~~~~~~~~~
      ave.      0.03     -1.66      3.17      0.40      9.39     29.26
      s.d.      0.80      0.51      0.22      3.63      6.17      4.59
****************************************************************************
Curves base-pair parameters (by Xiang-Jun Lu)
     bp        Shear    Stretch   Stagger    Buckle  Propeller  Opening
    1 C-G       0.07     -0.17      0.18     -4.66     -6.84      0.30
    2 T-A      -0.09     -0.20      0.38      2.27    -10.87      1.62
    3 A-T      -0.02     -0.17      0.22      7.17    -16.47     -0.42
    4 C-G       0.17     -0.06      0.11      6.68    -16.95      2.19
    5 G-C      -0.24     -0.13      0.14      0.70     -7.20      3.83
    6 C-G       0.12     -0.17     -0.23      2.97    -11.90      0.86
    7 G-C      -0.06     -0.12      0.08      1.17     -3.05      0.20
    8 C-G       0.13     -0.20     -0.13      5.38     -7.07     -0.01
    9 G-C      -0.21     -0.05     -0.44    -21.24    -14.09      1.92
   10 T-A      -0.18     -0.16     -0.06     -8.65     -8.04     -0.08
   11 A-T       0.17     -0.17      0.38     -2.77    -12.78     -2.04
   12 G-C      -0.13     -0.09      0.49      7.03     -9.83     -1.65
          ~~~~~~~~~~~~~~~~~~~~~~~~~~~~~~~~~~~~~~~~~~~~~~~~~~~~~~~~~~~~
      ave.     -0.02     -0.14      0.09     -0.33    -10.42      0.56
      s.d.      0.15      0.05      0.27      8.23      4.21      1.65
****************************************************************************
Curves base-pair step parameters
    step       Shift     Slide      Rise      Tilt      Roll     Twist
   1 CT/AG     -0.58     -2.11      3.05     -3.58      2.74     27.17
   2 TA/TA     -0.61     -1.40      2.94     -1.20     10.54     28.61
   3 AC/GT      0.62     -1.51      3.27      0.52      3.08     35.11
   4 CG/CG     -0.09     -1.89      3.26     -0.78     12.78     25.23
   5 GC/GC     -0.78     -1.18      3.27      0.68      8.44     34.01
   6 CG/CG      1.05     -2.09      3.26     -0.68     14.42     24.65
   7 GC/GC     -0.71     -2.75      3.21     -1.26      9.67     22.01
   8 CG/CG      1.17     -1.33      3.78     10.62     18.43     38.04
   9 GT/AC     -0.93     -1.05      3.00     -1.93      5.14     28.96
  10 TA/TA      0.70     -1.25      3.02     -0.89     17.61     28.43
  11 AG/CT      0.53     -1.69      3.04      3.28      0.18     30.45
          ~~~~~~~~~~~~~~~~~~~~~~~~~~~~~~~~~~~~~~~~~~~~~~~~~~~~~~~~~~~~
      ave.      0.03     -1.66      3.19      0.44      9.37     29.33
      s.d.      0.79      0.51      0.23      3.79      6.13      4.81
****************************************************************************
FreeHelix base-pair parameters (by Xiang-Jun Lu)
     bp        Shear    Stretch   Stagger    Buckle  Propeller  Opening
    1 C-G       0.07     -0.17      0.18     -4.64     -6.85      0.30
    2 T-A      -0.09     -0.20      0.38      2.25    -10.88      1.61
    3 A-T      -0.02     -0.17      0.22      7.02    -16.56     -0.41
    4 C-G       0.17     -0.06      0.11      6.54    -17.03      2.17
    5 G-C      -0.24     -0.13      0.14      0.70     -7.20      3.82
    6 C-G       0.12     -0.17     -0.23      2.93    -11.91      0.86
    7 G-C      -0.06     -0.12      0.08      1.17     -3.05      0.20
    8 C-G       0.13     -0.20     -0.13      5.36     -7.10     -0.01
    9 G-C      -0.21     -0.05     -0.43    -20.91    -14.82      1.94
   10 T-A      -0.18     -0.16     -0.06     -8.61     -8.11     -0.08
   11 A-T       0.17     -0.17      0.38     -2.74    -12.79     -2.03
   12 G-C      -0.13     -0.09      0.49      6.98     -9.88     -1.64
          ~~~~~~~~~~~~~~~~~~~~~~~~~~~~~~~~~~~~~~~~~~~~~~~~~~~~~~~~~~~~
      ave.     -0.02     -0.14      0.09     -0.33    -10.51      0.56
      s.d.      0.15      0.05      0.27      8.11      4.29      1.65
****************************************************************************
FreeHelix base-pair step parameters
    step       Shift     Slide      Rise      Tilt      Roll     Twist
   1 CT/AG     -0.59     -2.11      3.05     -3.58      2.74     27.43
   2 TA/TA     -0.62     -1.40      2.93     -1.13     10.55     28.90
   3 AC/GT      0.60     -1.51      3.26      0.54      3.08     35.07
   4 CG/CG     -0.10     -1.89      3.24     -0.71     12.79     24.61
   5 GC/GC     -0.78     -1.18      3.26      0.69      8.44     34.06
   6 CG/CG      1.05     -2.09      3.23     -0.64     14.42     24.32
   7 GC/GC     -0.72     -2.75      3.19     -1.23      9.67     22.08
   8 CG/CG      1.20     -1.30      3.71     10.16     18.77     36.23
   9 GT/AC     -0.91     -1.07      3.00     -2.00      5.12     29.96
  10 TA/TA      0.70     -1.25      2.98     -0.93     17.61     28.26
  11 AG/CT      0.53     -1.69      3.04      3.28      0.17     30.92
          ~~~~~~~~~~~~~~~~~~~~~~~~~~~~~~~~~~~~~~~~~~~~~~~~~~~~~~~~~~~~
      ave.      0.03     -1.66      3.17      0.40      9.40     29.26
      s.d.      0.80      0.51      0.22      3.66      6.18      4.59
****************************************************************************
NGEOM base-pair parameters
     bp        Shear    Stretch   Stagger    Buckle  Propeller  Opening
    1 C-G       0.07     -0.17      0.18     -4.64     -6.84      0.30
    2 T-A      -0.09     -0.20      0.38      2.25    -10.87      1.62
    3 A-T      -0.02     -0.17      0.22      7.05    -16.51     -0.42
    4 C-G       0.17     -0.06      0.11      6.56    -16.98      2.19
    5 G-C      -0.24     -0.13      0.14      0.70     -7.20      3.83
    6 C-G       0.12     -0.17     -0.23      2.94    -11.90      0.86
    7 G-C      -0.06     -0.12      0.08      1.17     -3.05      0.20
    8 C-G       0.13     -0.20     -0.13      5.36     -7.09     -0.01
    9 G-C      -0.21     -0.05     -0.43    -20.97    -14.41      1.92
   10 T-A      -0.18     -0.16     -0.06     -8.61     -8.07     -0.08
   11 A-T       0.17     -0.17      0.38     -2.74    -12.78     -2.04
   12 G-C      -0.13     -0.09      0.49      6.99     -9.85     -1.65
          ~~~~~~~~~~~~~~~~~~~~~~~~~~~~~~~~~~~~~~~~~~~~~~~~~~~~~~~~~~~~
      ave.     -0.02     -0.14      0.09     -0.33    -10.46      0.56
      s.d.      0.15      0.05      0.27      8.13      4.25      1.65
****************************************************************************
NGEOM base-pair step parameters
    step       Shift     Slide      Rise      Tilt      Roll     Twist
   1 CT/AG     -0.60     -2.10      3.05     -3.58      2.74     27.30
   2 TA/TA     -0.62     -1.37      2.95     -1.16     10.54     28.82
   3 AC/GT      0.61     -1.50      3.27      0.53      3.08     35.10
   4 CG/CG     -0.09     -1.85      3.27     -0.74     12.79     24.99
   5 GC/GC     -0.78     -1.14      3.28      0.69      8.44     34.08
   6 CG/CG      1.05     -2.05      3.26     -0.66     14.42     24.58
   7 GC/GC     -0.72     -2.73      3.22     -1.24      9.67     22.08
   8 CG/CG      1.24     -1.22      3.73     10.30     18.59     37.30
   9 GT/AC     -0.93     -1.04      3.00     -1.96      5.13     29.47
  10 TA/TA      0.70     -1.20      3.01     -0.90     17.61     28.51
  11 AG/CT      0.54     -1.69      3.03      3.28      0.18     30.68
          ~~~~~~~~~~~~~~~~~~~~~~~~~~~~~~~~~~~~~~~~~~~~~~~~~~~~~~~~~~~~
      ave.      0.04     -1.62      3.19      0.41      9.38     29.35
      s.d.      0.81      0.52      0.22      3.70      6.15      4.69
****************************************************************************
NUPARM base-pair parameters
     bp        Shear    Stretch   Stagger    Buckle  Propeller  Opening
    1 C-G       0.07     -0.17      0.18     -4.64     -6.84      0.30
    2 T-A      -0.09     -0.20      0.38      2.25    -10.87      1.61
    3 A-T      -0.02     -0.17      0.22      7.02    -16.50     -0.41
    4 C-G       0.17     -0.06      0.11      6.54    -16.98      2.16
    5 G-C      -0.24     -0.13      0.14      0.70     -7.20      3.82
    6 C-G       0.12     -0.17     -0.23      2.93    -11.90      0.86
    7 G-C      -0.06     -0.12      0.08      1.17     -3.05      0.20
    8 C-G       0.13     -0.20     -0.13      5.36     -7.08     -0.01
    9 G-C      -0.21     -0.05     -0.43    -20.91    -14.33      1.88
   10 T-A      -0.18     -0.16     -0.06     -8.61     -8.06     -0.08
   11 A-T       0.17     -0.17      0.38     -2.74    -12.78     -2.03
   12 G-C      -0.13     -0.09      0.49      6.98     -9.85     -1.64
          ~~~~~~~~~~~~~~~~~~~~~~~~~~~~~~~~~~~~~~~~~~~~~~~~~~~~~~~~~~~~
      ave.     -0.02     -0.14      0.09     -0.33    -10.45      0.56
      s.d.      0.15      0.05      0.27      8.11      4.24      1.64
****************************************************************************
NUPARM base-pair step parameters
    step       Shift     Slide      Rise      Tilt      Roll     Twist
   1 CT/AG     -0.61     -2.09      3.05     -3.75      2.78     27.40
   2 TA/TA     -0.62     -1.33      2.96     -1.06     10.90     28.89
   3 AC/GT      0.62     -1.49      3.27      0.40      3.11     35.08
   4 CG/CG     -0.09     -1.82      3.28     -0.67     13.07     24.63
   5 GC/GC     -0.77     -1.11      3.29      0.81      8.78     34.06
   6 CG/CG      1.05     -2.00      3.29     -0.62     14.75     24.32
   7 GC/GC     -0.72     -2.70      3.24     -1.25      9.85     22.08
   8 CG/CG      1.28     -1.10      3.74     10.55     19.60     35.92
   9 GT/AC     -0.94     -1.03      3.00     -1.98      5.11     29.95
  10 TA/TA      0.69     -1.13      3.03     -0.85     18.17     28.22
  11 AG/CT      0.56     -1.68      3.04      3.34      0.31     30.90
          ~~~~~~~~~~~~~~~~~~~~~~~~~~~~~~~~~~~~~~~~~~~~~~~~~~~~~~~~~~~~
      ave.      0.04     -1.59      3.20      0.45      9.68     29.22
      s.d.      0.82      0.53      0.22      3.79      6.40      4.54
****************************************************************************
NUPARM base-pair helical parameters
    step       X-disp    Y-disp   h-Rise     Incl.       Tip   h-Twist
   1 CT/AG     -5.06      0.46      2.88      5.67      7.60     27.79
   2 TA/TA     -4.64      1.07      2.31     20.49      2.04     30.91
   3 AC/GT     -2.95     -0.98      3.14      4.91     -0.58     35.21
   4 CG/CG     -7.35      0.08      2.08     27.11      1.49     27.74
   5 GC/GC     -3.24      1.44      2.89     14.07     -1.26     35.16
   6 CG/CG     -8.09     -2.60      1.78     30.64      1.27     28.35
   7 GC/GC     -9.93      1.62      1.88     23.87      2.97     24.21
   8 CG/CG     -4.56     -0.82      3.07     26.05    -14.38     41.81
   9 GT/AC     -3.00      1.48      2.83      9.72      3.52     30.46
  10 TA/TA     -5.33     -1.53      1.94     32.26      1.30     33.52
  11 AG/CT     -3.22     -0.42      3.06      0.56     -6.03     31.07
          ~~~~~~~~~~~~~~~~~~~~~~~~~~~~~~~~~~~~~~~~~~~~~~~~~~~~~~~~~~~~
      ave.     -5.22     -0.02      2.53     17.76     -0.19     31.48
      s.d.      2.32      1.38      0.54     11.24      5.78      4.80
****************************************************************************
RNA base-pair parameters
     bp        Shear    Stretch   Stagger    Buckle  Propeller  Opening
    1 C-G       0.07     -0.17      0.18     -4.64     -6.84      0.30
    2 T-A      -0.10     -0.20      0.37      2.25    -10.87      1.62
    3 A-T      -0.04     -0.17      0.22      7.05    -16.51     -0.41
    4 C-G       0.16     -0.06      0.11      6.56    -16.98      2.17
    5 G-C      -0.24     -0.14      0.14      0.70     -7.20      3.82
    6 C-G       0.11     -0.17     -0.23      2.94    -11.90      0.86
    7 G-C      -0.06     -0.12      0.08      1.17     -3.05      0.20
    8 C-G       0.12     -0.20     -0.13      5.36     -7.09     -0.01
    9 G-C      -0.17     -0.11     -0.44    -20.97    -14.41      1.89
   10 T-A      -0.17     -0.17     -0.06     -8.61     -8.07     -0.08
   11 A-T       0.18     -0.17      0.38     -2.74    -12.78     -2.04
   12 G-C      -0.14     -0.10      0.49      6.99     -9.85     -1.64
          ~~~~~~~~~~~~~~~~~~~~~~~~~~~~~~~~~~~~~~~~~~~~~~~~~~~~~~~~~~~~
      ave.     -0.02     -0.15      0.09     -0.33    -10.46      0.56
      s.d.      0.14      0.04      0.27      8.13      4.25      1.64
****************************************************************************
RNA base-pair step parameters
    step       Shift     Slide      Rise      Tilt      Roll     Twist
   1 CT/AG     -0.62     -2.11      3.16     -3.65      2.74     27.28
   2 TA/TA     -0.57     -1.37      3.02     -1.12     10.66     28.74
   3 AC/GT      0.58     -1.51      3.26      0.45      3.07     35.09
   4 CG/CG     -0.11     -1.88      3.18     -0.72     12.88     24.90
   5 GC/GC     -0.73     -1.16      3.32      0.74      8.54     34.02
   6 CG/CG      1.07     -2.05      3.23     -0.64     14.53     24.45
   7 GC/GC     -0.71     -2.73      3.28     -1.25      9.73     22.03
   8 CG/CG      1.17     -1.22      3.33     10.39     18.99     36.88
   9 GT/AC     -0.92     -1.06      3.19     -1.94      5.08     29.45
  10 TA/TA      0.70     -1.19      3.09     -0.85     17.80     28.27
  11 AG/CT      0.54     -1.67      3.19      3.29      0.24     30.67
          ~~~~~~~~~~~~~~~~~~~~~~~~~~~~~~~~~~~~~~~~~~~~~~~~~~~~~~~~~~~~
      ave.      0.04     -1.63      3.21      0.43      9.48     29.25
      s.d.      0.79      0.52      0.09      3.73      6.25      4.65
****************************************************************************
RNA base-pair helical parameters
    step       X-disp    Y-disp   h-Rise     Incl.       Tip   h-Twist
   1 CT/AG     -5.05      0.44      2.99      5.71      7.59     27.66
   2 TA/TA     -4.43      0.89      2.38     20.35      2.14     30.67
   3 AC/GT     -2.95     -0.89      3.13      5.00     -0.74     35.23
   4 CG/CG     -6.46      0.07      1.97     27.35      1.53     28.05
   5 GC/GC     -3.21      1.32      2.92     14.09     -1.22     35.09
   6 CG/CG     -6.93     -2.29      1.71     30.71      1.35     28.45
   7 GC/GC     -9.16      1.35      1.93     23.81      3.05     24.11
   8 CG/CG     -3.61     -0.54      2.61     26.67    -14.60     42.77
   9 GT/AC     -3.07      1.39      3.02      9.78      3.74     29.94
  10 TA/TA     -4.60     -1.34      1.97     32.19      1.55     33.42
  11 AG/CT     -3.19     -0.37      3.21      0.44     -6.12     30.85
          ~~~~~~~~~~~~~~~~~~~~~~~~~~~~~~~~~~~~~~~~~~~~~~~~~~~~~~~~~~~~
      ave.     -4.79      0.00      2.53     17.83     -0.16     31.48
      s.d.      1.99      1.21      0.56     11.29      5.87      5.01
****************************************************************************
Strand I base step parameters
    step       Shift     Slide      Rise      Tilt      Roll     Twist
   1  C/T      -1.28     -2.13      3.23      1.89      0.49     28.02
   2  T/A      -1.02     -1.24      3.11      4.61      9.02     27.10
   3  A/C       0.09     -1.24      3.32      5.44      4.93     35.71
   4  C/G      -0.74     -1.81      3.33     -0.53     18.52     25.34
   5  G/C      -1.34     -1.11      3.30      4.74      6.72     32.18
   6  C/G       0.46     -1.97      3.37      0.15     19.32     23.88
   7  G/C      -1.14     -2.67      3.27      1.79      8.36     21.65
   8  C/G       0.26     -1.38      3.40      1.43     12.84     38.22
   9  G/T      -1.52     -1.56      3.30      7.00      4.39     28.85
  10  T/A       0.35     -1.33      3.21      4.41     14.10     27.90
  11  A/G      -0.19     -1.59      3.40     11.03      2.35     30.17
          ~~~~~~~~~~~~~~~~~~~~~~~~~~~~~~~~~~~~~~~~~~~~~~~~~~~~~~~~~~~~
      ave.     -0.55     -1.64      3.30      3.82      9.18     29.00
      s.d.      0.76      0.47      0.09      3.35      6.31      4.91
****************************************************************************
Strand I base helical parameters
    step       X-disp    Y-disp   h-Rise     Incl.       Tip   h-Twist
   1  C/T      -4.51      1.28      3.10      0.99     -3.85     28.09
   2  T/A      -4.25      1.14      2.37     18.26     -9.33     28.93
   3  A/C      -2.69     -1.18      3.10      7.80     -8.60     36.46
   4  C/G      -6.33     -0.53      1.63     36.15      1.03     31.39
   5  G/C      -3.04      1.30      2.78     11.71     -8.26     33.21
   6  C/G      -6.90     -2.64      1.38     38.97     -0.30     30.72
   7  G/C      -9.04      1.55      2.00     21.07     -4.52     23.27
   8  C/G      -3.46     -2.02      2.79     18.56     -2.07     40.35
   9  G/T      -3.87      2.48      2.59      8.49    -13.54     30.01
  10  T/A      -4.84     -1.70      2.29     26.63     -8.33     31.57
  11  A/G      -3.31      0.58      3.01      4.27    -20.05     32.21
          ~~~~~~~~~~~~~~~~~~~~~~~~~~~~~~~~~~~~~~~~~~~~~~~~~~~~~~~~~~~~
      ave.     -4.75      0.02      2.46     17.54     -7.08     31.47
      s.d.      1.94      1.71      0.59     12.50      6.12      4.42
****************************************************************************
Strand II base step parameters
    step       Shift     Slide      Rise      Tilt      Roll     Twist
   1  G/A       0.05     -2.07      3.20     -9.13      4.95     26.11
   2  A/T      -0.13     -1.50      3.07     -7.03     12.22     29.76
   3  T/G       1.06     -1.77      3.40     -4.36      1.24     33.64
   4  G/C       0.53     -1.90      3.21     -0.70      7.26     24.29
   5  C/G      -0.14     -1.19      3.45     -3.44     10.25     35.56
   6  G/C       1.69     -2.12      3.19     -1.44      9.72     24.90
   7  C/G      -0.28     -2.79      3.33     -4.30     11.09     22.32
   8  G/C       2.08     -1.03      3.49     19.36     25.20     36.10
   9  C/A      -0.31     -0.57      3.14    -10.90      5.73     29.12
  10  A/T       1.07     -1.06      3.06     -6.09     21.55     27.99
  11  T/C       1.30     -1.77      3.14     -4.49     -1.75     30.41
          ~~~~~~~~~~~~~~~~~~~~~~~~~~~~~~~~~~~~~~~~~~~~~~~~~~~~~~~~~~~~
      ave.      0.63     -1.62      3.24     -2.96      9.77     29.11
      s.d.      0.85      0.63      0.15      8.00      7.98      4.59
****************************************************************************
Strand II base helical parameters
    step       X-disp    Y-disp   h-Rise     Incl.       Tip   h-Twist
   1  G/A      -5.36     -0.30      2.59     10.33     19.06     28.10
   2  A/T      -4.48      0.99      2.24     21.97     12.64     32.93
   3  T/G      -3.23     -0.73      3.17      2.10      7.37     33.94
   4  G/C      -6.24      0.41      2.51     16.64      1.60     25.36
   5  C/G      -3.29      1.55      2.99     16.03      5.39     37.17
   6  G/C      -6.73     -2.17      2.11     21.31      3.15     26.77
   7  C/G      -9.09      1.39      1.76     26.16     10.14     25.29
   8  G/C      -3.62      1.06      2.92     32.80    -25.19     48.10
   9  C/A      -2.09      0.38      2.90     10.67     20.30     31.62
  10  A/T      -4.27     -0.65      1.57     37.21     10.52     35.85
  11  T/C      -3.01     -1.48      3.01     -3.27      8.40     30.79
          ~~~~~~~~~~~~~~~~~~~~~~~~~~~~~~~~~~~~~~~~~~~~~~~~~~~~~~~~~~~~
      ave.     -4.67      0.04      2.52     17.45      6.67     32.35
      s.d.      2.04      1.21      0.54     12.25     12.08      6.61
