Reference frame: Origins (Ox, Oy, Oz) followed by the direction cosines of the
                 X- (Xx, Yx, Zx), Y- (Yx, Yx, Yx), and Z- (Zx, Zx, Zx) axes
*****************************************************************************************
Local base-pair reference frames
                Ox      Oy      Oz     Xx    Xy    Xz   Yx    Yy    Yz    Zx    Zy    Zz
   1 G-C      -3.00   14.73   -2.39  0.69 -0.33 -0.64  0.72  0.24  0.65 -0.07 -0.91  0.40
   2 G-C      -3.29   11.53   -0.68  0.97  0.01 -0.25  0.23  0.30  0.93  0.08 -0.95  0.29
   3 C-G      -2.53    8.29   -0.17  0.88  0.17  0.45 -0.48  0.17  0.86  0.07 -0.97  0.23
   4 A-T      -1.28    5.06   -0.24  0.53  0.32  0.79 -0.84  0.06  0.54  0.13 -0.94  0.30
   5 A-T      -0.41    1.97   -0.04 -0.03  0.14  0.99 -1.00  0.03 -0.04 -0.04 -0.99  0.14
   6 A-T       0.61   -1.40    0.43 -0.70 -0.02  0.71 -0.71 -0.08 -0.70  0.07 -1.00  0.04
   7 A-T       1.32   -4.73   -0.29 -0.97 -0.19  0.11 -0.11 -0.04 -0.99  0.20 -0.98  0.02
   8 C-G       2.11   -8.43    0.25 -0.80 -0.20 -0.57  0.53  0.20 -0.82  0.27 -0.96 -0.05
   9 G-C       2.48  -11.66    0.61 -0.31 -0.21 -0.93  0.90  0.24 -0.36  0.30 -0.95  0.12
  10 G-C       2.88  -15.70    0.71  0.22  0.15 -0.96  0.95  0.20  0.24  0.23 -0.97 -0.10
*****************************************************************************************
Local middle reference frames
                Ox      Oy      Oz     Xx    Xy    Xz   Yx    Yy    Yz    Zx    Zy    Zz
   1 GG/CC    -3.14   13.13   -1.53  0.87 -0.16 -0.47  0.49  0.31  0.81  0.01 -0.94  0.35
   2 GC/GC    -2.91    9.91   -0.43  0.99  0.11  0.11 -0.13  0.25  0.96  0.08 -0.96  0.26
   3 CA/TG    -1.90    6.67   -0.20  0.73  0.25  0.64 -0.68  0.13  0.72  0.10 -0.96  0.27
   4 AA/TT    -0.84    3.51   -0.14  0.27  0.22  0.94 -0.96  0.02  0.27  0.04 -0.97  0.22
   5 AA/TT     0.10    0.28    0.19 -0.39  0.08  0.92 -0.92 -0.05 -0.39  0.01 -1.00  0.09
   6 AA/TT     0.97   -3.06    0.07 -0.89 -0.10  0.44 -0.43 -0.08 -0.90  0.13 -0.99  0.03
   7 AC/GT     1.71   -6.58   -0.02 -0.94 -0.22 -0.24  0.23  0.07 -0.97  0.23 -0.97 -0.02
   8 CG/CG     2.29  -10.05    0.43 -0.58 -0.20 -0.79  0.76  0.20 -0.62  0.29 -0.96  0.03
   9 GG/CC     2.68  -13.68    0.66 -0.05 -0.02 -1.00  0.96  0.26 -0.06  0.26 -0.96  0.01
*****************************************************************************************
Local middle helical reference frames
                Ox      Oy      Oz     Xx    Xy    Xz   Yx    Yy    Yz    Zx    Zy    Zz
   1 GG/CC    -2.50   12.32   -2.94  0.86 -0.12 -0.49  0.46  0.58  0.67  0.20 -0.81  0.55
   2 GC/GC    -2.54   10.03   -0.16  0.98  0.19  0.09 -0.13  0.22  0.97  0.16 -0.96  0.24
   3 CA/TG     0.47    7.54    2.37  0.73  0.21  0.65 -0.68  0.31  0.66 -0.06 -0.93  0.37
   4 AA/TT    -1.29    3.38   -0.31  0.30  0.06  0.95 -0.91 -0.30  0.30  0.30 -0.95 -0.04
   5 AA/TT     0.44    0.48    0.88 -0.40  0.15  0.90 -0.91 -0.21 -0.37  0.13 -0.97  0.22
   6 AA/TT     2.87   -2.70    0.26 -0.90 -0.06  0.43 -0.41 -0.26 -0.88  0.16 -0.96  0.21
   7 AC/GT     1.47   -6.72   -0.61 -0.91 -0.33 -0.24  0.25 -0.00 -0.97  0.32 -0.94  0.09
   8 CG/CG     2.09  -10.02    0.91 -0.61 -0.07 -0.79  0.80 -0.03 -0.61  0.02 -1.00  0.07
   9 GG/CC     1.96  -13.82   -2.19 -0.09  0.06 -0.99  0.82  0.57 -0.04  0.56 -0.82 -0.10
*****************************************************************************************
Local strand I base reference frames
                Ox      Oy      Oz     Xx    Xy    Xz   Yx    Yy    Yz    Zx    Zy    Zz
   1 G        -2.92   14.34   -2.31  0.73 -0.26 -0.63  0.67  0.13  0.73 -0.11 -0.96  0.27
   2 G        -3.03   11.46   -0.73  0.98 -0.05 -0.21  0.22  0.21  0.95 -0.00 -0.98  0.22
   3 C        -2.10    8.43   -0.07  0.86  0.04  0.51 -0.51  0.15  0.85 -0.04 -0.99  0.15
   4 A        -1.36    4.94   -0.36  0.45  0.36  0.81 -0.88  0.01  0.48  0.17 -0.93  0.32
   5 A        -0.43    1.54   -0.01 -0.10  0.12  0.99 -0.99 -0.10 -0.09  0.09 -0.99  0.13
   6 A         0.39   -1.51    0.62 -0.73 -0.10  0.68 -0.65 -0.21 -0.73  0.22 -0.97  0.09
   7 A         0.94   -4.91   -0.30 -0.94 -0.33  0.09 -0.04 -0.15 -0.99  0.34 -0.93  0.12
   8 C         1.84   -8.84    0.13 -0.77 -0.30 -0.57  0.51  0.25 -0.82  0.39 -0.92 -0.04
   9 G         2.42  -11.52    0.86 -0.38 -0.05 -0.93  0.89  0.25 -0.38  0.25 -0.97 -0.05
  10 G         2.74  -15.20    0.75  0.23  0.05 -0.97  0.91  0.34  0.24  0.35 -0.94  0.04
*****************************************************************************************
Local strand II base reference frames
                Ox      Oy      Oz     Xx    Xy    Xz   Yx    Yy    Yz    Zx    Zy    Zz
   1 C        -3.08   15.12   -2.46  0.65 -0.41 -0.64  0.76  0.33  0.57 -0.02 -0.85  0.52
   2 C        -3.54   11.59   -0.63  0.96  0.06 -0.28  0.24  0.39  0.89  0.17 -0.92  0.36
   3 G        -2.96    8.14   -0.27  0.88  0.29  0.38 -0.44  0.20  0.88  0.18 -0.94  0.30
   4 T        -1.20    5.17   -0.12  0.60  0.28  0.75 -0.80  0.11  0.59  0.08 -0.96  0.28
   5 T        -0.39    2.39   -0.07  0.04  0.14  0.99 -0.99  0.17  0.02 -0.16 -0.98  0.14
   6 T         0.84   -1.28    0.24 -0.66  0.05  0.75 -0.75  0.07 -0.66 -0.09 -1.00 -0.01
   7 T         1.69   -4.55   -0.29 -0.99 -0.06  0.15 -0.16  0.08 -0.98  0.04 -0.99 -0.09
   8 G         2.38   -8.02    0.37 -0.82 -0.09 -0.56  0.55  0.14 -0.82  0.15 -0.99 -0.06
   9 C         2.53  -11.81    0.36 -0.23 -0.37 -0.90  0.91  0.23 -0.33  0.33 -0.90  0.29
  10 C         3.03  -16.19    0.67  0.21  0.25 -0.95  0.97  0.04  0.23  0.10 -0.97 -0.23
****************************************************************************
Local strand I base step parameters
    step       Shift     Slide      Rise      Tilt      Roll     Twist
   1  G/G      -0.33      0.77      3.18      0.14      6.83     30.07
   2  G/C       1.00     -0.07      3.08      3.55     -2.78     43.32
   3  C/A      -0.44     -1.14      3.36      1.34     15.83     30.97
   4  A/A      -0.34     -0.56      3.48     -2.20    -12.43     34.81
   5  A/A       0.12     -0.42      3.19      5.79     -5.18     42.63
   6  A/A      -0.13      1.34      3.30      4.81     -5.82     38.64
   7  A/C       0.52     -0.40      4.00     -9.89     -0.61     39.90
   8  C/G      -0.47     -0.79      2.69      6.20      5.64     33.56
   9  G/G       0.15     -0.80      3.60     -5.20     -5.25     35.74
          ~~~~~~~~~~~~~~~~~~~~~~~~~~~~~~~~~~~~~~~~~~~~~~~~~~~~~~~~~~~~
      ave.      0.01     -0.23      3.32      0.50     -0.42     36.63
      s.d.      0.49      0.80      0.36      5.44      8.50      4.80
****************************************************************************
Local strand I base helical parameters
    step       X-disp    Y-disp   h-Rise     Incl.       Tip   h-Twist
   1  G/G       0.13      0.65      3.27     12.95     -0.27     30.82
   2  G/C       0.16     -1.02      3.15     -3.75     -4.79     43.54
   3  C/A      -4.21      0.93      2.48     27.50     -2.32     34.71
   4  A/A       0.96      0.20      3.49    -19.99      3.54     36.96
   5  A/A      -0.08      0.40      3.21     -7.06     -7.89     43.30
   6  A/A       2.66      0.75      3.04     -8.70     -7.18     39.34
   7  A/C      -0.49     -2.04      3.78     -0.87     14.23     41.06
   8  C/G      -2.01      1.55      2.41      9.58    -10.54     34.56
   9  G/G      -0.46     -1.04      3.62     -8.44      8.36     36.47
          ~~~~~~~~~~~~~~~~~~~~~~~~~~~~~~~~~~~~~~~~~~~~~~~~~~~~~~~~~~~~
      ave.     -0.37      0.04      3.16      0.14     -0.76     37.86
      s.d.      1.91      1.16      0.47     14.26      8.16      4.29
****************************************************************************
Local strand II base step parameters
    step       Shift     Slide      Rise      Tilt      Roll     Twist
   1  C/C      -0.67     -0.34      3.94      2.95     14.59     35.86
   2  C/G      -0.09     -0.81      3.42      3.64      0.26     41.22
   3  G/T       0.58     -1.44      3.09     -2.54     -4.98     26.70
   4  T/T      -0.21     -1.05      2.69    -10.56    -12.47     34.17
   5  T/T      -0.51     -1.61      3.50      1.15     -9.53     42.47
   6  T/T      -0.99     -0.12      3.27     -0.59     -9.05     39.60
   7  T/G      -0.54     -0.83      3.45      0.13     -6.23     42.69
   8  G/C       0.81     -0.36      3.68      3.40    -22.99     36.76
   9  C/C      -0.16     -0.50      4.39     12.85     30.57     33.43
          ~~~~~~~~~~~~~~~~~~~~~~~~~~~~~~~~~~~~~~~~~~~~~~~~~~~~~~~~~~~~
      ave.     -0.20     -0.79      3.49      1.16     -2.20     36.99
      s.d.      0.58      0.51      0.49      6.19     15.91      5.19
****************************************************************************
Local strand II base helical parameters
    step       X-disp    Y-disp   h-Rise     Incl.       Tip   h-Twist
   1  C/C      -2.63      1.44      3.48     22.54     -4.55     38.73
   2  C/G      -1.18      0.54      3.39      0.37     -5.16     41.38
   3  G/T      -1.83     -1.85      3.24    -10.63      5.42     27.27
   4  T/T      -0.18     -0.88      2.84    -19.88     16.84     37.77
   5  T/T      -1.15      0.81      3.74    -12.96     -1.56     43.49
   6  T/T       0.84      1.36      3.24    -13.15      0.86     40.59
   7  T/G      -0.47      0.75      3.53     -8.50     -0.17     43.12
   8  G/C       2.16     -0.71      3.40    -32.75     -4.84     43.28
   9  C/C      -3.98      1.61      2.82     42.40    -17.82     46.75
          ~~~~~~~~~~~~~~~~~~~~~~~~~~~~~~~~~~~~~~~~~~~~~~~~~~~~~~~~~~~~
      ave.     -0.94      0.34      3.30     -3.62     -1.22     40.26
      s.d.      1.82      1.21      0.31     22.87      9.29      5.57
****************************************************************************
xyz coordinates of C1' atoms

    bp        xI       yI       zI       xII      yII      zII
   1 G-C    -1.039   15.869    3.126   -8.782   14.409   -4.162
   2 G-C    -4.277   12.609    4.969   -7.186    9.280   -4.792
   3 C-G    -6.952    8.974    3.338   -2.761    6.460   -5.956
   4 A-T    -7.209    4.400    0.149    1.619    3.861   -5.140
   5 A-T    -5.473    0.643   -2.925    4.850    1.273   -2.579
   6 A-T    -1.265   -2.386   -4.960    6.512   -1.732    1.872
   7 A-T     2.970   -4.851   -5.833    4.996   -4.965    4.637
   8 C-G     6.471   -6.675   -2.964    1.462   -8.679    6.190
   9 G-C     8.166  -10.021    1.120   -1.828  -12.345    4.398
  10 G-C     7.193  -13.655    4.374   -2.817  -17.171    1.629
****************************************************************************
xyz coordinates of RN9/YN1 atoms

    bp        xI       yI       zI       xII      yII      zII
   1 G-C    -0.796   15.267    1.812   -7.340   14.159   -4.229
   2 G-C    -3.312   12.477    3.878   -5.856    9.730   -4.305
   3 C-G    -5.506    9.035    3.117   -2.097    6.877   -4.732
   4 A-T    -5.877    4.526    0.758    1.618    4.339   -3.753
   5 A-T    -4.748    0.943   -1.691    3.986    1.467   -1.412
   6 A-T    -1.595   -2.336   -3.532    5.070   -1.668    2.237
   7 A-T     1.965   -5.142   -4.840    3.679   -4.851    3.953
   8 C-G     5.133   -7.302   -2.878    0.950   -8.532    4.838
   9 G-C     6.958  -10.308    0.351   -1.323  -12.380    3.013
  10 G-C     6.569  -13.694    3.068   -1.662  -16.694    0.836
****************************************************************************
xyz coordinates of RC8/YC6 atoms

    bp        xI       yI       zI       xII      yII      zII
   1 G-C     0.433   14.979    1.275   -6.913   13.462   -5.329
   2 G-C    -1.944   12.503    3.995   -4.762    9.593   -5.138
   3 C-G    -4.720    9.177    4.217   -0.764    7.167   -4.618
   4 A-T    -5.633    5.003    2.020    2.836    4.620   -3.156
   5 A-T    -5.292    1.052   -0.442    4.617    1.534   -0.192
   6 A-T    -2.822   -2.559   -2.942    4.672   -1.645    3.568
   7 A-T     0.737   -5.627   -5.149    2.520   -4.975    4.704
   8 C-G     4.442   -7.549   -4.037   -0.360   -8.705    4.463
   9 G-C     6.832  -10.269   -1.021   -2.111  -12.972    2.059
  10 G-C     7.256  -13.489    1.905   -1.915  -16.409   -0.477
****************************************************************************
xyz coordinates of O1P atoms w.r.t. the middle frame of each dimer

    step       xI      yI      zI     xII     yII     zII
   1 GG/CC   -3.86   10.09    0.12   -5.02    9.84   -1.47
   2 GC/GC   -3.67    9.84    0.62   -4.46    9.79   -0.38
   3 CA/TG   -4.61    9.56    0.21   -4.95    9.67    0.85
   4 AA/TT   -5.09    9.53    0.71   -5.06    9.67   -0.64
   5 AA/TT   -4.28    9.35    1.67   -5.06    9.38   -0.31
   6 AA/TT   -3.17   10.18   -0.26   -4.68    9.86   -1.51
   7 AC/GT   -3.63    9.97   -0.03   -4.95    9.34   -1.49
   8 CG/CG   -4.46    9.42   -1.23   -3.38    9.86    1.03
   9 GG/CC   -3.77   10.16   -0.03   -3.81   10.33    0.76
****************************************************************************
xyz coordinates of O1P atoms w.r.t. the middle helix frame of each dimer

    step      xIH     yIH     zIH     xIIH    yIIH    zIIH
   1 GG/CC   -5.28   10.72    2.99   -6.35    8.67    1.83
   2 GC/GC   -4.10    9.61    0.03   -4.90   10.02   -0.28
   3 CA/TG   -8.15    8.99    2.16   -8.61    9.72    2.41
   4 AA/TT   -4.86    9.00   -1.52   -4.31    9.22   -4.52
   5 AA/TT   -4.85   10.07   -0.16   -5.64    8.64   -1.43
   6 AA/TT   -1.46   10.99   -2.20   -3.14    8.43   -3.00
   7 AC/GT   -4.06    9.45   -0.42   -5.11    9.67   -2.81
   8 CG/CG   -3.84    9.25   -4.00   -3.11    9.43   -0.87
   9 GG/CC   -6.81   10.20    3.00   -6.46    8.88    4.50
****************************************************************************
xyz coordinates of O2P atoms w.r.t. the middle frame of each dimer

    step       xI      yI      zI     xII     yII     zII
   1 GG/CC   -1.58    9.41    1.07   -2.74   10.42   -0.46
   2 GC/GC   -1.54    8.92    1.72   -2.53    8.98    1.09
   3 CA/TG   -2.39    9.07    1.39   -2.61    9.12    1.73
   4 AA/TT   -2.96    8.88    1.97   -2.85    9.61    0.68
   5 AA/TT   -2.12    8.43    2.70   -2.76    9.19    0.81
   6 AA/TT   -1.40    9.31    1.38   -2.46    9.31   -0.35
   7 AC/GT   -1.77    9.07    1.49   -3.21    9.30    0.39
   8 CG/CG   -2.44    9.38    0.36   -1.49    8.51    2.14
   9 GG/CC   -1.49    9.33    0.78   -1.44    9.85    1.60
****************************************************************************
xyz coordinates of O2P atoms w.r.t. the middle helix frame of each dimer

    step      xIH     yIH     zIH     xIIH    yIIH    zIIH
   1 GG/CC   -3.04    9.77    3.80   -4.02    8.94    2.86
   2 GC/GC   -2.07    8.73    1.33   -2.85    9.25    1.05
   3 CA/TG   -5.89    8.31    3.14   -6.31    9.00    3.27
   4 AA/TT   -2.53    8.73   -0.49   -2.36    9.63   -2.90
   5 AA/TT   -2.78    9.34    1.17   -3.26    8.62   -0.46
   6 AA/TT    0.23   10.43   -0.35   -0.86    8.08   -1.87
   7 AC/GT   -2.03    8.66    0.94   -3.59    9.79   -0.74
   8 CG/CG   -2.06    9.61   -2.19   -1.07    8.35    0.26
   9 GG/CC   -4.59    9.11    3.69   -4.03    8.19    4.90
****************************************************************************
xyz coordinates of P atoms w.r.t. the middle frame of each dimer

    step       xI      yI      zI     xII     yII     zII
   1 GG/CC   -2.87    9.04    0.46   -3.71    9.40   -0.92
   2 GC/GC   -2.67    8.75    0.77   -3.47    8.75   -0.03
   3 CA/TG   -3.44    8.67    0.44   -3.72    8.85    0.78
   4 AA/TT   -3.98    8.57    0.94   -3.83    8.95   -0.22
   5 AA/TT   -3.18    8.36    1.67   -3.77    8.65   -0.13
   6 AA/TT   -2.45    9.04    0.37   -3.60    8.89   -1.20
   7 AC/GT   -2.72    8.86    0.37   -3.82    8.67   -0.81
   8 CG/CG   -3.32    8.70   -0.62   -2.54    8.63    1.10
   9 GG/CC   -2.74    9.10    0.02   -2.65    9.42    0.86
****************************************************************************
xyz coordinates of P atoms w.r.t. the middle helix frame of each dimer

    step      xIH     yIH     zIH     xIIH    yIIH    zIIH
   1 GG/CC   -4.30    9.60    3.04   -5.02    8.10    2.15
   2 GC/GC   -3.12    8.53    0.30   -3.88    8.98    0.01
   3 CA/TG   -6.98    8.08    2.17   -7.37    8.92    2.24
   4 AA/TT   -3.70    8.14   -1.19   -3.19    8.70   -3.69
   5 AA/TT   -3.76    9.10    0.09   -4.34    7.95   -1.23
   6 AA/TT   -0.77    9.99   -1.35   -2.04    7.52   -2.58
   7 AC/GT   -3.11    8.37   -0.04   -4.07    9.06   -1.94
   8 CG/CG   -2.81    8.70   -3.09   -2.26    8.24   -0.63
   9 GG/CC   -5.77    9.17    2.79   -5.31    8.00    4.17
****************************************************************************
xyz coordinates of P atoms

    bp        xI       yI       zI       xII      yII      zII
   1 G-C     ----     ----     ----   -11.009   10.000   -7.137
   2 G-C    -1.173   15.930    7.318   -5.193    7.345   -9.192
   3 C-G    -6.630   11.042    7.892    1.346    5.332   -9.175
   4 A-T   -10.258    6.513    3.956    6.769    2.284   -6.088
   5 A-T   -10.117    1.842   -1.366    9.545    0.280    0.134
   6 A-T    -6.301   -2.024   -5.840    8.187   -3.134    6.500
   7 A-T    -0.717   -3.930   -9.113    3.513   -7.149    9.295
   8 C-G     6.418   -5.681   -7.972   -3.086  -10.245    7.727
   9 G-C    10.660   -7.000   -2.354   -6.477  -15.247    3.843
  10 G-C    11.596  -11.251    2.876    ----     ----     ---- 
*******************************************************************************************
Phosphorus-phosphorus distance in Angstroms

            1      2      3      4      5      6      7      8      9     10
            C      C      G      T      T      T      T      G      C      C   
   1 G    ----   ----   ----   ----   ----   ----   ----   ----   ----   ----
   2 G    18.5   19.0   19.8   20.7   20.3   21.3   23.6   26.2   31.8   ----
   3 C    15.7   17.5   19.7   21.3   20.9   20.6   20.9   21.6   26.6   ----
   4 A    11.7   14.1   17.6   20.2   21.1   21.0   20.1   18.6   22.1   ----
   5 A    10.0   10.8   14.3   17.5   19.8   20.5   19.5   16.7   18.2   ----
   6 A    13.0   10.0   11.1   13.8   17.1   19.1   18.8   16.2   16.4   ----
   7 A    17.4   12.1    9.5   10.2   14.4   18.0   19.2   18.1   18.1   ----
   8 C    23.5   17.5   12.2    8.2   10.5   14.8   17.6   18.9   19.9   ----
   9 G    28.0   22.4   16.9   10.7    7.8   10.0   13.7   17.4   20.0   ----
  10 G    32.6   27.8   22.9   16.9   12.0    9.5   11.1   15.5   18.5   ----
****************************************************************************
Strand I helix radius

    step          P        O4'       C1'
   1  G/G      10.02      6.91      6.38
   2  G/C       8.35      5.47      4.94
   3  C/A      11.24      9.65      8.83
   4  A/A       8.88      5.64      5.45
   5  A/A       9.35      6.54      6.21
   6  A/A       9.58      6.28      6.03
   7  A/C       7.76      5.10      4.43
   8  C/G      11.67      8.90      8.28
   9  G/G       8.69      5.85      5.25
****************************************************************************
Strand II helix radius

    step          P        O4'       C1'
   1  C/C       9.31      6.83      6.09
   2  C/G       9.15      6.82      6.08
   3  G/T      11.97      8.76      8.29
   4  T/T       9.89      6.53      6.26
   5  T/T       9.01      6.19      5.75
   6  T/T       7.91      4.55      4.21
   7  T/G       8.83      5.79      5.44
   8  G/C       8.44      5.26      5.25
   9  C/C       7.32      6.80      6.17
****************************************************************************************
Base-pair helix axis

               Ox      Oy      Oz     Xx    Xy    Xz   Yx    Yy    Yz    Zx    Zy    Zz
   1 GG/CC   -2.85   13.73   -3.91  0.69 -0.29 -0.67  0.70  0.52  0.50  0.20 -0.81  0.55
             -2.15   10.92   -1.97  0.96  0.05 -0.27  0.19  0.59  0.79  0.20 -0.81  0.55
   2 GC/GC   -2.81   11.64   -0.56  0.96  0.09 -0.27  0.23  0.27  0.93  0.16 -0.96  0.24
             -2.27    8.43    0.24  0.87  0.25  0.43 -0.47  0.14  0.87  0.16 -0.96  0.24
   3 CA/TG    0.56    8.88    1.84  0.88  0.13  0.46 -0.48  0.35  0.81 -0.06 -0.93  0.37
              0.39    6.19    2.90  0.53  0.28  0.80 -0.85  0.24  0.47 -0.06 -0.93  0.37
   4 AA/TT   -1.77    4.90   -0.25  0.57  0.15  0.81 -0.77 -0.27  0.59  0.30 -0.95 -0.04
             -0.80    1.85   -0.37 -0.01 -0.04  1.00 -0.95 -0.30 -0.02  0.30 -0.95 -0.04
   5 AA/TT    0.21    2.17    0.51 -0.03  0.21  0.98 -0.99 -0.14 -0.01  0.13 -0.97  0.22
              0.67   -1.20    1.26 -0.71  0.06  0.70 -0.70 -0.25 -0.68  0.13 -0.97  0.22
   6 AA/TT    2.61   -1.17   -0.07 -0.70  0.03  0.71 -0.69 -0.26 -0.67  0.16 -0.96  0.21
              3.13   -4.24    0.59 -0.98 -0.14  0.11 -0.07 -0.22 -0.97  0.16 -0.96  0.21
   7 AC/GT    0.86   -4.93   -0.78 -0.94 -0.31  0.12 -0.09 -0.12 -0.99  0.32 -0.94  0.09
              2.08   -8.50   -0.44 -0.76 -0.31 -0.56  0.56  0.11 -0.82  0.32 -0.94  0.09
   8 CG/CG    2.06   -8.39    0.79 -0.82 -0.06 -0.57  0.57 -0.05 -0.82  0.02 -1.00  0.07
              2.12  -11.64    1.02 -0.33 -0.07 -0.94  0.94 -0.01 -0.33  0.02 -1.00  0.07
   9 GG/CC    0.97  -12.37   -2.01 -0.35 -0.13 -0.93  0.75  0.56 -0.36  0.56 -0.82 -0.10
              2.95  -15.27   -2.37  0.18  0.24 -0.96  0.81  0.52  0.28  0.56 -0.82 -0.10
****************************************************************************************
Strand I helix axis

               Ox      Oy      Oz     Xx    Xy    Xz   Yx    Yy    Yz    Zx    Zy    Zz
   1  G/G    -3.46   14.15   -2.66  0.73 -0.25 -0.63  0.68  0.34  0.65  0.05 -0.90  0.42
             -3.29   11.19   -1.28  0.98 -0.04 -0.21  0.21  0.42  0.88  0.05 -0.90  0.42
   2  G/C    -2.97   11.61    0.29  0.97  0.03 -0.22  0.22  0.15  0.97  0.07 -0.99  0.13
             -2.76    8.49    0.72  0.86  0.13  0.50 -0.51  0.08  0.85  0.07 -0.99  0.13
   3  C/A     1.95    8.22    1.40  0.86  0.08  0.50 -0.45  0.59  0.68 -0.24 -0.81  0.54
              1.36    6.22    2.74  0.46  0.40  0.80 -0.86  0.44  0.27 -0.24 -0.81  0.54
   4  A/A    -1.65    4.71   -1.27  0.47  0.31  0.83 -0.77 -0.31  0.56  0.43 -0.90  0.09
             -0.16    1.58   -0.96 -0.09  0.06  0.99 -0.90 -0.43 -0.05  0.43 -0.90  0.09
   5  A/A    -0.05    1.65    0.09 -0.12  0.25  0.96 -0.97 -0.22 -0.07  0.19 -0.94  0.27
              0.58   -1.38    0.95 -0.76  0.03  0.65 -0.63 -0.33 -0.71  0.19 -0.94  0.27
   6  A/A     2.86   -1.29   -0.59 -0.76  0.02  0.66 -0.62 -0.36 -0.70  0.22 -0.93  0.28
              3.53   -4.13    0.26 -0.98 -0.21  0.06  0.00 -0.29 -0.96  0.22 -0.93  0.28
   7  A/C     0.46   -5.50   -2.25 -0.83 -0.55  0.12 -0.03 -0.16 -0.99  0.56 -0.82  0.11
              2.58   -8.60   -1.82 -0.65 -0.52 -0.56  0.52  0.24 -0.82  0.56 -0.82  0.11
   8  C/G    -0.53   -9.73    0.27 -0.83 -0.13 -0.54  0.45  0.41 -0.79  0.32 -0.90 -0.28
              0.25  -11.91   -0.40 -0.43  0.12 -0.89  0.84  0.41 -0.35  0.32 -0.90 -0.28
   9  G/G     3.22  -11.50    0.06 -0.34 -0.19 -0.92  0.92  0.11 -0.37  0.17 -0.97  0.14
              3.85  -15.03    0.57  0.27 -0.09 -0.96  0.95  0.20  0.25  0.17 -0.97  0.14
****************************************************************************************
Strand II helix axis

               Ox      Oy      Oz     Xx    Xy    Xz   Yx    Yy    Yz    Zx    Zy    Zz
   1  C/C    -2.40   13.30   -4.74  0.64 -0.35 -0.68  0.70  0.64  0.33  0.32 -0.69  0.65
             -1.29   10.90   -2.47  0.94  0.13 -0.33  0.14  0.71  0.69  0.32 -0.69  0.65
   2  C/G    -2.57   11.54   -1.48  0.94  0.14 -0.32  0.24  0.40  0.89  0.25 -0.91  0.34
             -1.71    8.47   -0.33  0.86  0.37  0.35 -0.44  0.20  0.87  0.25 -0.91  0.34
   3  G/T    -2.07    8.54    2.14  0.90  0.20  0.40 -0.41  0.02  0.91  0.17 -0.98  0.10
             -1.51    5.37    2.46  0.61  0.18  0.77 -0.77 -0.07  0.63  0.17 -0.98  0.10
   4  T/T    -1.75    4.96    0.57  0.64 -0.01  0.77 -0.75 -0.23  0.62  0.17 -0.97 -0.16
             -1.26    2.20    0.12  0.04 -0.15  0.99 -0.98 -0.18  0.01  0.17 -0.97 -0.16
   5  T/T     0.46    2.62    1.01  0.04  0.17  0.99 -1.00 -0.06  0.05  0.06 -0.98  0.16
              0.70   -1.06    1.62 -0.66  0.08  0.75 -0.75 -0.15 -0.64  0.06 -0.98  0.16
   6  T/T     2.41   -1.10    0.48 -0.66  0.04  0.75 -0.75 -0.16 -0.64  0.09 -0.99  0.13
              2.72   -4.30    0.91 -0.99 -0.07  0.15 -0.14 -0.15 -0.98  0.09 -0.99  0.13
   7  T/G     1.34   -4.53    0.52 -0.99 -0.06  0.15 -0.15 -0.07 -0.99  0.06 -1.00  0.06
              1.57   -8.05    0.72 -0.82 -0.08 -0.56  0.56 -0.01 -0.83  0.06 -1.00  0.06
   8  G/C     4.52   -8.31    1.09 -0.82 -0.01 -0.57  0.52 -0.42 -0.74 -0.24 -0.91  0.35
              3.71  -11.39    2.26 -0.24 -0.29 -0.93  0.94 -0.30 -0.15 -0.24 -0.91  0.35
   9  C/C     0.10  -13.62   -2.68 -0.41 -0.13 -0.90  0.48  0.81 -0.34  0.77 -0.58 -0.27
              2.28  -15.24   -3.45  0.07  0.50 -0.86  0.63  0.65  0.43  0.77 -0.58 -0.27
