  10 # base-pairs
   1 # ***local base-pair & helical parameters***
#        Shear    Stretch   Stagger   Buckle   Prop-Tw   Opening     X-disp    Y-disp    h-Rise    Incl.     Tip     h-Twist
G-C      0.275     0.028     0.766    14.414     8.083     5.383     0.000     0.000     0.000     0.000     0.000     0.000
G-C      0.521    -0.007     0.135    10.948    -7.366     2.291    -1.404     1.166     3.481    18.441    -2.875    34.433
C-G      0.894    -0.193    -0.170     2.132   -15.428     5.006    -0.439    -0.252     3.346    -1.729    -5.064    42.393
A-T     -0.345    -0.013     0.119     2.681     4.701     9.142    -3.715    -0.359     2.899    10.972     2.459    29.401
A-T     -0.053     0.002     0.846    14.388    -1.576     8.211     0.318    -0.412     3.199   -19.574    10.258    36.945
A-T      0.593     0.079     0.214    16.466    -8.489     6.641    -0.558     0.645     3.490    -9.836    -4.487    43.468
A-T      0.801     0.104     0.200    14.258   -15.823     4.077     1.760     1.099     3.180   -10.787    -2.916    40.096
C-G      0.729    -0.247     0.650    -7.006   -12.695    -0.375    -0.432    -0.543     3.788    -4.977     7.081    41.390
G-C     -0.489    -0.211    -0.241    -1.971    20.005    -2.543     0.270     0.470     3.259   -14.300    -8.137    35.940
G-C      0.012    -0.062    -1.035   -17.774   -11.462    -1.415    -3.056     0.581     3.528    20.416    -5.622    37.400
