  10 # base-pairs
   0 # ***local base-pair & step parameters***
#        Shear    Stretch   Stagger   Buckle   Prop-Tw   Opening     Shift     Slide     Rise      Tilt      Roll      Twist
G-C      0.275     0.028     0.766    14.414     8.083     5.383     0.000     0.000     0.000     0.000     0.000     0.000
G-C      0.521    -0.007     0.135    10.948    -7.366     2.291    -0.519     0.269     3.597     1.674    10.740    32.721
C-G      0.894    -0.193    -0.170     2.132   -15.428     5.006     0.457    -0.411     3.310     3.657    -1.249    42.225
A-T     -0.345    -0.013     0.119     2.681     4.701     9.142     0.055    -1.318     3.202    -1.241     5.535    28.861
A-T     -0.053     0.002     0.846    14.388    -1.576     8.211    -0.282    -0.835     3.093    -6.356   -12.127    34.397
A-T      0.593     0.079     0.214    16.466    -8.489     6.641    -0.226    -0.966     3.406     3.306    -7.247    42.767
A-T      0.801     0.104     0.200    14.258   -15.823     4.077    -0.596     0.624     3.375     1.988    -7.355    39.395
C-G      0.729    -0.247     0.650    -7.006   -12.695    -0.375    -0.054    -0.613     3.769    -4.988    -3.506    40.957
G-C     -0.489    -0.211    -0.241    -1.971    20.005    -2.543     0.151    -0.609     3.216     4.958    -8.714    34.558
G-C      0.012    -0.062    -1.035   -17.774   -11.462    -1.415    -0.017    -0.671     3.997     3.531    12.824    35.034
