****************************************************************************
CEHS base-pair parameters
     bp        Shear    Stretch   Stagger    Buckle  Propeller  Opening
    1 G-C       0.28      0.03      0.77     14.41      8.13      5.34
    2 G-C       0.52     -0.01      0.13     10.94     -7.39      2.28
    3 C-G       0.89     -0.19     -0.17      2.13    -15.44      4.96
    4 A-T      -0.34     -0.01      0.12      2.68      4.72      9.13
    5 A-T      -0.05      0.00      0.85     14.40     -1.59      8.17
    6 A-T       0.59      0.07      0.21     16.46     -8.56      6.58
    7 A-T       0.80      0.10      0.20     14.22    -15.91      4.02
    8 C-G       0.73     -0.24      0.65     -6.99    -12.71     -0.37
    9 G-C      -0.49     -0.21     -0.24     -1.96     20.01     -2.50
   10 G-C       0.01     -0.06     -1.03    -17.74    -11.56     -1.40
          ~~~~~~~~~~~~~~~~~~~~~~~~~~~~~~~~~~~~~~~~~~~~~~~~~~~~~~~~~~~~
      ave.      0.29     -0.05      0.15      4.85     -4.03      3.62
      s.d.      0.49      0.12      0.56     11.31     11.76      4.02
****************************************************************************
CEHS base-pair step parameters
    step       Shift     Slide      Rise      Tilt      Roll     Twist
   1 GG/CC     -0.51      0.27      3.60      1.48     10.88     33.14
   2 GC/GC      0.46     -0.42      3.31      3.44     -1.37     42.11
   3 CA/TG      0.05     -1.32      3.20     -0.71      5.47     28.77
   4 AA/TT     -0.27     -0.83      3.10     -6.50    -12.28     34.52
   5 AA/TT     -0.21     -0.97      3.40      3.29     -7.35     42.99
   6 AA/TT     -0.58      0.61      3.38      2.03     -7.44     39.54
   7 AC/GT     -0.06     -0.62      3.77     -4.67     -3.47     40.26
   8 CG/CG      0.15     -0.61      3.21      4.74     -8.77     34.82
   9 GG/CC     -0.02     -0.68      4.00      3.79     12.75     34.52
          ~~~~~~~~~~~~~~~~~~~~~~~~~~~~~~~~~~~~~~~~~~~~~~~~~~~~~~~~~~~~
      ave.     -0.11     -0.51      3.44      0.76     -1.29     36.74
      s.d.      0.33      0.60      0.29      3.95      8.99      4.72
****************************************************************************
CompDNA base-pair parameters
     bp        Shear    Stretch   Stagger    Buckle  Propeller  Opening
    1 G-C       0.27      0.03      0.77     14.37      8.13      5.41
    2 G-C       0.52     -0.01      0.14     10.92     -7.39      2.30
    3 C-G       0.89     -0.19     -0.17      2.11    -15.43      4.96
    4 A-T      -0.34     -0.01      0.12      2.68      4.70      9.14
    5 A-T      -0.05      0.00      0.85     14.39     -1.58      8.28
    6 A-T       0.59      0.08      0.21     16.41     -8.55      6.69
    7 A-T       0.80      0.10      0.20     14.08    -15.90      4.07
    8 C-G       0.73     -0.24      0.65     -6.95    -12.71     -0.37
    9 G-C      -0.49     -0.21     -0.24     -1.93     20.01     -2.50
   10 G-C       0.01     -0.06     -1.03    -17.65    -11.55     -1.43
          ~~~~~~~~~~~~~~~~~~~~~~~~~~~~~~~~~~~~~~~~~~~~~~~~~~~~~~~~~~~~
      ave.      0.29     -0.05      0.15      4.84     -4.03      3.65
      s.d.      0.49      0.12      0.56     11.26     11.75      4.05
****************************************************************************
CompDNA base-pair step parameters
    step       Shift     Slide      Rise      Tilt      Roll     Twist
   1 GG/CC     -0.52      0.27      3.60      1.66     10.74     33.02
   2 GC/GC      0.46     -0.41      3.31      3.65     -1.26     42.14
   3 CA/TG      0.05     -1.32      3.20     -1.24      5.54     28.73
   4 AA/TT     -0.28     -0.84      3.09     -6.32    -12.14     34.34
   5 AA/TT     -0.23     -0.96      3.41      3.28     -7.26     42.96
   6 AA/TT     -0.59      0.63      3.38      1.93     -7.37     39.51
   7 AC/GT     -0.06     -0.61      3.77     -4.99     -3.49     40.29
   8 CG/CG      0.15     -0.61      3.22      4.95     -8.71     34.77
   9 GG/CC     -0.01     -0.67      4.00      3.47     12.84     34.31
          ~~~~~~~~~~~~~~~~~~~~~~~~~~~~~~~~~~~~~~~~~~~~~~~~~~~~~~~~~~~~
      ave.     -0.11     -0.50      3.44      0.71     -1.23     36.67
      s.d.      0.33      0.60      0.29      4.01      8.95      4.76
****************************************************************************
Curves base-pair parameters (by Xiang-Jun Lu)
     bp        Shear    Stretch   Stagger    Buckle  Propeller  Opening
    1 G-C       0.27      0.03      0.77     14.47      8.00      5.38
    2 G-C       0.52     -0.01      0.14     10.99     -7.32      2.29
    3 C-G       0.89     -0.19     -0.17      2.16    -15.42      5.01
    4 A-T      -0.34     -0.01      0.12      2.69      4.70      9.14
    5 A-T      -0.05      0.00      0.85     14.39     -1.56      8.21
    6 A-T       0.59      0.08      0.22     16.54     -8.37      6.64
    7 A-T       0.80      0.11      0.20     14.48    -15.66      4.08
    8 C-G       0.73     -0.25      0.65     -7.08    -12.66     -0.37
    9 G-C      -0.49     -0.21     -0.24     -2.02     20.00     -2.54
   10 G-C       0.01     -0.06     -1.05    -17.92    -11.28     -1.42
          ~~~~~~~~~~~~~~~~~~~~~~~~~~~~~~~~~~~~~~~~~~~~~~~~~~~~~~~~~~~~
      ave.      0.29     -0.05      0.15      4.87     -3.96      3.64
      s.d.      0.49      0.13      0.56     11.41     11.67      4.04
****************************************************************************
Curves base-pair step parameters
    step       Shift     Slide      Rise      Tilt      Roll     Twist
   1 GG/CC     -0.52      0.27      3.61      1.69     10.74     32.29
   2 GC/GC      0.46     -0.41      3.31      3.66     -1.24     42.33
   3 CA/TG      0.06     -1.32      3.21     -1.25      5.53     28.96
   4 AA/TT     -0.28     -0.83      3.12     -6.42    -12.10     34.32
   5 AA/TT     -0.22     -0.97      3.41      3.34     -7.23     42.51
   6 AA/TT     -0.60      0.62      3.38      2.05     -7.34     39.20
   7 AC/GT     -0.05     -0.61      3.77     -4.98     -3.52     41.65
   8 CG/CG      0.15     -0.61      3.23      4.97     -8.71     34.28
   9 GG/CC     -0.02     -0.67      4.02      3.61     12.80     35.57
          ~~~~~~~~~~~~~~~~~~~~~~~~~~~~~~~~~~~~~~~~~~~~~~~~~~~~~~~~~~~~
      ave.     -0.11     -0.50      3.45      0.74     -1.23     36.79
      s.d.      0.33      0.60      0.30      4.06      8.93      4.85
****************************************************************************
FreeHelix base-pair parameters (by Xiang-Jun Lu)
     bp        Shear    Stretch   Stagger    Buckle  Propeller  Opening
    1 G-C       0.27      0.03      0.77     14.40      8.19      5.41
    2 G-C       0.52     -0.01      0.14     10.94     -7.42      2.30
    3 C-G       0.89     -0.19     -0.17      2.13    -15.43      4.96
    4 A-T      -0.34     -0.01      0.12      2.68      4.70      9.14
    5 A-T      -0.05      0.00      0.85     14.39     -1.60      8.28
    6 A-T       0.59      0.08      0.21     16.45     -8.64      6.69
    7 A-T       0.80      0.10      0.20     14.21    -16.03      4.07
    8 C-G       0.73     -0.24      0.65     -6.99    -12.73     -0.37
    9 G-C      -0.49     -0.21     -0.24     -1.96     20.01     -2.50
   10 G-C       0.01     -0.06     -1.03    -17.74    -11.69     -1.43
          ~~~~~~~~~~~~~~~~~~~~~~~~~~~~~~~~~~~~~~~~~~~~~~~~~~~~~~~~~~~~
      ave.      0.29     -0.05      0.15      4.85     -4.06      3.65
      s.d.      0.49      0.12      0.56     11.31     11.79      4.05
****************************************************************************
FreeHelix base-pair step parameters
    step       Shift     Slide      Rise      Tilt      Roll     Twist
   1 GG/CC     -0.52      0.27      3.60      1.66     10.74     33.02
   2 GC/GC      0.46     -0.41      3.31      3.65     -1.26     42.14
   3 CA/TG      0.05     -1.32      3.20     -1.24      5.54     28.73
   4 AA/TT     -0.28     -0.84      3.09     -6.35    -12.16     34.34
   5 AA/TT     -0.23     -0.96      3.41      3.28     -7.26     42.96
   6 AA/TT     -0.59      0.63      3.38      1.94     -7.37     39.51
   7 AC/GT     -0.06     -0.61      3.77     -5.00     -3.50     40.29
   8 CG/CG      0.15     -0.61      3.22      4.96     -8.72     34.77
   9 GG/CC     -0.01     -0.67      4.00      3.48     12.85     34.31
          ~~~~~~~~~~~~~~~~~~~~~~~~~~~~~~~~~~~~~~~~~~~~~~~~~~~~~~~~~~~~
      ave.     -0.11     -0.50      3.44      0.71     -1.24     36.67
      s.d.      0.33      0.60      0.29      4.03      8.96      4.76
****************************************************************************
NGEOM base-pair parameters
     bp        Shear    Stretch   Stagger    Buckle  Propeller  Opening
    1 G-C       0.28      0.03      0.77     14.41      8.08      5.38
    2 G-C       0.52     -0.01      0.13     10.95     -7.37      2.29
    3 C-G       0.89     -0.19     -0.17      2.13    -15.43      5.01
    4 A-T      -0.34     -0.01      0.12      2.68      4.70      9.14
    5 A-T      -0.05      0.00      0.85     14.39     -1.58      8.21
    6 A-T       0.59      0.08      0.21     16.47     -8.49      6.64
    7 A-T       0.80      0.10      0.20     14.26    -15.82      4.08
    8 C-G       0.73     -0.25      0.65     -7.01    -12.69     -0.37
    9 G-C      -0.49     -0.21     -0.24     -1.97     20.01     -2.54
   10 G-C       0.01     -0.06     -1.03    -17.77    -11.46     -1.42
          ~~~~~~~~~~~~~~~~~~~~~~~~~~~~~~~~~~~~~~~~~~~~~~~~~~~~~~~~~~~~
      ave.      0.29     -0.05      0.15      4.85     -4.00      3.64
      s.d.      0.49      0.12      0.56     11.32     11.72      4.04
****************************************************************************
NGEOM base-pair step parameters
    step       Shift     Slide      Rise      Tilt      Roll     Twist
   1 GG/CC     -0.51      0.32      3.59      1.67     10.74     32.72
   2 GC/GC      0.48     -0.42      3.31      3.66     -1.25     42.22
   3 CA/TG      0.05     -1.30      3.21     -1.24      5.54     28.86
   4 AA/TT     -0.31     -0.88      3.08     -6.36    -12.13     34.40
   5 AA/TT     -0.21     -1.01      3.40      3.31     -7.25     42.77
   6 AA/TT     -0.59      0.59      3.38      1.99     -7.35     39.39
   7 AC/GT     -0.08     -0.63      3.77     -4.99     -3.51     40.96
   8 CG/CG      0.17     -0.65      3.21      4.96     -8.71     34.56
   9 GG/CC      0.00     -0.60      4.01      3.53     12.82     35.03
          ~~~~~~~~~~~~~~~~~~~~~~~~~~~~~~~~~~~~~~~~~~~~~~~~~~~~~~~~~~~~
      ave.     -0.11     -0.51      3.44      0.73     -1.23     36.77
      s.d.      0.34      0.61      0.30      4.03      8.95      4.78
****************************************************************************
NUPARM base-pair parameters
     bp        Shear    Stretch   Stagger    Buckle  Propeller  Opening
    1 G-C       0.28      0.03      0.76     14.42      8.07      5.33
    2 G-C       0.52     -0.01      0.13     10.94     -7.36      2.28
    3 C-G       0.89     -0.19     -0.17      2.13    -15.44      4.96
    4 A-T      -0.34     -0.01      0.12      2.69      4.72      9.13
    5 A-T      -0.05      0.00      0.85     14.42     -1.58      8.15
    6 A-T       0.59      0.07      0.21     16.48     -8.47      6.55
    7 A-T       0.80      0.10      0.20     14.22    -15.79      4.01
    8 C-G       0.73     -0.24      0.65     -6.99    -12.69     -0.37
    9 G-C      -0.49     -0.21     -0.24     -1.96     20.01     -2.50
   10 G-C       0.01     -0.06     -1.03    -17.75    -11.42     -1.39
          ~~~~~~~~~~~~~~~~~~~~~~~~~~~~~~~~~~~~~~~~~~~~~~~~~~~~~~~~~~~~
      ave.      0.29     -0.05      0.15      4.86     -3.99      3.61
      s.d.      0.49      0.12      0.56     11.32     11.72      4.01
****************************************************************************
NUPARM base-pair step parameters
    step       Shift     Slide      Rise      Tilt      Roll     Twist
   1 GG/CC     -0.49      0.37      3.59      1.60     11.46     32.98
   2 GC/GC      0.50     -0.44      3.30      3.72     -1.43     42.08
   3 CA/TG      0.05     -1.28      3.22     -0.72      5.62     28.73
   4 AA/TT     -0.32     -0.93      3.06     -6.69    -13.05     34.27
   5 AA/TT     -0.15     -1.06      3.38      3.72     -7.85     42.86
   6 AA/TT     -0.56      0.53      3.40      2.28     -7.76     39.44
   7 AC/GT     -0.11     -0.66      3.76     -4.94     -3.60     40.21
   8 CG/CG      0.20     -0.69      3.20      4.96     -9.20     34.68
   9 GG/CC      0.02     -0.54      4.02      3.99     13.27     34.27
          ~~~~~~~~~~~~~~~~~~~~~~~~~~~~~~~~~~~~~~~~~~~~~~~~~~~~~~~~~~~~
      ave.     -0.09     -0.52      3.44      0.88     -1.39     36.62
      s.d.      0.34      0.61      0.30      4.16      9.44      4.74
****************************************************************************
NUPARM base-pair helical parameters
    step       X-disp    Y-disp   h-Rise     Incl.       Tip   h-Twist
   1 GG/CC     -1.53      1.16      3.50     19.08     -2.58     35.00
   2 GC/GC     -0.45     -0.28      3.34     -1.86     -4.82     42.26
   3 CA/TG     -3.78     -0.25      2.91     10.75      1.38     29.27
   4 AA/TT      0.39     -0.46      3.21    -19.99     10.06     37.22
   5 AA/TT     -0.57      0.63      3.50    -10.00     -4.72     43.72
   6 AA/TT      1.77      1.12      3.19    -10.82     -3.27     40.25
   7 AC/GT     -0.49     -0.53      3.79     -4.68      6.64     40.64
   8 CG/CG      0.29      0.44      3.27    -14.48     -7.62     36.22
   9 GG/CC     -3.27      0.64      3.57     19.92     -6.16     36.77
          ~~~~~~~~~~~~~~~~~~~~~~~~~~~~~~~~~~~~~~~~~~~~~~~~~~~~~~~~~~~~
      ave.     -0.85      0.27      3.36     -1.34     -1.23     37.93
      s.d.      1.77      0.66      0.26     14.63      6.05      4.38
****************************************************************************
RNA base-pair parameters
     bp        Shear    Stretch   Stagger    Buckle  Propeller  Opening
    1 G-C       0.29     -0.00      0.77     14.42      8.09      5.35
    2 G-C       0.51     -0.02      0.13     10.95     -7.37      2.28
    3 C-G       0.89     -0.20     -0.18      2.13    -15.43      4.97
    4 A-T      -0.34     -0.03      0.13      2.68      4.71      9.14
    5 A-T      -0.05     -0.04      0.84     14.40     -1.58      8.17
    6 A-T       0.57      0.04      0.20     16.48     -8.49      6.58
    7 A-T       0.77      0.07      0.19     14.26    -15.83      4.03
    8 C-G       0.74     -0.25      0.65     -7.01    -12.69     -0.37
    9 G-C      -0.49     -0.21     -0.25     -1.97     20.01     -2.52
   10 G-C       0.04     -0.11     -1.03    -17.77    -11.46     -1.40
          ~~~~~~~~~~~~~~~~~~~~~~~~~~~~~~~~~~~~~~~~~~~~~~~~~~~~~~~~~~~~
      ave.      0.29     -0.07      0.15      4.86     -4.01      3.62
      s.d.      0.49      0.11      0.56     11.33     11.73      4.02
****************************************************************************
RNA base-pair step parameters
    step       Shift     Slide      Rise      Tilt      Roll     Twist
   1 GG/CC     -0.42      0.28      3.55      1.63     11.02     32.61
   2 GC/GC      0.44     -0.47      3.16      3.64     -1.32     42.20
   3 CA/TG     -0.01     -1.36      3.23     -0.98      5.55     28.84
   4 AA/TT     -0.31     -0.95      3.23     -6.48    -12.49     34.26
   5 AA/TT     -0.20     -1.11      3.41      3.48     -7.46     42.67
   6 AA/TT     -0.57      0.51      3.34      2.14     -7.48     39.31
   7 AC/GT     -0.02     -0.65      3.43     -4.90     -3.51     40.92
   8 CG/CG      0.22     -0.63      3.29      4.92     -8.88     34.46
   9 GG/CC     -0.05     -0.58      3.76      3.75     12.96     34.88
          ~~~~~~~~~~~~~~~~~~~~~~~~~~~~~~~~~~~~~~~~~~~~~~~~~~~~~~~~~~~~
      ave.     -0.10     -0.55      3.38      0.80     -1.29     36.68
      s.d.      0.31      0.61      0.19      4.06      9.12      4.79
****************************************************************************
RNA base-pair helical parameters
    step       X-disp    Y-disp   h-Rise     Incl.       Tip   h-Twist
   1 GG/CC     -1.47      1.00      3.43     18.65     -2.77     34.46
   2 GC/GC     -0.51     -0.22      3.20     -1.79     -4.93     42.38
   3 CA/TG     -3.83     -0.19      2.91     10.88      1.92     29.39
   4 AA/TT      0.32     -0.45      3.37    -19.82     10.28     37.04
   5 AA/TT     -0.69      0.65      3.52     -9.89     -4.61     43.46
   6 AA/TT      1.64      1.08      3.15    -10.77     -3.07     40.07
   7 AC/GT     -0.51     -0.56      3.45     -4.88      6.82     41.36
   8 CG/CG      0.33      0.40      3.34    -14.36     -7.96     35.92
   9 GG/CC     -2.88      0.65      3.30     20.31     -5.87     37.40
          ~~~~~~~~~~~~~~~~~~~~~~~~~~~~~~~~~~~~~~~~~~~~~~~~~~~~~~~~~~~~
      ave.     -0.84      0.26      3.30     -1.30     -1.13     37.94
      s.d.      1.68      0.63      0.19     14.59      6.17      4.43
****************************************************************************
Strand I base step parameters
    step       Shift     Slide      Rise      Tilt      Roll     Twist
   1  G/G      -1.27      0.80      3.18      0.14      6.90     30.04
   2  G/C      -0.32     -0.08      3.19      3.63     -2.84     43.30
   3  C/A      -1.39     -1.08      3.42      1.35     16.02     30.76
   4  A/A      -1.42     -0.62      3.40     -2.24    -12.62     34.66
   5  A/A      -1.16     -0.45      3.37      5.93     -5.30     42.56
   6  A/A      -1.30      1.31      3.46      4.90     -5.93     38.58
   7  A/C      -0.77     -0.40      3.69    -10.09     -0.62     39.80
   8  C/G      -1.49     -0.77      2.90      6.29      5.72     33.50
   9  G/G      -0.98     -0.82      3.43     -5.28     -5.33     35.69
          ~~~~~~~~~~~~~~~~~~~~~~~~~~~~~~~~~~~~~~~~~~~~~~~~~~~~~~~~~~~~
      ave.     -1.12     -0.24      3.34      0.52     -0.45     36.54
      s.d.      0.38      0.79      0.22      5.55      8.62      4.82
****************************************************************************
Strand I base helical parameters
    step       X-disp    Y-disp   h-Rise     Incl.       Tip   h-Twist
   1  G/G       0.12      0.61      3.27     12.95     -0.27     30.82
   2  G/C       0.17     -1.02      3.15     -3.75     -4.79     43.54
   3  C/A      -4.23      0.73      2.48     27.50     -2.32     34.71
   4  A/A       0.94      0.09      3.49    -19.99      3.54     36.96
   5  A/A      -0.06      0.39      3.21     -7.06     -7.89     43.30
   6  A/A       2.68      0.73      3.04     -8.70     -7.18     39.34
   7  A/C      -0.49     -2.04      3.78     -0.87     14.23     41.06
   8  C/G      -2.04      1.53      2.41      9.58    -10.54     34.56
   9  G/G      -0.48     -1.06      3.62     -8.44      8.36     36.47
          ~~~~~~~~~~~~~~~~~~~~~~~~~~~~~~~~~~~~~~~~~~~~~~~~~~~~~~~~~~~~
      ave.     -0.38     -0.01      3.16      0.14     -0.76     37.86
      s.d.      1.92      1.13      0.47     14.26      8.16      4.29
****************************************************************************
Strand II base step parameters
    step       Shift     Slide      Rise      Tilt      Roll     Twist
   1  C/C       0.45     -0.26      3.85      2.99     14.83     35.66
   2  C/G       1.20     -0.81      3.30      3.72      0.27     41.21
   3  G/T       1.41     -1.45      3.17     -2.56     -5.02     26.68
   4  T/T       0.80     -1.09      3.00    -10.72    -12.66     33.93
   5  T/T       0.80     -1.67      3.44      1.18     -9.75     42.37
   6  T/T       0.23     -0.17      3.29     -0.60     -9.23     39.52
   7  T/G       0.77     -0.87      3.44      0.13     -6.38     42.65
   8  G/C       1.95     -0.48      3.56      3.46    -23.39     36.25
   9  C/C       0.91     -0.33      4.01     13.03     31.00     32.48
          ~~~~~~~~~~~~~~~~~~~~~~~~~~~~~~~~~~~~~~~~~~~~~~~~~~~~~~~~~~~~
      ave.      0.95     -0.79      3.45      1.18     -2.26     36.75
      s.d.      0.51      0.53      0.32      6.28     16.16      5.28
****************************************************************************
Strand II base helical parameters
    step       X-disp    Y-disp   h-Rise     Incl.       Tip   h-Twist
   1  C/C      -2.60      1.58      3.48     22.54     -4.55     38.73
   2  C/G      -1.17      0.54      3.39      0.37     -5.16     41.38
   3  G/T      -1.82     -1.82      3.24    -10.63      5.42     27.27
   4  T/T      -0.09     -0.78      2.84    -19.88     16.84     37.77
   5  T/T      -1.15      0.86      3.74    -12.96     -1.56     43.49
   6  T/T       0.84      1.40      3.24    -13.15      0.86     40.59
   7  T/G      -0.47      0.77      3.53     -8.50     -0.17     43.12
   8  G/C       2.12     -0.42      3.40    -32.75     -4.84     43.28
   9  C/C      -3.78      2.08      2.82     42.40    -17.82     46.75
          ~~~~~~~~~~~~~~~~~~~~~~~~~~~~~~~~~~~~~~~~~~~~~~~~~~~~~~~~~~~~
      ave.     -0.90      0.47      3.30     -3.62     -1.22     40.26
      s.d.      1.77      1.25      0.31     22.87      9.29      5.57
