Local base-pair parameters
     bp        Shear    Stretch   Stagger    Buckle  Propeller  Opening
    1 C-G      -0.08     -0.12      0.26     -6.68    -17.85     -0.43
    2 G-C      -0.29     -0.18     -0.06     -4.71    -12.66     -4.38
    3 C-G       0.00     -0.07      0.10     -7.28     -6.81     -0.05
    4 A-T       0.19      0.00     -0.43     11.99    -11.85     -3.69
    5 A-T       0.08     -0.08     -0.06      6.52    -19.66     -2.80
    6 A-T       0.04     -0.17      0.28      4.41    -20.29     -0.10
    7 T-A      -0.18     -0.08      0.07      1.99    -15.12     -0.33
    8 T-A       0.23     -0.16      0.10     -7.42    -18.01     -3.27
    9 T-A       0.09     -0.12     -0.28     -4.85    -14.60     -2.68
   10 G-C      -0.06     -0.10      0.27      9.03      0.26      0.83
   11 C-G       0.27     -0.24      0.19      5.51    -17.89     -6.77
   12 G-C      -0.21     -0.19     -0.07      5.61     13.37     -4.70


