Local base-pair helical parameters
    step       X-disp    Y-disp   h-Rise     Incl.       Tip   h-Twist
   1 CG/CG     -0.07      0.77      3.39      7.05     -2.26     35.66
   2 GC/GC      1.21     -0.85      3.37     -7.82     -1.50     41.98
   3 CA/TG      0.50      1.63      3.04     11.09    -11.75     29.12
   4 AA/TT     -0.42     -0.69      3.42      4.12      5.02     35.90
   5 AA/TT     -0.96     -0.64      3.27      8.42      3.20     39.15
   6 AT/AT     -2.08      0.36      3.29      2.63     -0.83     28.11
   7 TT/AA     -0.25      0.50      3.49      0.60     -0.09     40.30
   8 TT/AA      0.36      0.65      3.24     -3.61     -6.62     38.42
   9 TG/CA      1.89     -2.30      2.96      1.89     12.32     30.87
  10 GC/GC      1.95      1.17      3.48    -13.02     -0.36     42.41
  11 CG/CG      2.06     -0.63      3.42    -11.37     -4.41     37.17
