Local base-pair step parameters
    step       Shift     Slide      Rise      Tilt      Roll     Twist
   1 CG/CG     -0.35      0.36      3.39      1.38      4.30     35.39
   2 GC/GC      0.69      0.43      3.44      1.07     -5.58     41.61
   3 CA/TG     -0.21      0.83      3.04      5.83      5.51     28.02
   4 AA/TT      0.14     -0.03      3.45     -3.09      2.53     35.69
   5 AA/TT      0.25     -0.19      3.35     -2.14      5.62     38.70
   6 AT/AT     -0.13     -0.86      3.33      0.40      1.28     28.07
   7 TT/AA     -0.34     -0.14      3.49      0.06      0.41     40.30
   8 TT/AA     -0.07      0.04      3.27      4.34     -2.37     38.11
   9 TG/CA      0.59      1.10      3.12     -6.51      1.00     30.17
  10 GC/GC     -0.82      0.64      3.70      0.26     -9.35     41.42
  11 CG/CG      0.66      0.65      3.57      2.79     -7.20     36.39


