Local base-pair parameters
     bp        Shear    Stretch   Stagger    Buckle  Propeller  Opening
    1 C-G       0.61     -0.51      0.04     -6.23    -26.08     -2.20
    2 G-C      -0.91     -0.48     -0.22    -10.95    -15.89     -1.94
    3 C-G       0.51     -0.23      0.45     -5.94    -17.86      2.30
    4 G-C      -0.33     -0.32      0.18      9.92    -12.29     -3.66
    5 A-T       0.02     -0.23      0.68     11.89    -17.27      3.33
    6 A-T      -0.14     -0.35      0.40      7.97    -14.84      0.37
    7 A-T       0.16     -0.34      0.16      2.18    -17.54      0.91
    8 A-T       0.14     -0.25     -0.46     -5.46    -18.46      5.31
    9 A-T      -0.13     -0.27     -0.76     -8.83    -17.67     -0.94
   10 A-T      -0.08     -0.12      0.27      2.52    -13.66      4.99
   11 C-G       0.77     -0.48     -0.17     11.99    -19.86     -1.52
   12 G-C      -0.62     -0.46     -0.03    -11.55     -7.02     -3.94


