Local base-pair step parameters
    step       Shift     Slide      Rise      Tilt      Roll     Twist
   1 CG/CG     -0.20      1.93      3.72      2.76      6.68     34.40
   2 GC/GC      1.29      1.06      3.24     -1.82     -7.50     45.00
   3 CG/CG     -0.72      0.66      2.91      0.62      7.72     28.61
   4 GA/TC      0.34     -0.41      3.14     -3.43      0.10     41.16
   5 AA/TT     -0.22     -0.26      3.37      1.55     -5.22     33.07
   6 AA/TT      0.02     -0.57      3.37      1.68     -3.11     37.37
   7 AA/TT      0.22     -0.26      3.49      4.20      3.29     37.73
   8 AA/TT     -0.26      0.00      3.33     -0.19      1.12     33.11
   9 AA/TT      0.34     -0.03      2.88     -8.94     -1.25     33.31
  10 AC/GT      0.05     -0.44      3.07      2.08      7.55     35.63
  11 CG/CG      0.89     -0.77      3.80      3.41      5.16     30.83


