Reference frame: Origins (Ox, Oy, Oz) followed by the direction cosines of the
                 X- (Xx, Yx, Zx), Y- (Yx, Yx, Yx), and Z- (Zx, Zx, Zx) axes
*****************************************************************************************
Local base-pair reference frames
                Ox      Oy      Oz     Xx    Xy    Xz   Yx    Yy    Yz    Zx    Zy    Zz
   1 C-G       7.36   21.38    2.87  0.49 -0.31 -0.81  0.24 -0.85  0.47 -0.84 -0.43 -0.34
   2 C-G       4.86   19.71    1.87  0.59 -0.73 -0.34 -0.22 -0.56  0.80 -0.77 -0.40 -0.49
   3 G-C       2.10   17.47    1.16  0.42 -0.88  0.23 -0.55 -0.05  0.83 -0.72 -0.47 -0.51
   4 G-C      -1.07   16.65   -0.33  0.04 -0.71  0.70 -0.67  0.50  0.55 -0.74 -0.49 -0.46
   5 C-G      -3.91   14.57   -1.43 -0.39 -0.28  0.87 -0.58  0.82  0.01 -0.72 -0.50 -0.49
   6 G-C      -6.53   13.74   -2.92 -0.52  0.20  0.83 -0.34  0.85 -0.41 -0.79 -0.49 -0.37
   7 C-G      -9.10   11.63   -4.89 -0.65  0.66  0.38  0.09  0.57 -0.82 -0.75 -0.50 -0.43
   8 C-G     -12.04   10.72   -6.66 -0.37  0.89 -0.25  0.44 -0.07 -0.90 -0.82 -0.44 -0.36
   9 G-C     -14.37    9.60   -8.94 -0.09  0.83 -0.55  0.46 -0.45 -0.76 -0.88 -0.32 -0.35
  10 G-C     -16.46    7.08  -10.91  0.31  0.30 -0.90  0.42 -0.89 -0.16 -0.85 -0.33 -0.40
*****************************************************************************************
Local middle reference frames
                Ox      Oy      Oz     Xx    Xy    Xz   Yx    Yy    Yz    Zx    Zy    Zz
   1 CC/GG     6.11   20.55    2.37  0.59 -0.54 -0.60  0.02 -0.73  0.68 -0.81 -0.41 -0.42
   2 CG/CG     3.48   18.59    1.51  0.53 -0.84 -0.06 -0.40 -0.31  0.86 -0.75 -0.44 -0.50
   3 GG/CC     0.52   17.06    0.41  0.24 -0.84  0.49 -0.64  0.24  0.73 -0.73 -0.48 -0.48
   4 GC/GC    -2.49   15.61   -0.88 -0.18 -0.52  0.83 -0.66  0.69  0.29 -0.73 -0.50 -0.47
   5 CG/CG    -5.22   14.16   -2.17 -0.47 -0.04  0.88 -0.46  0.87 -0.20 -0.75 -0.50 -0.43
   6 GC/GC    -7.81   12.68   -3.90 -0.62  0.45  0.64 -0.14  0.74 -0.66 -0.77 -0.50 -0.40
   7 CC/GG   -10.57   11.17   -5.78 -0.54  0.84  0.08  0.30  0.27 -0.91 -0.79 -0.47 -0.40
   8 CG/CG   -13.21   10.16   -7.80 -0.23  0.89 -0.40  0.47 -0.26 -0.84 -0.85 -0.38 -0.36
   9 GG/CC   -15.42    8.34   -9.93  0.11  0.61 -0.78  0.48 -0.72 -0.49 -0.87 -0.32 -0.37
*****************************************************************************************
Local middle helical reference frames
                Ox      Oy      Oz     Xx    Xy    Xz   Yx    Yy    Yz    Zx    Zy    Zz
   1 CC/GG     6.04   21.04    1.73  0.73 -0.44 -0.53  0.15 -0.65  0.75 -0.67 -0.62 -0.40
   2 CG/CG     2.73   19.30    2.18  0.54 -0.84 -0.06 -0.28 -0.25  0.93 -0.79 -0.49 -0.37
   3 GG/CC     0.84   17.61   -0.58  0.18 -0.87  0.45 -0.60  0.26  0.75 -0.78 -0.41 -0.48
   4 GC/GC    -2.95   16.30   -0.99 -0.15 -0.49  0.86 -0.69  0.67  0.27 -0.71 -0.55 -0.44
   5 CG/CG    -5.31   14.27   -2.08 -0.50 -0.06  0.86 -0.24  0.97 -0.08 -0.83 -0.25 -0.50
   6 GC/GC    -7.27   11.97   -3.85 -0.66  0.43  0.62 -0.21  0.69 -0.69 -0.73 -0.58 -0.37
   7 CC/GG   -10.30   11.21   -6.24 -0.47  0.87  0.11  0.38  0.32 -0.87 -0.79 -0.37 -0.49
   8 CG/CG   -13.45    9.88   -7.41 -0.08  0.95 -0.31  0.70 -0.17 -0.70 -0.71 -0.27 -0.65
   9 GG/CC   -15.53    7.16   -8.29  0.06  0.59 -0.81  0.52 -0.71 -0.48 -0.85 -0.39 -0.35
*****************************************************************************************
Local strand I base reference frames
                Ox      Oy      Oz     Xx    Xy    Xz   Yx    Yy    Yz    Zx    Zy    Zz
   1 C         7.23   21.33    2.67  0.42 -0.33 -0.85  0.27 -0.85  0.46 -0.87 -0.42 -0.27
   2 C         4.99   19.86    1.95  0.54 -0.76 -0.37 -0.26 -0.57  0.78 -0.80 -0.32 -0.51
   3 G         2.13   17.47    1.12  0.38 -0.91  0.19 -0.57 -0.07  0.82 -0.73 -0.42 -0.54
   4 G        -1.10   16.68   -0.50 -0.02 -0.74  0.67 -0.71  0.48  0.52 -0.71 -0.47 -0.53
   5 C        -3.96   14.47   -1.45 -0.46 -0.35  0.82 -0.54  0.84  0.05 -0.71 -0.42 -0.57
   6 G        -6.62   13.58   -3.01 -0.54  0.16  0.83 -0.41  0.81 -0.42 -0.74 -0.57 -0.37
   7 C        -9.35   11.43   -4.96 -0.76  0.56  0.34  0.11  0.63 -0.77 -0.65 -0.54 -0.54
   8 C       -12.23   10.80   -6.66 -0.43  0.87 -0.24  0.49  0.00 -0.87 -0.76 -0.49 -0.42
   9 G       -14.35    9.65   -8.88 -0.15  0.81 -0.57  0.43 -0.47 -0.78 -0.89 -0.36 -0.28
  10 G       -16.42    7.18  -10.86  0.20  0.27 -0.94  0.40 -0.90 -0.17 -0.90 -0.34 -0.28
*****************************************************************************************
Local strand II base reference frames
                Ox      Oy      Oz     Xx    Xy    Xz   Yx    Yy    Yz    Zx    Zy    Zz
   1 G         7.48   21.42    3.08  0.56 -0.30 -0.77  0.21 -0.85  0.48 -0.80 -0.43 -0.42
   2 G         4.74   19.57    1.79  0.65 -0.69 -0.32 -0.18 -0.55  0.82 -0.74 -0.47 -0.48
   3 C         2.07   17.46    1.20  0.46 -0.85  0.26 -0.54 -0.03  0.84 -0.71 -0.53 -0.47
   4 C        -1.04   16.62   -0.16  0.10 -0.68  0.73 -0.63  0.53  0.57 -0.77 -0.51 -0.37
   5 G        -3.86   14.68   -1.40 -0.33 -0.21  0.92 -0.62  0.79 -0.04 -0.71 -0.58 -0.39
   6 C        -6.44   13.90   -2.82 -0.48  0.25  0.84 -0.26  0.88 -0.41 -0.84 -0.42 -0.36
   7 G        -8.85   11.82   -4.82 -0.54  0.74  0.40  0.06  0.50 -0.86 -0.84 -0.44 -0.31
   8 G       -11.85   10.63   -6.66 -0.32  0.91 -0.27  0.38 -0.14 -0.92 -0.87 -0.39 -0.30
   9 C       -14.40    9.55   -9.01 -0.02  0.85 -0.52  0.50 -0.44 -0.75 -0.87 -0.28 -0.41
  10 C       -16.49    6.97  -10.97  0.41  0.34 -0.85  0.44 -0.89 -0.14 -0.80 -0.32 -0.51
****************************************************************************
Local strand I base step parameters
    step       Shift     Slide      Rise      Tilt      Roll     Twist
   1  C/C       0.06      0.57      2.72     13.41      7.37     37.74
   2  C/G       0.77      1.28      3.51      1.68      7.05     34.28
   3  G/G      -0.67      0.84      3.54      1.19      2.75     37.19
   4  G/C       1.25      0.09      3.52     -1.21     -3.14     35.59
   5  C/G       0.07      0.77      3.11      8.50     11.44     27.42
   6  G/C      -0.08      0.13      3.99     -6.09     -8.91     37.83
   7  C/C       1.19      0.29      3.18      6.89      6.81     42.66
   8  C/G       0.47      1.13      3.03     12.63      5.63     24.95
   9  G/G       0.11      1.91      3.26      0.63      0.83     43.78
          ~~~~~~~~~~~~~~~~~~~~~~~~~~~~~~~~~~~~~~~~~~~~~~~~~~~~~~~~~~~~
      ave.      0.35      0.78      3.32      4.18      3.31     35.71
      s.d.      0.63      0.59      0.37      6.57      6.24      6.23
****************************************************************************
Local strand I base helical parameters
    step       X-disp    Y-disp   h-Rise     Incl.       Tip   h-Twist
   1  C/C       0.12      1.19      2.65     10.87    -19.77     40.62
   2  C/G       0.93     -0.99      3.73     11.80     -2.81     35.01
   3  G/G       0.91      1.22      3.57      4.30     -1.86     37.30
   4  G/C       0.64     -2.22      3.46     -5.12      1.97     35.74
   5  C/G      -0.79      1.52      3.07     22.32    -16.59     30.84
   6  G/C       1.49     -0.77      3.83    -13.42      9.17     39.29
   7  C/C      -0.27     -0.93      3.33      9.21     -9.33     43.70
   8  C/G       1.00      1.94      3.09     11.94    -26.78     28.47
   9  G/G       2.48     -0.09      3.30      1.12     -0.85     43.79
          ~~~~~~~~~~~~~~~~~~~~~~~~~~~~~~~~~~~~~~~~~~~~~~~~~~~~~~~~~~~~
      ave.      0.72      0.10      3.34      5.89     -7.43     37.20
      s.d.      0.96      1.43      0.37     10.59     11.59      5.31
****************************************************************************
Local strand II base step parameters
    step       Shift     Slide      Rise      Tilt      Roll     Twist
   1  G/G      -0.05      0.40      3.53      0.69      5.66     34.49
   2  G/C       0.18      1.09      3.27     -0.89      3.70     36.86
   3  C/C      -0.88      0.67      3.31     -6.62      0.97     35.82
   4  C/G       0.13      0.15      3.64      5.17      0.33     38.47
   5  G/C      -0.15      0.79      2.94    -10.70      4.87     28.15
   6  C/G      -1.12      0.07      3.57      2.82      1.18     38.96
   7  G/G       0.19      0.78      3.63      0.49      3.23     42.12
   8  G/C       0.43      1.12      3.42     -3.45      8.59     20.80
   9  C/C      -0.57      1.68      3.42     -6.46      3.53     44.08
          ~~~~~~~~~~~~~~~~~~~~~~~~~~~~~~~~~~~~~~~~~~~~~~~~~~~~~~~~~~~~
      ave.     -0.20      0.75      3.42     -2.10      3.56     35.53
      s.d.      0.53      0.51      0.22      5.10      2.61      7.17
****************************************************************************
Local strand II base helical parameters
    step       X-disp    Y-disp   h-Rise     Incl.       Tip   h-Twist
   1  G/G      -0.27      0.20      3.55      9.47     -1.16     34.95
   2  G/C       1.22     -0.40      3.36      5.84      1.41     37.05
   3  C/C       0.92      0.45      3.43      1.56     10.65     36.42
   4  C/G       0.18      0.51      3.63      0.49     -7.80     38.81
   5  G/C       0.59     -1.71      2.90      9.50     20.88     30.46
   6  C/G      -0.05      2.04      3.49      1.76     -4.22     39.07
   7  G/G       0.71     -0.21      3.68      4.49     -0.68     42.24
   8  G/C      -0.57     -2.46      3.49     22.42      8.99     22.75
   9  C/C       1.87      0.11      3.58      4.66      8.53     44.66
          ~~~~~~~~~~~~~~~~~~~~~~~~~~~~~~~~~~~~~~~~~~~~~~~~~~~~~~~~~~~~
      ave.      0.51     -0.16      3.46      6.69      4.07     36.27
      s.d.      0.77      1.30      0.23      6.73      8.92      6.51
****************************************************************************
xyz coordinates of C1' atoms

    bp        xI       yI       zI       xII      yII      zII
   1 C-G     7.648   17.639    7.277    5.004   26.742    2.488
   2 C-G     2.228   18.693    7.068    4.066   24.237   -1.850
   3 G-C    -1.922   19.363    5.007    3.896   19.784   -3.928
   4 G-C    -4.769   21.156    0.629    2.074   15.551   -5.025
   5 C-G    -5.764   19.864   -3.215    0.251   10.990   -3.500
   6 G-C    -7.486   17.461   -7.375   -3.804    8.546   -2.649
   7 C-G    -6.894   13.477   -9.975   -7.821    7.244   -1.159
   8 C-G    -8.543    8.691  -10.782  -13.139    9.159   -1.030
   9 G-C   -11.736    5.099  -11.562  -17.005    9.805   -3.670
  10 G-C   -14.783    1.686   -9.400  -19.852   10.953   -8.120
****************************************************************************
xyz coordinates of RN9/YN1 atoms

    bp        xI       yI       zI       xII      yII      zII
   1 C-G     7.908   17.920    5.850    5.842   25.703    1.873
   2 C-G     3.090   18.257    5.953    4.742   22.992   -1.498
   3 G-C    -0.933   18.351    4.624    3.904   18.684   -2.965
   4 G-C    -4.301   19.821    0.981    1.676   15.115   -3.674
   5 C-G    -5.831   18.707   -2.283   -0.633   11.351   -2.403
   6 G-C    -7.791   17.073   -5.997   -4.628    9.609   -2.065
   7 C-G    -7.870   13.547   -8.900   -8.432    8.555   -1.414
   8 C-G    -9.497    9.670  -10.327  -13.182   10.086   -2.145
   9 G-C   -12.220    6.471  -11.691  -16.605   10.452   -4.923
  10 G-C   -14.845    2.730  -10.416  -19.019   10.550   -9.235
****************************************************************************
xyz coordinates of RC8/YC6 atoms

    bp        xI       yI       zI       xII      yII      zII
   1 C-G     8.594   17.068    5.016    6.483   25.651    0.673
   2 C-G     3.655   17.017    5.908    5.631   22.275   -2.261
   3 G-C    -0.689   17.124    5.181    4.780   17.625   -3.059
   4 G-C    -4.599   19.044    2.078    2.128   13.959   -3.081
   5 C-G    -6.653   18.726   -1.186   -0.816   10.751   -1.191
   6 G-C    -8.665   17.611   -5.092   -5.126    9.449   -0.803
   7 C-G    -8.754   14.582   -8.860   -9.132    9.346   -0.526
   8 C-G    -9.760   10.807  -11.072  -13.728   11.351   -2.122
   9 G-C   -12.233    7.356  -12.730  -16.908   11.735   -5.208
  10 G-C   -14.477    2.702  -11.727  -18.733   11.440  -10.251
****************************************************************************
xyz coordinates of O1P atoms w.r.t. the middle frame of each dimer

    step       xI      yI      zI     xII     yII     zII
   1 CC/GG   -3.35   10.41   -0.76   -3.94   10.03   -1.28
   2 CG/CG   -3.32   10.02   -0.76   -2.97    9.55   -1.70
   3 GG/CC   -2.70    9.52   -1.40   -4.48    9.23   -1.73
   4 GC/GC   -3.91   10.25   -1.16   -3.41    9.87   -1.13
   5 CG/CG   -3.84    9.85   -0.58   -2.79   10.48   -0.43
   6 GC/GC   -2.64   10.27   -0.26   -2.98   10.57   -0.55
   7 CC/GG   -4.03    9.62   -1.58   -1.57   10.10    0.51
   8 CG/CG   -3.77    9.97   -1.92   -3.93    9.78   -2.27
   9 GG/CC   -2.85    9.74   -1.05   -2.97    8.92   -2.94
****************************************************************************
xyz coordinates of O1P atoms w.r.t. the middle helix frame of each dimer

    step      xIH     yIH     zIH     xIIH    yIIH    zIIH
   1 CC/GG   -3.38   11.25    0.39   -4.02    9.23    1.15
   2 CG/CG   -2.28    9.37    0.66   -1.94   10.34   -0.27
   3 GG/CC   -1.91   10.38   -0.74   -3.50    8.51   -1.59
   4 GC/GC   -3.46    9.45   -1.73   -3.10   10.58   -1.31
   5 CG/CG   -3.92    9.50    2.20   -2.94   10.35    2.28
   6 GC/GC   -2.04   10.84   -1.10   -2.30    9.83   -1.67
   7 CC/GG   -3.78    9.23   -0.85   -1.34   10.49    1.73
   8 CG/CG   -3.25   10.60    0.29   -3.65    9.52    1.32
   9 GG/CC   -0.88    9.78   -0.42   -0.78    9.04   -2.70
****************************************************************************
xyz coordinates of O2P atoms w.r.t. the middle frame of each dimer

    step       xI      yI      zI     xII     yII     zII
   1 CC/GG   -1.68    9.43    0.74   -2.08    9.41    0.43
   2 CG/CG   -1.20    8.97    0.15   -1.95    8.90    0.64
   3 GG/CC   -1.87    9.46    1.02   -2.73   10.20   -0.36
   4 GC/GC   -1.72   10.11   -0.00   -2.26    9.48    0.93
   5 CG/CG   -1.63    9.76    0.47   -1.39    8.97    1.04
   6 GC/GC   -1.89    9.02    1.78   -1.40    9.10    0.91
   7 CC/GG   -1.81   10.03   -0.41   -1.48    8.60    2.53
   8 CG/CG   -1.48    9.20   -0.82   -1.96    9.78   -0.89
   9 GG/CC   -1.41    8.98    0.73   -2.05    9.23   -0.60
****************************************************************************
xyz coordinates of O2P atoms w.r.t. the middle helix frame of each dimer

    step      xIH     yIH     zIH     xIIH    yIIH    zIIH
   1 CC/GG   -2.00   10.01    1.99   -1.89    8.36    2.36
   2 CG/CG   -0.17    8.20    1.44   -0.89    9.37    1.94
   3 GG/CC   -0.90   10.20    1.60   -1.85    9.41   -0.06
   4 GC/GC   -1.34    9.35   -0.46   -1.85   10.26    0.71
   5 CG/CG   -1.68    9.14    3.11   -1.58    8.50    3.34
   6 GC/GC   -1.20    9.78    1.01   -0.79    8.50   -0.01
   7 CC/GG   -1.67    9.50    0.54   -1.08    8.78    3.56
   8 CG/CG   -1.18    9.50    1.53   -1.47    9.18    2.26
   9 GG/CC    0.67    8.94    1.24   -0.00    9.25   -0.30
****************************************************************************
xyz coordinates of P atoms w.r.t. the middle frame of each dimer

    step       xI      yI      zI     xII     yII     zII
   1 CC/GG   -2.85    9.17   -0.17   -3.18    8.95   -0.57
   2 CG/CG   -2.51    8.78   -0.39   -2.78    8.56   -0.57
   3 GG/CC   -2.67    8.81   -0.00   -3.25    8.91   -0.98
   4 GC/GC   -2.77    9.43   -0.73   -3.03    8.82   -0.22
   5 CG/CG   -2.67    8.96   -0.01   -2.49    9.06   -0.03
   6 GC/GC   -2.75    8.92    0.44   -2.38    9.25   -0.17
   7 CC/GG   -2.83    9.13   -0.80   -1.95    8.75    1.10
   8 CG/CG   -2.91    8.91   -1.18   -3.20    9.00   -1.27
   9 GG/CC   -2.56    8.56   -0.15   -2.94    8.47   -1.48
****************************************************************************
xyz coordinates of P atoms w.r.t. the middle helix frame of each dimer

    step      xIH     yIH     zIH     xIIH    yIIH    zIIH
   1 CC/GG   -2.97    9.92    0.85   -3.16    8.06    1.52
   2 CG/CG   -1.47    8.09    0.85   -1.74    9.21    0.70
   3 GG/CC   -1.78    9.60    0.61   -2.32    8.15   -0.78
   4 GC/GC   -2.35    8.65   -1.21   -2.68    9.56   -0.38
   5 CG/CG   -2.74    8.50    2.47   -2.64    8.88    2.30
   6 GC/GC   -2.11    9.57   -0.27   -1.72    8.55   -1.14
   7 CC/GG   -2.65    8.65   -0.04   -1.66    9.09    2.21
   8 CG/CG   -2.51    9.35    0.84   -2.77    8.51    1.91
   9 GG/CC   -0.54    8.57    0.41   -0.84    8.53   -1.27
****************************************************************************
xyz coordinates of P atoms

    bp        xI       yI       zI       xII      yII      zII
   1 C-G     ----     ----     ----     3.566   28.587   -2.033
   2 C-G     4.777   15.420   10.381    4.966   23.361   -5.993
   3 G-C    -1.044   18.131    9.444    4.737   17.157   -8.138
   4 G-C    -5.753   21.446    5.543    3.725   10.967   -6.064
   5 C-G    -7.675   23.961   -0.111    0.076    6.406   -2.542
   6 G-C    -8.051   22.036   -6.336   -5.196    4.664    0.580
   7 C-G    -7.664   17.845  -11.691  -11.255    7.656    2.519
   8 C-G    -5.691   11.683  -14.015  -17.786    9.201    0.620
   9 G-C    -7.356    5.699  -13.720  -21.106   12.198   -3.986
  10 G-C   -11.447    0.627  -12.093    ----     ----     ---- 
*******************************************************************************************
Phosphorus-phosphorus distance in Angstroms

            1      2      3      4      5      6      7      8      9     10
            G      G      C      C      G      C      G      G      C      C   
   1 C    ----   ----   ----   ----   ----   ----   ----   ----   ----   ----
   2 C    18.1   18.2   18.6   17.1   16.4   17.6   19.5   25.4   29.8   ----
   3 G    16.2   17.4   18.5   17.7   16.8   16.6   16.2   20.9   24.9   ----
   4 G    14.0   15.9   17.8   18.3   18.0   17.5   15.2   17.9   20.3   ----
   5 C    12.3   14.0   16.3   18.3   19.3   19.5   16.9   17.9   18.3   ----
   6 G    14.0   13.1   13.8   16.2   18.0   18.9   17.2   17.5   16.5   ----
   7 C    18.3   14.9   12.9   14.4   16.6   18.2   17.9   18.1   16.5   ----
   8 C    22.7   17.7   13.2   12.3   13.9   16.2   17.9   19.1   18.4   ----
   9 G    27.9   22.9   17.6   14.5   13.4   14.5   16.8   18.1   18.1   ----
  10 G    33.3   28.7   23.5   19.3   16.0   14.7   16.2   16.6   17.1   ----
****************************************************************************
Strand I helix radius

    step          P        O4'       C1'
   1  C/C      10.70      7.77      6.98
   2  C/G       7.96      5.25      4.57
   3  G/G      10.19      7.23      6.76
   4  G/C       7.60      4.07      3.65
   5  C/G      10.73      8.29      7.49
   6  G/C       8.23      5.12      4.64
   7  C/C       8.92      6.00      5.22
   8  C/G      11.13      8.00      7.44
   9  G/G       8.55      5.73      5.24
****************************************************************************
Strand II helix radius

    step          P        O4'       C1'
   1  G/G       9.43      6.55      5.80
   2  G/C       9.11      6.52      5.91
   3  C/C       8.92      5.70      5.13
   4  C/G       8.86      6.03      5.34
   5  G/C      10.91      8.04      7.35
   6  C/G       7.79      4.94      4.20
   7  G/G       9.05      6.49      5.88
   8  G/C      12.01      8.92      8.18
   9  C/C       8.62      5.95      5.33
****************************************************************************************
Base-pair helix axis

               Ox      Oy      Oz     Xx    Xy    Xz   Yx    Yy    Yz    Zx    Zy    Zz
   1 CC/GG    7.08   22.01    2.36  0.64 -0.21 -0.74  0.37 -0.75  0.54 -0.67 -0.62 -0.40
              4.99   20.07    1.11  0.74 -0.63 -0.26 -0.09 -0.47  0.88 -0.67 -0.62 -0.40
   2 CG/CG    4.13   20.16    2.84  0.60 -0.72 -0.34 -0.10 -0.49  0.86 -0.79 -0.49 -0.37
              1.33   18.44    1.52  0.43 -0.87  0.23 -0.44  0.03  0.90 -0.79 -0.49 -0.37
   3 GG/CC    2.20   18.32    0.26  0.36 -0.91  0.19 -0.52 -0.03  0.86 -0.78 -0.41 -0.48
             -0.52   16.89   -1.42 -0.02 -0.75  0.67 -0.63  0.53  0.57 -0.78 -0.41 -0.48
   4 GC/GC   -1.65   17.30   -0.19  0.08 -0.68  0.73 -0.70  0.48  0.53 -0.71 -0.55 -0.44
             -4.25   15.31   -1.79 -0.36 -0.26  0.90 -0.60  0.80 -0.01 -0.71 -0.55 -0.44
   5 CG/CG   -4.01   14.66   -1.31 -0.42 -0.30  0.86 -0.36  0.92  0.14 -0.83 -0.25 -0.50
             -6.61   13.89   -2.86 -0.54  0.19  0.82 -0.11  0.95 -0.29 -0.83 -0.25 -0.50
   6 GC/GC   -5.88   13.09   -3.16 -0.55  0.18  0.82 -0.41  0.79 -0.45 -0.73 -0.58 -0.37
             -8.65   10.86   -4.55 -0.69  0.63  0.36  0.02  0.51 -0.86 -0.73 -0.58 -0.37
   7 CC/GG   -8.91   11.86   -5.38 -0.58  0.70  0.42  0.18  0.62 -0.76 -0.79 -0.37 -0.49
            -11.70   10.56   -7.10 -0.30  0.93 -0.21  0.53 -0.02 -0.85 -0.79 -0.37 -0.49
   8 CG/CG  -12.23   10.34   -6.30 -0.23  0.96 -0.15  0.66  0.04 -0.75 -0.71 -0.27 -0.65
            -14.68    9.41   -8.52  0.07  0.89 -0.45  0.70 -0.37 -0.62 -0.71 -0.27 -0.65
   9 GG/CC  -14.07    7.84   -7.70 -0.14  0.81 -0.57  0.50 -0.43 -0.75 -0.85 -0.39 -0.35
            -17.00    6.48   -8.89  0.25  0.28 -0.93  0.46 -0.88 -0.14 -0.85 -0.39 -0.35
****************************************************************************************
Strand I helix axis

               Ox      Oy      Oz     Xx    Xy    Xz   Yx    Yy    Yz    Zx    Zy    Zz
   1  C/C     6.66   22.23    2.13  0.68 -0.14 -0.72  0.41 -0.74  0.53 -0.61 -0.66 -0.45
              5.05   20.49    0.94  0.78 -0.59 -0.20 -0.13 -0.47  0.87 -0.61 -0.66 -0.45
   2  C/G     4.35   20.07    3.14  0.58 -0.74 -0.35 -0.10 -0.49  0.87 -0.81 -0.47 -0.35
              1.33   18.32    1.82  0.42 -0.88  0.21 -0.41  0.02  0.91 -0.81 -0.47 -0.35
   3  G/G     2.39   18.33   -0.12  0.40 -0.89  0.21 -0.51 -0.03  0.86 -0.76 -0.45 -0.47
             -0.31   16.72   -1.80  0.01 -0.73  0.68 -0.65  0.51  0.56 -0.76 -0.45 -0.47
   4  G/C    -2.78   18.13    0.12 -0.04 -0.76  0.65 -0.77  0.44  0.47 -0.64 -0.48 -0.60
             -4.99   16.47   -1.96 -0.48 -0.36  0.80 -0.60  0.80  0.00 -0.64 -0.48 -0.60
   5  C/G    -3.80   12.81   -1.04 -0.21 -0.26  0.94 -0.21  0.95  0.22 -0.95 -0.15 -0.26
             -6.73   12.34   -1.83 -0.29  0.26  0.92 -0.07  0.95 -0.30 -0.95 -0.15 -0.26
   6  G/C    -6.09   14.01   -4.54 -0.64  0.05  0.77 -0.56  0.65 -0.51 -0.53 -0.75 -0.39
             -8.11   11.12   -6.04 -0.85  0.45  0.27 -0.03  0.47 -0.88 -0.53 -0.75 -0.39
   7  C/C    -9.32   12.25   -5.48 -0.64  0.63  0.44  0.22  0.70 -0.68 -0.73 -0.34 -0.59
            -11.75   11.12   -7.45 -0.31  0.94 -0.15  0.61  0.07 -0.79 -0.73 -0.34 -0.59
   8  C/G   -13.42    9.69   -5.21 -0.07  1.00  0.02  0.65  0.06 -0.76 -0.76 -0.04 -0.65
            -15.76    9.57   -7.22  0.25  0.91 -0.35  0.60 -0.42 -0.68 -0.76 -0.04 -0.65
   9  G/G   -13.98    7.59   -7.55 -0.13  0.82 -0.56  0.44 -0.46 -0.77 -0.89 -0.35 -0.30
            -16.90    6.43   -8.54  0.21  0.27 -0.94  0.41 -0.90 -0.17 -0.89 -0.35 -0.30
****************************************************************************************
Strand II helix axis

               Ox      Oy      Oz     Xx    Xy    Xz   Yx    Yy    Yz    Zx    Zy    Zz
   1  G/G     7.57   21.49    2.76  0.58 -0.29 -0.76  0.33 -0.77  0.55 -0.75 -0.57 -0.35
              4.93   19.47    1.53  0.66 -0.68 -0.31 -0.06 -0.46  0.88 -0.75 -0.57 -0.35
   2  G/C     3.93   20.22    2.54  0.63 -0.70 -0.33 -0.10 -0.50  0.86 -0.77 -0.51 -0.39
              1.34   18.52    1.25  0.44 -0.86  0.25 -0.46  0.03  0.89 -0.77 -0.51 -0.39
   3  C/C     2.01   18.33    0.65  0.32 -0.93  0.18 -0.52 -0.02  0.86 -0.79 -0.36 -0.49
             -0.72   17.08   -1.02 -0.05 -0.76  0.65 -0.61  0.54  0.58 -0.79 -0.36 -0.49
   4  C/G    -0.76   16.46   -0.59  0.20 -0.60  0.77 -0.62  0.53  0.58 -0.76 -0.59 -0.27
             -3.51   14.30   -1.56 -0.23 -0.13  0.96 -0.61  0.79 -0.04 -0.76 -0.59 -0.27
   5  G/C    -4.37   16.38   -1.74 -0.58 -0.38  0.72 -0.50  0.86  0.05 -0.64 -0.33 -0.70
             -6.22   15.43   -3.75 -0.76  0.11  0.64 -0.14  0.94 -0.32 -0.64 -0.33 -0.70
   6  C/G    -5.98   12.09   -1.97 -0.42  0.27  0.86 -0.23  0.89 -0.40 -0.88 -0.37 -0.31
             -9.04   10.81   -3.05 -0.47  0.77  0.42  0.08  0.52 -0.85 -0.88 -0.37 -0.31
   7  G/G    -8.44   11.40   -5.28 -0.53  0.75  0.40  0.12  0.54 -0.84 -0.84 -0.39 -0.38
            -11.54    9.96   -6.66 -0.31  0.91 -0.26  0.45 -0.11 -0.89 -0.84 -0.39 -0.38
   8  G/C   -10.45   11.24   -8.67 -0.44  0.83 -0.34  0.67  0.05 -0.74 -0.60 -0.55 -0.58
            -12.55    9.32  -10.70 -0.14  0.79 -0.60  0.79 -0.28 -0.55 -0.60 -0.55 -0.58
   9  C/C   -14.18    8.09   -7.85 -0.15  0.80 -0.58  0.56 -0.41 -0.72 -0.81 -0.43 -0.39
            -17.09    6.54   -9.25  0.29  0.28 -0.91  0.51 -0.86 -0.10 -0.81 -0.43 -0.39
