  10 # base-pairs
   1 # ***local base-pair & helical parameters***
#        Shear    Stretch   Stagger   Buckle   Prop-Tw   Opening     X-disp    Y-disp    h-Rise    Incl.     Tip     h-Twist
C-G      0.237    -0.179     0.387    -2.827    -8.749    -2.847     0.000     0.000     0.000     0.000     0.000     0.000
C-G     -0.112    -0.096    -0.391     5.227    -7.845     1.333    -0.066     0.854     3.112    10.176   -11.113    37.510
G-C     -0.004    -0.107    -0.012     3.134    -7.014    -0.842     1.093    -0.687     3.545     8.733    -0.646    36.034
G-C     -0.284    -0.124     0.172     6.320    -8.251     0.355     0.916     0.846     3.505     2.933     4.314    36.781
C-G      0.054    -0.123     0.199    -7.082   -11.684    -2.135     0.392    -0.791     3.644    -2.183    -3.122    36.945
G-C     -0.127    -0.130     0.360     8.878    -5.308    -2.960    -0.118    -0.132     3.125    15.945     2.054    29.151
C-G      0.014    -0.152     0.644    -8.227   -16.088    -4.633     0.666     0.675     3.819    -5.679     2.773    38.307
C-G      0.296    -0.177     0.240    -9.406    -5.720    -4.268     0.156    -0.557     3.528     6.715    -5.149    42.896
G-C      0.014    -0.124    -0.122     4.513    -7.934     0.035     0.376     0.405     3.438    16.705   -10.967    24.515
G-C     -0.014    -0.174    -0.177     3.312   -13.990    -0.619     2.176     0.008     3.449     2.884     3.890    44.206
