  10 # base-pairs
   0 # ***local base-pair & step parameters***
#        Shear    Stretch   Stagger   Buckle   Prop-Tw   Opening     Shift     Slide     Rise      Tilt      Roll      Twist
C-G      0.237    -0.179     0.387    -2.827    -8.749    -2.847     0.000     0.000     0.000     0.000     0.000     0.000
C-G     -0.112    -0.096    -0.391     5.227    -7.845     1.333     0.028     0.485     3.122     7.072     6.476    36.306
G-C     -0.004    -0.107    -0.012     3.134    -7.014    -0.842     0.462     1.181     3.405     0.398     5.383    35.640
G-C     -0.284    -0.124     0.172     6.320    -8.251     0.355    -0.782     0.747     3.426    -2.719     1.848    36.639
C-G      0.054    -0.123     0.199    -7.082   -11.684    -2.135     0.689     0.117     3.620     1.977    -1.383    36.869
G-C     -0.127    -0.130     0.360     8.878    -5.308    -2.960    -0.041     0.776     3.028    -1.021     7.927    28.056
C-G      0.014    -0.152     0.644    -8.227   -16.088    -4.633    -0.618     0.079     3.819    -1.817    -3.720    38.091
C-G      0.296    -0.177     0.240    -9.406    -5.720    -4.268     0.700     0.496     3.449     3.754     4.896    42.471
G-C      0.014    -0.124    -0.122     4.513    -7.934     0.035     0.459     1.120     3.227     4.567     6.956    23.080
G-C     -0.014    -0.174    -0.177     3.312   -13.990    -0.619    -0.221     1.796     3.362    -2.925     2.168    44.064
