****************************************************************************
CEHS base-pair parameters
     bp        Shear    Stretch   Stagger    Buckle  Propeller  Opening
    1 C-G       0.24     -0.18      0.39     -2.82     -8.75     -2.84
    2 C-G      -0.11     -0.10     -0.39      5.22     -7.85      1.33
    3 G-C      -0.00     -0.11     -0.01      3.13     -7.02     -0.84
    4 G-C      -0.28     -0.12      0.17      6.31     -8.26      0.35
    5 C-G       0.05     -0.12      0.20     -7.07    -11.70     -2.12
    6 G-C      -0.13     -0.13      0.36      8.88     -5.32     -2.95
    7 C-G       0.02     -0.15      0.65     -8.20    -16.13     -4.58
    8 C-G       0.30     -0.18      0.24     -9.40     -5.74     -4.25
    9 G-C       0.01     -0.12     -0.12      4.51     -7.94      0.03
   10 G-C      -0.01     -0.17     -0.18      3.30    -13.99     -0.61
          ~~~~~~~~~~~~~~~~~~~~~~~~~~~~~~~~~~~~~~~~~~~~~~~~~~~~~~~~~~~~
      ave.      0.01     -0.14      0.13      0.39     -9.27     -1.65
      s.d.      0.17      0.03      0.31      6.66      3.55      2.00
****************************************************************************
CEHS base-pair step parameters
    step       Shift     Slide      Rise      Tilt      Roll     Twist
   1 CC/GG      0.03      0.49      3.12      6.94      6.50     36.44
   2 CG/CG      0.46      1.18      3.41      0.48      5.40     35.60
   3 GG/CC     -0.78      0.75      3.43     -2.75      1.85     36.70
   4 GC/GC      0.69      0.12      3.62      2.11     -1.38     36.58
   5 CG/CG     -0.04      0.78      3.03     -1.07      8.06     28.33
   6 GC/GC     -0.62      0.09      3.82     -1.56     -3.73     37.71
   7 CC/GG      0.71      0.51      3.45      3.59      5.06     42.62
   8 CG/CG      0.46      1.12      3.23      4.48      7.06     23.27
   9 GG/CC     -0.22      1.80      3.36     -2.89      2.19     44.09
          ~~~~~~~~~~~~~~~~~~~~~~~~~~~~~~~~~~~~~~~~~~~~~~~~~~~~~~~~~~~~
      ave.      0.08      0.76      3.38      1.04      3.44     35.70
      s.d.      0.55      0.55      0.24      3.46      4.01      6.46
****************************************************************************
CompDNA base-pair parameters
     bp        Shear    Stretch   Stagger    Buckle  Propeller  Opening
    1 C-G       0.24     -0.18      0.39     -2.82     -8.75     -2.84
    2 C-G      -0.11     -0.10     -0.39      5.21     -7.85      1.33
    3 G-C      -0.00     -0.11     -0.01      3.13     -7.02     -0.84
    4 G-C      -0.28     -0.12      0.17      6.30     -8.26      0.35
    5 C-G       0.05     -0.12      0.20     -7.03    -11.70     -2.13
    6 G-C      -0.13     -0.13      0.36      8.86     -5.32     -2.97
    7 C-G       0.01     -0.15      0.64     -8.12    -16.12     -4.60
    8 C-G       0.30     -0.18      0.24     -9.39     -5.73     -4.28
    9 G-C       0.01     -0.12     -0.12      4.50     -7.94      0.04
   10 G-C      -0.01     -0.17     -0.18      3.28    -13.99     -0.62
          ~~~~~~~~~~~~~~~~~~~~~~~~~~~~~~~~~~~~~~~~~~~~~~~~~~~~~~~~~~~~
      ave.      0.01     -0.14      0.13      0.39     -9.27     -1.65
      s.d.      0.17      0.03      0.31      6.63      3.55      2.01
****************************************************************************
CompDNA base-pair step parameters
    step       Shift     Slide      Rise      Tilt      Roll     Twist
   1 CC/GG      0.03      0.49      3.12      7.06      6.48     36.46
   2 CG/CG      0.46      1.18      3.41      0.40      5.38     35.56
   3 GG/CC     -0.78      0.75      3.43     -2.72      1.85     36.71
   4 GC/GC      0.69      0.12      3.62      1.98     -1.38     36.58
   5 CG/CG     -0.04      0.78      3.03     -1.02      7.93     28.28
   6 GC/GC     -0.62      0.08      3.82     -1.81     -3.72     37.69
   7 CC/GG      0.70      0.50      3.45      3.73      4.91     42.63
   8 CG/CG      0.46      1.12      3.23      4.55      6.96     23.25
   9 GG/CC     -0.22      1.80      3.36     -2.92      2.17     44.09
          ~~~~~~~~~~~~~~~~~~~~~~~~~~~~~~~~~~~~~~~~~~~~~~~~~~~~~~~~~~~~
      ave.      0.08      0.76      3.38      1.03      3.40     35.69
      s.d.      0.55      0.55      0.24      3.52      3.97      6.47
****************************************************************************
Curves base-pair parameters (by Xiang-Jun Lu)
     bp        Shear    Stretch   Stagger    Buckle  Propeller  Opening
    1 C-G       0.24     -0.18      0.39     -2.84     -8.75     -2.85
    2 C-G      -0.11     -0.10     -0.39      5.25     -7.83      1.33
    3 G-C      -0.00     -0.11     -0.01      3.14     -7.01     -0.84
    4 G-C      -0.28     -0.13      0.17      6.35     -8.23      0.36
    5 C-G       0.05     -0.12      0.20     -7.14    -11.65     -2.13
    6 G-C      -0.13     -0.13      0.36      8.89     -5.29     -2.96
    7 C-G       0.01     -0.15      0.65     -8.36    -16.03     -4.63
    8 C-G       0.30     -0.18      0.24     -9.43     -5.69     -4.27
    9 G-C       0.01     -0.12     -0.12      4.53     -7.93      0.04
   10 G-C      -0.01     -0.17     -0.18      3.35    -13.98     -0.62
          ~~~~~~~~~~~~~~~~~~~~~~~~~~~~~~~~~~~~~~~~~~~~~~~~~~~~~~~~~~~~
      ave.      0.01     -0.14      0.13      0.37     -9.24     -1.66
      s.d.      0.17      0.03      0.31      6.71      3.54      2.02
****************************************************************************
Curves base-pair step parameters
    step       Shift     Slide      Rise      Tilt      Roll     Twist
   1 CC/GG      0.03      0.49      3.13      7.09      6.46     36.16
   2 CG/CG      0.46      1.18      3.41      0.39      5.38     35.68
   3 GG/CC     -0.78      0.75      3.43     -2.72      1.84     36.57
   4 GC/GC      0.69      0.12      3.62      1.98     -1.38     37.16
   5 CG/CG     -0.04      0.78      3.04     -1.02      7.93     27.77
   6 GC/GC     -0.62      0.08      3.82     -1.82     -3.72     38.48
   7 CC/GG      0.70      0.49      3.45      3.78      4.88     42.30
   8 CG/CG      0.46      1.12      3.24      4.58      6.95     22.88
   9 GG/CC     -0.22      1.80      3.36     -2.93      2.16     44.04
          ~~~~~~~~~~~~~~~~~~~~~~~~~~~~~~~~~~~~~~~~~~~~~~~~~~~~~~~~~~~~
      ave.      0.08      0.75      3.39      1.04      3.39     35.67
      s.d.      0.55      0.55      0.24      3.54      3.97      6.62
****************************************************************************
FreeHelix base-pair parameters (by Xiang-Jun Lu)
     bp        Shear    Stretch   Stagger    Buckle  Propeller  Opening
    1 C-G       0.24     -0.18      0.39     -2.82     -8.75     -2.84
    2 C-G      -0.11     -0.10     -0.39      5.22     -7.86      1.33
    3 G-C      -0.00     -0.11     -0.01      3.13     -7.02     -0.84
    4 G-C      -0.28     -0.12      0.17      6.31     -8.27      0.35
    5 C-G       0.05     -0.12      0.20     -7.07    -11.72     -2.13
    6 G-C      -0.13     -0.13      0.36      8.87     -5.33     -2.97
    7 C-G       0.01     -0.15      0.64     -8.20    -16.16     -4.60
    8 C-G       0.30     -0.18      0.24     -9.40     -5.75     -4.28
    9 G-C       0.01     -0.12     -0.12      4.51     -7.94      0.04
   10 G-C      -0.01     -0.17     -0.18      3.30    -14.00     -0.62
          ~~~~~~~~~~~~~~~~~~~~~~~~~~~~~~~~~~~~~~~~~~~~~~~~~~~~~~~~~~~~
      ave.      0.01     -0.14      0.13      0.39     -9.28     -1.65
      s.d.      0.17      0.03      0.31      6.66      3.56      2.01
****************************************************************************
FreeHelix base-pair step parameters
    step       Shift     Slide      Rise      Tilt      Roll     Twist
   1 CC/GG      0.03      0.49      3.12      7.07      6.49     36.46
   2 CG/CG      0.46      1.18      3.41      0.40      5.38     35.56
   3 GG/CC     -0.78      0.75      3.43     -2.72      1.85     36.71
   4 GC/GC      0.69      0.12      3.62      1.98     -1.38     36.58
   5 CG/CG     -0.04      0.78      3.03     -1.03      7.93     28.28
   6 GC/GC     -0.62      0.08      3.82     -1.81     -3.72     37.68
   7 CC/GG      0.70      0.50      3.45      3.74      4.91     42.63
   8 CG/CG      0.46      1.12      3.23      4.56      6.97     23.25
   9 GG/CC     -0.22      1.80      3.36     -2.92      2.17     44.09
          ~~~~~~~~~~~~~~~~~~~~~~~~~~~~~~~~~~~~~~~~~~~~~~~~~~~~~~~~~~~~
      ave.      0.08      0.76      3.38      1.03      3.40     35.69
      s.d.      0.55      0.55      0.24      3.53      3.98      6.47
****************************************************************************
NGEOM base-pair parameters
     bp        Shear    Stretch   Stagger    Buckle  Propeller  Opening
    1 C-G       0.24     -0.18      0.39     -2.83     -8.75     -2.85
    2 C-G      -0.11     -0.10     -0.39      5.23     -7.84      1.33
    3 G-C      -0.00     -0.11     -0.01      3.13     -7.01     -0.84
    4 G-C      -0.28     -0.12      0.17      6.32     -8.25      0.36
    5 C-G       0.05     -0.12      0.20     -7.08    -11.68     -2.13
    6 G-C      -0.13     -0.13      0.36      8.88     -5.31     -2.96
    7 C-G       0.01     -0.15      0.64     -8.23    -16.09     -4.63
    8 C-G       0.30     -0.18      0.24     -9.41     -5.72     -4.27
    9 G-C       0.01     -0.12     -0.12      4.51     -7.93      0.04
   10 G-C      -0.01     -0.17     -0.18      3.31    -13.99     -0.62
          ~~~~~~~~~~~~~~~~~~~~~~~~~~~~~~~~~~~~~~~~~~~~~~~~~~~~~~~~~~~~
      ave.      0.01     -0.14      0.13      0.38     -9.26     -1.66
      s.d.      0.17      0.03      0.31      6.67      3.55      2.02
****************************************************************************
NGEOM base-pair step parameters
    step       Shift     Slide      Rise      Tilt      Roll     Twist
   1 CC/GG      0.06      0.51      3.12      7.07      6.48     36.31
   2 CG/CG      0.46      1.21      3.40      0.40      5.38     35.64
   3 GG/CC     -0.79      0.76      3.42     -2.72      1.85     36.64
   4 GC/GC      0.70      0.11      3.62      1.98     -1.38     36.87
   5 CG/CG     -0.04      0.80      3.02     -1.02      7.93     28.06
   6 GC/GC     -0.63      0.06      3.82     -1.82     -3.72     38.09
   7 CC/GG      0.72      0.52      3.44      3.75      4.90     42.47
   8 CG/CG      0.47      1.14      3.22      4.57      6.96     23.08
   9 GG/CC     -0.24      1.81      3.35     -2.92      2.17     44.06
          ~~~~~~~~~~~~~~~~~~~~~~~~~~~~~~~~~~~~~~~~~~~~~~~~~~~~~~~~~~~~
      ave.      0.08      0.77      3.38      1.03      3.39     35.69
      s.d.      0.56      0.56      0.24      3.53      3.97      6.54
****************************************************************************
NUPARM base-pair parameters
     bp        Shear    Stretch   Stagger    Buckle  Propeller  Opening
    1 C-G       0.24     -0.18      0.39     -2.82     -8.75     -2.84
    2 C-G      -0.11     -0.10     -0.39      5.22     -7.84      1.33
    3 G-C      -0.00     -0.11     -0.01      3.13     -7.01     -0.84
    4 G-C      -0.28     -0.12      0.17      6.31     -8.25      0.35
    5 C-G       0.05     -0.12      0.20     -7.07    -11.68     -2.12
    6 G-C      -0.13     -0.13      0.36      8.88     -5.30     -2.95
    7 C-G       0.02     -0.15      0.65     -8.21    -16.09     -4.58
    8 C-G       0.30     -0.18      0.24     -9.41     -5.72     -4.25
    9 G-C       0.01     -0.12     -0.12      4.51     -7.93      0.03
   10 G-C      -0.01     -0.17     -0.18      3.30    -13.99     -0.61
          ~~~~~~~~~~~~~~~~~~~~~~~~~~~~~~~~~~~~~~~~~~~~~~~~~~~~~~~~~~~~
      ave.      0.01     -0.14      0.13      0.38     -9.26     -1.65
      s.d.      0.17      0.03      0.31      6.66      3.55      2.00
****************************************************************************
NUPARM base-pair step parameters
    step       Shift     Slide      Rise      Tilt      Roll     Twist
   1 CC/GG      0.09      0.55      3.11      7.30      6.84     36.31
   2 CG/CG      0.47      1.23      3.39      0.50      5.69     35.56
   3 GG/CC     -0.81      0.77      3.42     -2.90      1.93     36.69
   4 GC/GC      0.71      0.11      3.62      2.23     -1.48     36.57
   5 CG/CG     -0.05      0.83      3.01     -1.11      8.40     28.26
   6 GC/GC     -0.64      0.05      3.82     -1.64     -4.07     37.69
   7 CC/GG      0.76      0.57      3.43      3.92      5.40     42.55
   8 CG/CG      0.49      1.16      3.21      4.58      7.29     23.20
   9 GG/CC     -0.26      1.82      3.35     -3.12      2.36     44.06
          ~~~~~~~~~~~~~~~~~~~~~~~~~~~~~~~~~~~~~~~~~~~~~~~~~~~~~~~~~~~~
      ave.      0.09      0.79      3.37      1.09      3.59     35.65
      s.d.      0.57      0.56      0.25      3.65      4.24      6.47
****************************************************************************
NUPARM base-pair helical parameters
    step       X-disp    Y-disp   h-Rise     Incl.       Tip   h-Twist
   1 CC/GG     -0.06      0.85      3.12     10.19    -10.82     37.63
   2 CG/CG      1.10     -0.68      3.55      8.78     -0.75     36.00
   3 GG/CC      0.92      0.84      3.50      2.92      4.37     36.85
   4 GC/GC      0.40     -0.78      3.65     -2.20     -3.37     36.66
   5 CG/CG     -0.18     -0.14      3.13     16.52      2.09     29.52
   6 GC/GC      0.71      0.73      3.82     -5.83      2.41     37.93
   7 CC/GG      0.16     -0.59      3.53      6.96     -5.04     43.05
   8 CG/CG      0.33      0.38      3.44     17.19    -10.54     24.77
   9 GG/CC      2.18      0.01      3.45      2.92      3.85     44.23
          ~~~~~~~~~~~~~~~~~~~~~~~~~~~~~~~~~~~~~~~~~~~~~~~~~~~~~~~~~~~~
      ave.      0.62      0.07      3.46      6.38     -1.98     36.29
      s.d.      0.73      0.66      0.22      7.80      5.85      6.04
****************************************************************************
RNA base-pair parameters
     bp        Shear    Stretch   Stagger    Buckle  Propeller  Opening
    1 C-G       0.24     -0.18      0.39     -2.83     -8.75     -2.84
    2 C-G      -0.12     -0.10     -0.39      5.23     -7.85      1.33
    3 G-C      -0.01     -0.11     -0.01      3.13     -7.01     -0.84
    4 G-C      -0.29     -0.13      0.17      6.32     -8.25      0.35
    5 C-G       0.07     -0.13      0.20     -7.08    -11.68     -2.12
    6 G-C      -0.13     -0.14      0.36      8.88     -5.31     -2.95
    7 C-G       0.03     -0.16      0.65     -8.23    -16.09     -4.59
    8 C-G       0.30     -0.19      0.24     -9.41     -5.72     -4.25
    9 G-C       0.01     -0.13     -0.12      4.51     -7.93      0.03
   10 G-C      -0.02     -0.18     -0.18      3.31    -13.99     -0.62
          ~~~~~~~~~~~~~~~~~~~~~~~~~~~~~~~~~~~~~~~~~~~~~~~~~~~~~~~~~~~~
      ave.      0.01     -0.14      0.13      0.38     -9.26     -1.65
      s.d.      0.17      0.03      0.31      6.67      3.55      2.01
****************************************************************************
RNA base-pair step parameters
    step       Shift     Slide      Rise      Tilt      Roll     Twist
   1 CC/GG      0.00      0.52      3.24      7.13      6.60     36.22
   2 CG/CG      0.50      1.20      3.36      0.44      5.49     35.61
   3 GG/CC     -0.81      0.76      3.47     -2.78      1.87     36.63
   4 GC/GC      0.74      0.12      3.41      2.08     -1.42     36.86
   5 CG/CG     -0.03      0.83      3.27     -1.06      8.12     28.00
   6 GC/GC     -0.60      0.11      3.55     -1.72     -3.86     38.08
   7 CC/GG      0.71      0.59      3.41      3.80      5.09     42.41
   8 CG/CG      0.40      1.16      3.43      4.56      7.10     23.03
   9 GG/CC     -0.23      1.82      3.33     -2.98      2.23     44.05
          ~~~~~~~~~~~~~~~~~~~~~~~~~~~~~~~~~~~~~~~~~~~~~~~~~~~~~~~~~~~~
      ave.      0.08      0.79      3.39      1.05      3.47     35.66
      s.d.      0.56      0.55      0.10      3.56      4.08      6.54
****************************************************************************
RNA base-pair helical parameters
    step       X-disp    Y-disp   h-Rise     Incl.       Tip   h-Twist
   1 CC/GG     -0.09      0.97      3.22     10.20    -11.02     37.50
   2 CG/CG      1.09     -0.74      3.51      8.76     -0.71     36.04
   3 GG/CC      0.92      0.86      3.56      2.92      4.34     36.78
   4 GC/GC      0.40     -0.86      3.44     -2.20     -3.23     36.95
   5 CG/CG     -0.23     -0.18      3.37     16.16      2.10     29.18
   6 GC/GC      0.71      0.68      3.55     -5.78      2.57     38.32
   7 CC/GG      0.24     -0.55      3.51      6.82     -5.09     42.89
   8 CG/CG      0.25      0.64      3.63     16.93    -10.88     24.53
   9 GG/CC      2.19     -0.00      3.43      2.90      3.87     44.21
          ~~~~~~~~~~~~~~~~~~~~~~~~~~~~~~~~~~~~~~~~~~~~~~~~~~~~~~~~~~~~
      ave.      0.61      0.09      3.47      6.30     -2.00     36.26
      s.d.      0.74      0.72      0.12      7.69      5.97      6.14
****************************************************************************
Strand I base step parameters
    step       Shift     Slide      Rise      Tilt      Roll     Twist
   1  C/C      -1.05      0.60      3.13     13.66      7.51     37.51
   2  C/G      -0.29      1.31      3.55      1.71      7.16     34.23
   3  G/G      -1.82      0.85      3.57      1.21      2.80     37.18
   4  G/C       0.14      0.08      3.49     -1.23     -3.19     35.58
   5  C/G      -0.75      0.81      3.37      8.59     11.55     27.28
   6  G/C      -1.28      0.08      3.80     -6.20     -9.08     37.72
   7  C/C      -0.09      0.33      3.38      7.06      6.97     42.56
   8  C/G      -0.27      1.14      3.42     12.73      5.68     24.82
   9  G/G      -1.23      1.91      3.28      0.65      0.85     43.78
          ~~~~~~~~~~~~~~~~~~~~~~~~~~~~~~~~~~~~~~~~~~~~~~~~~~~~~~~~~~~~
      ave.     -0.74      0.79      3.44      4.24      3.36     35.63
      s.d.      0.65      0.60      0.19      6.66      6.34      6.26
****************************************************************************
Strand I base helical parameters
    step       X-disp    Y-disp   h-Rise     Incl.       Tip   h-Twist
   1  C/C       0.06      1.16      2.65     10.87    -19.77     40.62
   2  C/G       0.93     -1.03      3.73     11.80     -2.81     35.01
   3  G/G       0.91      1.21      3.57      4.30     -1.86     37.30
   4  G/C       0.63     -2.23      3.46     -5.12      1.97     35.74
   5  C/G      -0.89      1.39      3.07     22.32    -16.59     30.84
   6  G/C       1.45     -0.82      3.83    -13.42      9.17     39.29
   7  C/C      -0.29     -0.96      3.33      9.21     -9.33     43.70
   8  C/G       0.92      1.90      3.09     11.94    -26.78     28.47
   9  G/G       2.48     -0.09      3.30      1.12     -0.85     43.79
          ~~~~~~~~~~~~~~~~~~~~~~~~~~~~~~~~~~~~~~~~~~~~~~~~~~~~~~~~~~~~
      ave.      0.69      0.06      3.34      5.89     -7.43     37.20
      s.d.      0.99      1.41      0.37     10.59     11.59      5.31
****************************************************************************
Strand II base step parameters
    step       Shift     Slide      Rise      Tilt      Roll     Twist
   1  G/G       1.02      0.42      3.51      0.70      5.75     34.46
   2  G/C       1.32      1.11      3.29     -0.91      3.77     36.85
   3  C/C       0.20      0.67      3.51     -6.73      0.98     35.78
   4  C/G       1.34      0.15      3.48      5.27      0.33     38.45
   5  G/C       0.69      0.80      3.27    -10.81      4.92     28.05
   6  C/G       0.10      0.08      3.49      2.88      1.20     38.95
   7  G/G       1.49      0.80      3.61      0.50      3.31     42.10
   8  G/C       1.07      1.15      3.53     -3.46      8.64     20.76
   9  C/C       0.75      1.70      3.61     -6.62      3.62     44.02
          ~~~~~~~~~~~~~~~~~~~~~~~~~~~~~~~~~~~~~~~~~~~~~~~~~~~~~~~~~~~~
      ave.      0.89      0.76      3.48     -2.13      3.61     35.49
      s.d.      0.50      0.52      0.12      5.18      2.63      7.18
****************************************************************************
Strand II base helical parameters
    step       X-disp    Y-disp   h-Rise     Incl.       Tip   h-Twist
   1  G/G      -0.27      0.22      3.55      9.47     -1.16     34.95
   2  G/C       1.22     -0.39      3.36      5.84      1.41     37.05
   3  C/C       0.92      0.45      3.43      1.56     10.65     36.42
   4  C/G       0.18      0.51      3.63      0.49     -7.80     38.81
   5  G/C       0.54     -1.68      2.90      9.50     20.88     30.46
   6  C/G      -0.04      2.04      3.49      1.76     -4.22     39.07
   7  G/G       0.71     -0.20      3.68      4.49     -0.68     42.24
   8  G/C      -0.63     -2.32      3.49     22.42      8.99     22.75
   9  C/C       1.86      0.11      3.58      4.66      8.53     44.66
          ~~~~~~~~~~~~~~~~~~~~~~~~~~~~~~~~~~~~~~~~~~~~~~~~~~~~~~~~~~~~
      ave.      0.50     -0.14      3.46      6.69      4.07     36.27
      s.d.      0.78      1.27      0.23      6.73      8.92      6.51
